EXPORTED CROSS SECTION DATA
433 4 4
x coordinate
Potential
Impact Gen Rate
Hole Conc
0.0000000000e+00 -4.4545307088e-01 0.0000000000e+00 1.8916843013e+00 
1.9810000000e-02 -4.4417965203e-01 0.0000000000e+00 1.7754063960e+01 
3.7580000000e-02 -4.4306008920e-01 0.0000000000e+00 1.8019529355e+01 
5.3500000000e-02 -4.4207233478e-01 0.0000000000e+00 1.8162263911e+01 
6.7780000000e-02 -4.4119850518e-01 0.0000000000e+00 1.8255738894e+01 
8.0580000000e-02 -4.4042381501e-01 0.0000000000e+00 1.8322832596e+01 
9.2060000000e-02 -4.3973584764e-01 0.0000000000e+00 1.8373650424e+01 
1.0235000000e-01 -4.3912405034e-01 0.0000000000e+00 1.8413529638e+01 
1.1157000000e-01 -4.3857937085e-01 0.0000000000e+00 1.8445620965e+01 
1.1984000000e-01 -4.3809398695e-01 0.0000000000e+00 1.8471932509e+01 
1.2726000000e-01 -4.3766109969e-01 0.0000000000e+00 1.8493818171e+01 
1.3391000000e-01 -4.3727477150e-01 0.0000000000e+00 1.8512230994e+01 
1.3987000000e-01 -4.3692979695e-01 0.0000000000e+00 1.8527865159e+01 
1.4521000000e-01 -4.3662159792e-01 0.0000000000e+00 1.8541240501e+01 
1.5000000000e-01 -4.3634613724e-01 0.0000000000e+00 1.8552755333e+01 
1.5499000000e-01 -4.3606033357e-01 0.0000000000e+00 1.8564291739e+01 
1.5992000000e-01 -4.3577823583e-01 0.0000000000e+00 1.8575292944e+01 
1.6481000000e-01 -4.3549977434e-01 0.0000000000e+00 1.8585798633e+01 
1.6964000000e-01 -4.3522488171e-01 0.0000000000e+00 1.8595844385e+01 
1.7443000000e-01 -4.3495349275e-01 0.0000000000e+00 1.8605462222e+01 
1.7917000000e-01 -4.3468554433e-01 0.0000000000e+00 1.8614681051e+01 
1.8386000000e-01 -4.3442097528e-01 0.0000000000e+00 1.8623527065e+01 
1.8851000000e-01 -4.3415972629e-01 0.0000000000e+00 1.8632024055e+01 
1.9310000000e-01 -4.3390173982e-01 0.0000000000e+00 1.8640193702e+01 
1.9766000000e-01 -4.3364696002e-01 0.0000000000e+00 1.8648055804e+01 
2.0216000000e-01 -4.3339533263e-01 0.0000000000e+00 1.8655628498e+01 
2.0662000000e-01 -4.3314680493e-01 0.0000000000e+00 1.8662928428e+01 
2.1104000000e-01 -4.3290132564e-01 0.0000000000e+00 1.8669970907e+01 
2.1541000000e-01 -4.3265884490e-01 0.0000000000e+00 1.8676770052e+01 
2.1974000000e-01 -4.3241931417e-01 0.0000000000e+00 1.8683338904e+01 
2.2402000000e-01 -4.3218268616e-01 0.0000000000e+00 1.8689689530e+01 
2.2826000000e-01 -4.3194891484e-01 0.0000000000e+00 1.8695833120e+01 
2.3246000000e-01 -4.3171795531e-01 0.0000000000e+00 1.8701780067e+01 
2.3661000000e-01 -4.3148976383e-01 0.0000000000e+00 1.8707540037e+01 
2.4073000000e-01 -4.3126429769e-01 0.0000000000e+00 1.8713122040e+01 
2.4480000000e-01 -4.3104151524e-01 0.0000000000e+00 1.8718534480e+01 
2.4883000000e-01 -4.3082137583e-01 0.0000000000e+00 1.8723785213e+01 
2.5282000000e-01 -4.3060383973e-01 0.0000000000e+00 1.8728881588e+01 
2.5677000000e-01 -4.3038886815e-01 0.0000000000e+00 1.8733830495e+01 
2.6068000000e-01 -4.3017642319e-01 0.0000000000e+00 1.8738638394e+01 
2.6455000000e-01 -4.2996646778e-01 0.0000000000e+00 1.8743311354e+01 
2.6838000000e-01 -4.2975896568e-01 0.0000000000e+00 1.8747855086e+01 
2.7218000000e-01 -4.2955388144e-01 0.0000000000e+00 1.8752274961e+01 
2.7593000000e-01 -4.2935118038e-01 0.0000000000e+00 1.8756576044e+01 
2.7965000000e-01 -4.2915082854e-01 0.0000000000e+00 1.8760763116e+01 
2.8333000000e-01 -4.2895279269e-01 0.0000000000e+00 1.8764840690e+01 
2.8697000000e-01 -4.2875704027e-01 0.0000000000e+00 1.8768813032e+01 
2.9058000000e-01 -4.2856353941e-01 0.0000000000e+00 1.8772684179e+01 
2.9415000000e-01 -4.2837225885e-01 0.0000000000e+00 1.8776457955e+01 
2.9768000000e-01 -4.2818316799e-01 0.0000000000e+00 1.8780137984e+01 
3.0118000000e-01 -4.2799623681e-01 0.0000000000e+00 1.8783727705e+01 
3.0465000000e-01 -4.2781143588e-01 0.0000000000e+00 1.8787230383e+01 
3.0808000000e-01 -4.2762873634e-01 0.0000000000e+00 1.8790649121e+01 
3.1147000000e-01 -4.2744810987e-01 0.0000000000e+00 1.8793986868e+01 
3.1483000000e-01 -4.2726952869e-01 0.0000000000e+00 1.8797246434e+01 
3.1816000000e-01 -4.2709296555e-01 0.0000000000e+00 1.8800430491e+01 
3.2145000000e-01 -4.2691839368e-01 0.0000000000e+00 1.8803541589e+01 
3.2471000000e-01 -4.2674578682e-01 0.0000000000e+00 1.8806582157e+01 
3.2793000000e-01 -4.2657511917e-01 0.0000000000e+00 1.8809554516e+01 
3.3113000000e-01 -4.2640636539e-01 0.0000000000e+00 1.8812460879e+01 
3.3429000000e-01 -4.2623950059e-01 0.0000000000e+00 1.8815303365e+01 
3.3742000000e-01 -4.2607450034e-01 0.0000000000e+00 1.8818083995e+01 
3.4052000000e-01 -4.2591134060e-01 0.0000000000e+00 1.8820804706e+01 
3.4359000000e-01 -4.2574999776e-01 0.0000000000e+00 1.8823467351e+01 
3.4662000000e-01 -4.2559044861e-01 0.0000000000e+00 1.8826073704e+01 
3.4963000000e-01 -4.2543267034e-01 0.0000000000e+00 1.8828625465e+01 
3.5261000000e-01 -4.2527664051e-01 0.0000000000e+00 1.8831124267e+01 
3.5555000000e-01 -4.2512233707e-01 0.0000000000e+00 1.8833571670e+01 
3.5847000000e-01 -4.2496973831e-01 0.0000000000e+00 1.8835969179e+01 
3.6135000000e-01 -4.2481882289e-01 0.0000000000e+00 1.8838318232e+01 
3.6421000000e-01 -4.2466956981e-01 0.0000000000e+00 1.8840620216e+01 
3.6704000000e-01 -4.2452195841e-01 0.0000000000e+00 1.8842876461e+01 
3.6984000000e-01 -4.2437596837e-01 0.0000000000e+00 1.8845088247e+01 
3.7261000000e-01 -4.2423157966e-01 0.0000000000e+00 1.8847256804e+01 
3.7536000000e-01 -4.2408877259e-01 0.0000000000e+00 1.8849383318e+01 
3.7807000000e-01 -4.2394752778e-01 0.0000000000e+00 1.8851468929e+01 
3.8076000000e-01 -4.2380782612e-01 0.0000000000e+00 1.8853514736e+01 
3.8343000000e-01 -4.2366964884e-01 0.0000000000e+00 1.8855521797e+01 
3.8606000000e-01 -4.2353297740e-01 0.0000000000e+00 1.8857491134e+01 
3.8867000000e-01 -4.2339779359e-01 0.0000000000e+00 1.8859423731e+01 
3.9125000000e-01 -4.2326407944e-01 0.0000000000e+00 1.8861320537e+01 
3.9381000000e-01 -4.2313181725e-01 0.0000000000e+00 1.8863182468e+01 
3.9634000000e-01 -4.2300098960e-01 0.0000000000e+00 1.8865010411e+01 
3.9885000000e-01 -4.2287157931e-01 0.0000000000e+00 1.8866805218e+01 
4.0133000000e-01 -4.2274356945e-01 0.0000000000e+00 1.8868567716e+01 
4.0378000000e-01 -4.2261694334e-01 0.0000000000e+00 1.8870298703e+01 
4.0621000000e-01 -4.2249168452e-01 0.0000000000e+00 1.8871998951e+01 
4.0862000000e-01 -4.2236777678e-01 0.0000000000e+00 1.8873669206e+01 
4.1100000000e-01 -4.2224520413e-01 0.0000000000e+00 1.8875310189e+01 
4.1336000000e-01 -4.2212395080e-01 0.0000000000e+00 1.8876922600e+01 
4.1569000000e-01 -4.2200400123e-01 0.0000000000e+00 1.8878507115e+01 
4.1800000000e-01 -4.2188534007e-01 0.0000000000e+00 1.8880064391e+01 
4.2029000000e-01 -4.2176795218e-01 0.0000000000e+00 1.8881595062e+01 
4.2256000000e-01 -4.2165182260e-01 0.0000000000e+00 1.8883099745e+01 
4.2480000000e-01 -4.2153693659e-01 0.0000000000e+00 1.8884579039e+01 
4.2702000000e-01 -4.2142327961e-01 0.0000000000e+00 1.8886033527e+01 
4.2921000000e-01 -4.2131083737e-01 0.0000000000e+00 1.8887463779e+01 
4.3139000000e-01 -4.2119959589e-01 0.0000000000e+00 1.8888870354e+01 
4.3354000000e-01 -4.2108954163e-01 0.0000000000e+00 1.8890253810e+01 
4.3567000000e-01 -4.2098066182e-01 0.0000000000e+00 1.8891614712e+01 
4.3778000000e-01 -4.2087294511e-01 0.0000000000e+00 1.8892953658e+01 
4.3987000000e-01 -4.2076638489e-01 0.0000000000e+00 1.8894271338e+01 
4.4194000000e-01 -4.2066101670e-01 0.0000000000e+00 1.8895569055e+01 
4.4398000000e-01 -4.2055747195e-01 0.0000000000e+00 1.8896856072e+01 
4.4601000000e-01 -4.2046533618e-01 0.0000000000e+00 1.8898259866e+01 
4.4801000000e-01 -4.2052761198e-01 0.0000000000e+00 1.8901673082e+01 
4.5000000000e-01 -4.2284253930e-01 0.0000000000e+00 1.8934611948e+01 
4.5199000000e-01 -4.5774734049e-01 0.0000000000e+00 1.8605015489e+01 
4.5410000000e-01 -4.6584984287e-01 0.0000000000e+00 1.8724630809e+01 
4.5633000000e-01 -4.6759130680e-01 0.0000000000e+00 1.8750304380e+01 
4.5869000000e-01 -4.6786688878e-01 0.0000000000e+00 1.8755013658e+01 
4.6118000000e-01 -4.6782113030e-01 0.0000000000e+00 1.8755203739e+01 
4.6382000000e-01 -4.6770488868e-01 0.0000000000e+00 1.8754452542e+01 
4.6660000000e-01 -4.6756916796e-01 0.0000000000e+00 1.8753478263e+01 
4.6954000000e-01 -4.6742323956e-01 0.0000000000e+00 1.8752414237e+01 
4.7265000000e-01 -4.6726829703e-01 0.0000000000e+00 1.8751280799e+01 
4.7594000000e-01 -4.6710406619e-01 0.0000000000e+00 1.8750077891e+01 
4.7942000000e-01 -4.6693000016e-01 0.0000000000e+00 1.8748801817e+01 
4.8310000000e-01 -4.6674547654e-01 0.0000000000e+00 1.8747448042e+01 
4.8698000000e-01 -4.6654982499e-01 0.0000000000e+00 1.8746011601e+01 
4.9109000000e-01 -4.6634232803e-01 0.0000000000e+00 1.8744487151e+01 
4.9543000000e-01 -4.6612221759e-01 0.0000000000e+00 1.8742868950e+01 
5.0003000000e-01 -4.6588867074e-01 0.0000000000e+00 1.8741150827e+01 
5.0488000000e-01 -4.6564080478e-01 0.0000000000e+00 1.8739326146e+01 
5.1001000000e-01 -4.6537767199e-01 0.0000000000e+00 1.8737387765e+01 
5.1543000000e-01 -4.6509825373e-01 0.0000000000e+00 1.8735327990e+01 
5.2117000000e-01 -4.6480145397e-01 0.0000000000e+00 1.8733138526e+01 
5.2723000000e-01 -4.6448609200e-01 0.0000000000e+00 1.8730810417e+01 
5.3364000000e-01 -4.6415089442e-01 0.0000000000e+00 1.8728333980e+01 
5.4041000000e-01 -4.6379448604e-01 0.0000000000e+00 1.8725698740e+01 
5.4757000000e-01 -4.6341537976e-01 0.0000000000e+00 1.8722893339e+01 
5.5514000000e-01 -4.6301196507e-01 0.0000000000e+00 1.8719905452e+01 
5.6315000000e-01 -4.6258249516e-01 0.0000000000e+00 1.8716721674e+01 
5.7161000000e-01 -4.6212507219e-01 0.0000000000e+00 1.8713327410e+01 
5.8055000000e-01 -4.6163763059e-01 0.0000000000e+00 1.8709706735e+01 
5.9000000000e-01 -4.6111791792e-01 0.0000000000e+00 1.8705842237e+01 
6.0000000000e-01 -4.6056347301e-01 0.0000000000e+00 1.8701714845e+01 
6.0997000000e-01 -4.6000515024e-01 0.0000000000e+00 1.8697553791e+01 
6.1892000000e-01 -4.5949952417e-01 0.0000000000e+00 1.8693781347e+01 
6.2695000000e-01 -4.5904200822e-01 0.0000000000e+00 1.8690364498e+01 
6.3415000000e-01 -4.5862834523e-01 0.0000000000e+00 1.8687272436e+01 
6.4062000000e-01 -4.5825459652e-01 0.0000000000e+00 1.8684476523e+01 
6.4643000000e-01 -4.5791712870e-01 0.0000000000e+00 1.8681950233e+01 
6.5163000000e-01 -4.5761259902e-01 0.0000000000e+00 1.8679669071e+01 
6.5631000000e-01 -4.5733793948e-01 0.0000000000e+00 1.8677610488e+01 
6.6050000000e-01 -4.5709034053e-01 0.0000000000e+00 1.8675753779e+01 
6.6427000000e-01 -4.5686723436e-01 0.0000000000e+00 1.8674079969e+01 
6.6765000000e-01 -4.5666627835e-01 0.0000000000e+00 1.8672571717e+01 
6.7068000000e-01 -4.5648533881e-01 0.0000000000e+00 1.8671213194e+01 
6.7340000000e-01 -4.5632247523e-01 0.0000000000e+00 1.8669989983e+01 
6.7584000000e-01 -4.5617592509e-01 0.0000000000e+00 1.8668888969e+01 
6.7803000000e-01 -4.5604408952e-01 0.0000000000e+00 1.8667898239e+01 
6.8000000000e-01 -4.5592551961e-01 0.0000000000e+00 1.8667006985e+01 
6.8198000000e-01 -4.5580574187e-01 0.0000000000e+00 1.8666106446e+01 
6.8386000000e-01 -4.5569203928e-01 0.0000000000e+00 1.8665251392e+01 
6.8564000000e-01 -4.5558411469e-01 0.0000000000e+00 1.8664439618e+01 
6.8733000000e-01 -4.5548168442e-01 0.0000000000e+00 1.8663669015e+01 
6.8892000000e-01 -4.5538447775e-01 0.0000000000e+00 1.8662937572e+01 
6.9044000000e-01 -4.5529223637e-01 0.0000000000e+00 1.8662243364e+01 
6.9187000000e-01 -4.5520471397e-01 0.0000000000e+00 1.8661584559e+01 
6.9323000000e-01 -4.5512167572e-01 0.0000000000e+00 1.8660959405e+01 
6.9451000000e-01 -4.5504289783e-01 0.0000000000e+00 1.8660366234e+01 
6.9573000000e-01 -4.5496816707e-01 0.0000000000e+00 1.8659803455e+01 
6.9689000000e-01 -4.5489728035e-01 0.0000000000e+00 1.8659269550e+01 
6.9798000000e-01 -4.5483004431e-01 0.0000000000e+00 1.8658763074e+01 
6.9902000000e-01 -4.5476627484e-01 0.0000000000e+00 1.8658282651e+01 
7.0000000000e-01 -4.5470579675e-01 0.0000000000e+00 1.8657826969e+01 
7.0100000000e-01 -4.5464413048e-01 0.0000000000e+00 1.8657362282e+01 
7.0200000000e-01 -4.5458239841e-01 0.0000000000e+00 1.8656897043e+01 
7.0300000000e-01 -4.5452060041e-01 0.0000000000e+00 1.8656431253e+01 
7.0400000000e-01 -4.5445873634e-01 0.0000000000e+00 1.8655964910e+01 
7.0500000000e-01 -4.5439680607e-01 0.0000000000e+00 1.8655498011e+01 
7.0600000000e-01 -4.5433480947e-01 0.0000000000e+00 1.8655030557e+01 
7.0700000000e-01 -4.5427274639e-01 0.0000000000e+00 1.8654562546e+01 
7.0800000000e-01 -4.5421061672e-01 0.0000000000e+00 1.8654093976e+01 
7.0900000000e-01 -4.5414842032e-01 0.0000000000e+00 1.8653624847e+01 
7.1000000000e-01 -4.5408615705e-01 0.0000000000e+00 1.8653155155e+01 
7.1100000000e-01 -4.5402382681e-01 0.0000000000e+00 1.8652684902e+01 
7.1200000000e-01 -4.5396142946e-01 0.0000000000e+00 1.8652214085e+01 
7.1300000000e-01 -4.5389896488e-01 0.0000000000e+00 1.8651742704e+01 
7.1400000000e-01 -4.5383643296e-01 0.0000000000e+00 1.8651270755e+01 
7.1500000000e-01 -4.5377383359e-01 0.0000000000e+00 1.8650798240e+01 
7.1600000000e-01 -4.5371116666e-01 0.0000000000e+00 1.8650325154e+01 
7.1700000000e-01 -4.5364843206e-01 0.0000000000e+00 1.8649851499e+01 
7.1800000000e-01 -4.5358562970e-01 0.0000000000e+00 1.8649377272e+01 
7.1900000000e-01 -4.5352275949e-01 0.0000000000e+00 1.8648902473e+01 
7.2000000000e-01 -4.5345982136e-01 0.0000000000e+00 1.8648427098e+01 
7.2100000000e-01 -4.5339681523e-01 0.0000000000e+00 1.8647951148e+01 
7.2200000000e-01 -4.5333374107e-01 0.0000000000e+00 1.8647474622e+01 
7.2300000000e-01 -4.5327059884e-01 0.0000000000e+00 1.8646997518e+01 
7.2400000000e-01 -4.5320738853e-01 0.0000000000e+00 1.8646519835e+01 
7.2500000000e-01 -4.5314411018e-01 0.0000000000e+00 1.8646041572e+01 
7.2600000000e-01 -4.5308076389e-01 0.0000000000e+00 1.8645562729e+01 
7.2700000000e-01 -4.5301734984e-01 0.0000000000e+00 1.8645083307e+01 
7.2800000000e-01 -4.5295386836e-01 0.0000000000e+00 1.8644603307e+01 
7.2900000000e-01 -4.5289032005e-01 0.0000000000e+00 1.8644122737e+01 
7.3000000000e-01 -4.5282670598e-01 0.0000000000e+00 1.8643641607e+01 
7.3100000000e-01 -4.5276302811e-01 0.0000000000e+00 1.8643159940e+01 
7.3200000000e-01 -4.5269929002e-01 0.0000000000e+00 1.8642677785e+01 
7.3300000000e-01 -4.5263549845e-01 0.0000000000e+00 1.8642195232e+01 
7.3400000000e-01 -4.5257166618e-01 0.0000000000e+00 1.8641712458e+01 
7.3500000000e-01 -4.5250781764e-01 0.0000000000e+00 1.8641229810e+01 
7.3600000000e-01 -4.5244399986e-01 0.0000000000e+00 1.8640747960e+01 
7.3700000000e-01 -4.5238030381e-01 0.0000000000e+00 1.8640268218e+01 
7.3800000000e-01 -4.5231690588e-01 0.0000000000e+00 1.8639793130e+01 
7.3900000000e-01 -4.5225414884e-01 0.0000000000e+00 1.8639327663e+01 
7.4000000000e-01 -4.5219269947e-01 0.0000000000e+00 1.8638881480e+01 
7.4100000000e-01 -4.5213385562e-01 0.0000000000e+00 1.8638473411e+01 
7.4200000000e-01 -4.5208014401e-01 0.0000000000e+00 1.8638140128e+01 
7.4300000000e-01 -4.5203648384e-01 0.0000000000e+00 1.8637953026e+01 
7.4400000000e-01 -4.5201245076e-01 0.0000000000e+00 1.8638051075e+01 
7.4500000000e-01 -4.5202668075e-01 0.0000000000e+00 1.8638708187e+01 
7.4600000000e-01 -4.5211549111e-01 0.0000000000e+00 1.8640465738e+01 
7.4700000000e-01 -4.5234980600e-01 0.0000000000e+00 1.8644366928e+01 
7.4800000000e-01 -4.5286806898e-01 0.0000000000e+00 1.8652438930e+01 
7.4900000000e-01 -4.5394069196e-01 0.0000000000e+00 1.8668605379e+01 
7.5000000000e-01 -4.5609659248e-01 0.0000000000e+00 1.9073139940e+01 
7.5100000000e-01 -4.5679215299e-01 0.0000000000e+00 1.9078418904e+01 
7.5200000000e-01 -4.5699148908e-01 0.0000000000e+00 1.9081203059e+01 
7.5300000000e-01 -4.5700145699e-01 0.0000000000e+00 1.9081699365e+01 
7.5400000000e-01 -4.5693886930e-01 0.0000000000e+00 1.9081325333e+01 
7.5500000000e-01 -4.5684834824e-01 0.0000000000e+00 1.9080616755e+01 
7.5600000000e-01 -4.5674696503e-01 0.0000000000e+00 1.9079778211e+01 
7.5700000000e-01 -4.5664125691e-01 0.0000000000e+00 1.9078888049e+01 
7.5800000000e-01 -4.5653372920e-01 0.0000000000e+00 1.9077976305e+01 
7.5900000000e-01 -4.5642534243e-01 0.0000000000e+00 1.9077054508e+01 
7.6000000000e-01 -4.5631646474e-01 0.0000000000e+00 1.9076127072e+01 
7.6100000000e-01 -4.5620723682e-01 0.0000000000e+00 1.9075195694e+01 
7.6200000000e-01 -4.5609771199e-01 0.0000000000e+00 1.9074261011e+01 
7.6300000000e-01 -4.5598790990e-01 0.0000000000e+00 1.9073323267e+01 
7.6400000000e-01 -4.5587783725e-01 0.0000000000e+00 1.9072382545e+01 
7.6500000000e-01 -4.5576749570e-01 0.0000000000e+00 1.9071438860e+01 
7.6600000000e-01 -4.5565688495e-01 0.0000000000e+00 1.9070492219e+01 
7.6700000000e-01 -4.5554600393e-01 0.0000000000e+00 1.9069542607e+01 
7.6800000000e-01 -4.5543485125e-01 0.0000000000e+00 1.9068590006e+01 
7.6900000000e-01 -4.5532342538e-01 0.0000000000e+00 1.9067634403e+01 
7.7000000000e-01 -4.5521172474e-01 0.0000000000e+00 1.9066675781e+01 
7.7100000000e-01 -4.5509974768e-01 0.0000000000e+00 1.9065714120e+01 
7.7200000000e-01 -4.5498749256e-01 0.0000000000e+00 1.9064749397e+01 
7.7300000000e-01 -4.5487495769e-01 0.0000000000e+00 1.9063781599e+01 
7.7400000000e-01 -4.5476214137e-01 0.0000000000e+00 1.9062810705e+01 
7.7500000000e-01 -4.5464904188e-01 0.0000000000e+00 1.9061836697e+01 
7.7600000000e-01 -4.5453565749e-01 0.0000000000e+00 1.9060859549e+01 
7.7700000000e-01 -4.5442198644e-01 0.0000000000e+00 1.9059879244e+01 
7.7800000000e-01 -4.5430802696e-01 0.0000000000e+00 1.9058895765e+01 
7.7900000000e-01 -4.5419377726e-01 0.0000000000e+00 1.9057909085e+01 
7.8000000000e-01 -4.5407923552e-01 0.0000000000e+00 1.9056919187e+01 
7.8100000000e-01 -4.5396439992e-01 0.0000000000e+00 1.9055926049e+01 
7.8200000000e-01 -4.5384926862e-01 0.0000000000e+00 1.9054929649e+01 
7.8300000000e-01 -4.5373383976e-01 0.0000000000e+00 1.9053929963e+01 
7.8400000000e-01 -4.5361811144e-01 0.0000000000e+00 1.9052926975e+01 
7.8500000000e-01 -4.5350208178e-01 0.0000000000e+00 1.9051920656e+01 
7.8600000000e-01 -4.5338574884e-01 0.0000000000e+00 1.9050910988e+01 
7.8700000000e-01 -4.5326911069e-01 0.0000000000e+00 1.9049897944e+01 
7.8800000000e-01 -4.5315216538e-01 0.0000000000e+00 1.9048881508e+01 
7.8900000000e-01 -4.5303491091e-01 0.0000000000e+00 1.9047861649e+01 
7.9000000000e-01 -4.5291734530e-01 0.0000000000e+00 1.9046838348e+01 
7.9100000000e-01 -4.5279946652e-01 0.0000000000e+00 1.9045811579e+01 
7.9200000000e-01 -4.5268127253e-01 0.0000000000e+00 1.9044781319e+01 
7.9300000000e-01 -4.5256276127e-01 0.0000000000e+00 1.9043747544e+01 
7.9400000000e-01 -4.5244393066e-01 0.0000000000e+00 1.9042710229e+01 
7.9500000000e-01 -4.5232477859e-01 0.0000000000e+00 1.9041669349e+01 
7.9600000000e-01 -4.5220530293e-01 0.0000000000e+00 1.9040624881e+01 
7.9700000000e-01 -4.5208550154e-01 0.0000000000e+00 1.9039576796e+01 
7.9800000000e-01 -4.5196537224e-01 0.0000000000e+00 1.9038525068e+01 
7.9900000000e-01 -4.5184491284e-01 0.0000000000e+00 1.9037469674e+01 
8.0000000000e-01 -4.5172412111e-01 0.0000000000e+00 1.9036410588e+01 
8.0098000000e-01 -4.5160520623e-01 0.0000000000e+00 1.9035367191e+01 
8.0202000000e-01 -4.5147933277e-01 0.0000000000e+00 1.9034261911e+01 
8.0311000000e-01 -4.5134607115e-01 0.0000000000e+00 1.9033090826e+01 
8.0427000000e-01 -4.5120496249e-01 0.0000000000e+00 1.9031849742e+01 
8.0549000000e-01 -4.5105551626e-01 0.0000000000e+00 1.9030534160e+01 
8.0677000000e-01 -4.5089720771e-01 0.0000000000e+00 1.9029139254e+01 
8.0813000000e-01 -4.5072947499e-01 0.0000000000e+00 1.9027659828e+01 
8.0956000000e-01 -4.5055171602e-01 0.0000000000e+00 1.9026090316e+01 
8.1108000000e-01 -4.5036328503e-01 0.0000000000e+00 1.9024424714e+01 
8.1267000000e-01 -4.5016348867e-01 0.0000000000e+00 1.9022656557e+01 
8.1436000000e-01 -4.4995158176e-01 0.0000000000e+00 1.9020778862e+01 
8.1614000000e-01 -4.4972676244e-01 0.0000000000e+00 1.9018784092e+01 
8.1802000000e-01 -4.4948816688e-01 0.0000000000e+00 1.9016664091e+01 
8.2000000000e-01 -4.4923486327e-01 0.0000000000e+00 1.9014410023e+01 
8.2197000000e-01 -4.4898210228e-01 0.0000000000e+00 1.9012157309e+01 
8.2416000000e-01 -4.4869867390e-01 0.0000000000e+00 1.9009627140e+01 
8.2660000000e-01 -4.4838060664e-01 0.0000000000e+00 1.9006782534e+01 
8.2932000000e-01 -4.4802334709e-01 0.0000000000e+00 1.9003580838e+01 
8.3235000000e-01 -4.4762165570e-01 0.0000000000e+00 1.8999972614e+01 
8.3573000000e-01 -4.4716947842e-01 0.0000000000e+00 1.8995900323e+01 
8.3950000000e-01 -4.4665978702e-01 0.0000000000e+00 1.8991296603e+01 
8.4369000000e-01 -4.4608437788e-01 0.0000000000e+00 1.8986082110e+01 
8.4837000000e-01 -4.4543361548e-01 0.0000000000e+00 1.8980162716e+01 
8.5357000000e-01 -4.4469610019e-01 0.0000000000e+00 1.8973425845e+01 
8.5938000000e-01 -4.4385823121e-01 0.0000000000e+00 1.8965735577e+01 
8.6585000000e-01 -4.4290362055e-01 0.0000000000e+00 1.8956926008e+01 
8.7305000000e-01 -4.4181229056e-01 0.0000000000e+00 1.8946792033e+01 
8.8108000000e-01 -4.4055954773e-01 0.0000000000e+00 1.8935076244e+01 
8.9003000000e-01 -4.3911435641e-01 0.0000000000e+00 1.8921449757e+01 
9.0000000000e-01 -4.3743691348e-01 0.0000000000e+00 1.8905483232e+01 
9.1000000000e-01 -4.3567637422e-01 0.0000000000e+00 1.8888550019e+01 
9.1945000000e-01 -4.3392947793e-01 0.0000000000e+00 1.8871567861e+01 
9.2839000000e-01 -4.3219493941e-01 0.0000000000e+00 1.8854526294e+01 
9.3685000000e-01 -4.3047137831e-01 0.0000000000e+00 1.8837413396e+01 
9.4486000000e-01 -4.2875730455e-01 0.0000000000e+00 1.8820215603e+01 
9.5243000000e-01 -4.2705109872e-01 0.0000000000e+00 1.8802917483e+01 
9.5959000000e-01 -4.2535098870e-01 0.0000000000e+00 1.8785501443e+01 
9.6636000000e-01 -4.2365502147e-01 0.0000000000e+00 1.8767947384e+01 
9.7277000000e-01 -4.2196102856e-01 0.0000000000e+00 1.8750232282e+01 
9.7883000000e-01 -4.2026658238e-01 0.0000000000e+00 1.8732329643e+01 
9.8457000000e-01 -4.1856893949e-01 0.0000000000e+00 1.8714208819e+01 
9.8999000000e-01 -4.1686496424e-01 0.0000000000e+00 1.8695834089e+01 
9.9512000000e-01 -4.1515102363e-01 0.0000000000e+00 1.8677163421e+01 
9.9997000000e-01 -4.1342282667e-01 0.0000000000e+00 1.8658146591e+01 
1.0045700000e+00 -4.1167511037e-01 0.0000000000e+00 1.8638721416e+01 
1.0089100000e+00 -4.0990071690e-01 0.0000000000e+00 1.8618801665e+01 
1.0130200000e+00 -4.0808680621e-01 0.0000000000e+00 1.8598223941e+01 
1.0169000000e+00 -4.0619810079e-01 0.0000000000e+00 1.8576505017e+01 
1.0205800000e+00 -4.0410788310e-01 0.0000000000e+00 1.8551826985e+01 
1.0240600000e+00 -4.0134768279e-01 0.0000000000e+00 1.8517314752e+01 
1.0273500000e+00 -3.9633578754e-01 0.0000000000e+00 1.8449364451e+01 
1.0304600000e+00 -3.8453286044e-01 2.2294163817e+01 1.8278740133e+01 
1.0334000000e+00 -3.5629809615e-01 2.6602519762e+01 1.7860463665e+01 
1.0361800000e+00 -3.0113543282e-01 2.8140667421e+01 1.7158682449e+01 
1.0388200000e+00 -2.1746679773e-01 2.8797303514e+01 1.6737268498e+01 
1.0413100000e+00 -1.0873617271e-01 2.9156385351e+01 1.6630252653e+01 
1.0436700000e+00 2.1664035888e-02 2.9399265473e+01 1.6546733987e+01 
1.0459000000e+00 1.7070885690e-01 2.9581539569e+01 1.6437185254e+01 
1.0480100000e+00 3.3538461125e-01 2.9715350351e+01 1.6251978562e+01 
1.0500000000e+00 5.1229408284e-01 2.9254326281e+01 1.6155050734e+01 
1.0519900000e+00 5.2864224896e-01 1.8077563323e+01 1.5876672902e+01 
1.0539900000e+00 5.3003109640e-01 4.0038876411e-12 1.5846147686e+01 
1.0560200000e+00 5.3024177413e-01 0.0000000000e+00 1.5837330094e+01 
1.0580600000e+00 5.3036238116e-01 0.0000000000e+00 1.5831584243e+01 
1.0601300000e+00 5.3047693249e-01 0.0000000000e+00 1.5826975507e+01 
1.0622200000e+00 5.3059189779e-01 0.0000000000e+00 1.5822978383e+01 
1.0643300000e+00 5.3070783794e-01 0.0000000000e+00 1.5819309412e+01 
1.0664600000e+00 5.3082484980e-01 0.0000000000e+00 1.5815802677e+01 
1.0686100000e+00 5.3094297973e-01 0.0000000000e+00 1.5812363759e+01 
1.0707900000e+00 5.3106225996e-01 0.0000000000e+00 1.5808940273e+01 
1.0729800000e+00 5.3118271523e-01 0.0000000000e+00 1.5805503545e+01 
1.0752000000e+00 5.3130436591e-01 0.0000000000e+00 1.5802037916e+01 
1.0774400000e+00 5.3142722975e-01 0.0000000000e+00 1.5798534735e+01 
1.0797100000e+00 5.3155132296e-01 0.0000000000e+00 1.5794989067e+01 
1.0820000000e+00 5.3167666082e-01 0.0000000000e+00 1.5791397925e+01 
1.0843100000e+00 5.3180325808e-01 0.0000000000e+00 1.5787759331e+01 
1.0866400000e+00 5.3193112917e-01 0.0000000000e+00 1.5784071817e+01 
1.0890000000e+00 5.3206028835e-01 0.0000000000e+00 1.5780334164e+01 
1.0913800000e+00 5.3219074978e-01 0.0000000000e+00 1.5776545270e+01 
1.0937900000e+00 5.3232252763e-01 0.0000000000e+00 1.5772704079e+01 
1.0962200000e+00 5.3245563604e-01 0.0000000000e+00 1.5768809543e+01 
1.0986700000e+00 5.3259008923e-01 0.0000000000e+00 1.5764860604e+01 
1.1011500000e+00 5.3272590146e-01 0.0000000000e+00 1.5760856187e+01 
1.1036600000e+00 5.3286308708e-01 0.0000000000e+00 1.5756795188e+01 
1.1061900000e+00 5.3300166053e-01 0.0000000000e+00 1.5752676473e+01 
1.1087500000e+00 5.3314163635e-01 0.0000000000e+00 1.5748498878e+01 
1.1113300000e+00 5.3328302919e-01 0.0000000000e+00 1.5744261204e+01 
1.1139400000e+00 5.3342585381e-01 0.0000000000e+00 1.5739962216e+01 
1.1165700000e+00 5.3357012510e-01 0.0000000000e+00 1.5735600641e+01 
1.1192400000e+00 5.3371585807e-01 0.0000000000e+00 1.5731175166e+01 
1.1219300000e+00 5.3386306785e-01 0.0000000000e+00 1.5726684436e+01 
1.1246400000e+00 5.3401176973e-01 0.0000000000e+00 1.5722127054e+01 
1.1273900000e+00 5.3416197912e-01 0.0000000000e+00 1.5717501578e+01 
1.1301600000e+00 5.3431371158e-01 0.0000000000e+00 1.5712806515e+01 
1.1329600000e+00 5.3446698280e-01 0.0000000000e+00 1.5708040324e+01 
1.1357900000e+00 5.3462180863e-01 0.0000000000e+00 1.5703201413e+01 
1.1386500000e+00 5.3477820506e-01 0.0000000000e+00 1.5698288132e+01 
1.1415300000e+00 5.3493618826e-01 0.0000000000e+00 1.5693298776e+01 
1.1444500000e+00 5.3509577450e-01 0.0000000000e+00 1.5688231578e+01 
1.1473900000e+00 5.3525698027e-01 0.0000000000e+00 1.5683084708e+01 
1.1503700000e+00 5.3541982217e-01 0.0000000000e+00 1.5677856267e+01 
1.1533800000e+00 5.3558431699e-01 0.0000000000e+00 1.5672544291e+01 
1.1564100000e+00 5.3575048167e-01 0.0000000000e+00 1.5667146736e+01 
1.1594800000e+00 5.3591833331e-01 0.0000000000e+00 1.5661661484e+01 
1.1625800000e+00 5.3608788920e-01 0.0000000000e+00 1.5656086332e+01 
1.1657100000e+00 5.3625916679e-01 0.0000000000e+00 1.5650418992e+01 
1.1688700000e+00 5.3643218368e-01 0.0000000000e+00 1.5644657085e+01 
1.1720700000e+00 5.3660695768e-01 0.0000000000e+00 1.5638798133e+01 
1.1752900000e+00 5.3678350676e-01 0.0000000000e+00 1.5632839560e+01 
1.1785500000e+00 5.3696184905e-01 0.0000000000e+00 1.5626778678e+01 
1.1818400000e+00 5.3714200290e-01 0.0000000000e+00 1.5620612685e+01 
1.1851700000e+00 5.3732398680e-01 0.0000000000e+00 1.5614338660e+01 
1.1885300000e+00 5.3750781945e-01 0.0000000000e+00 1.5607953552e+01 
1.1919200000e+00 5.3769351973e-01 0.0000000000e+00 1.5601454172e+01 
1.1953500000e+00 5.3788110670e-01 0.0000000000e+00 1.5594837191e+01 
1.1988200000e+00 5.3807059964e-01 0.0000000000e+00 1.5588099118e+01 
1.2023200000e+00 5.3826201799e-01 0.0000000000e+00 1.5581236304e+01 
1.2058500000e+00 5.3845538139e-01 0.0000000000e+00 1.5574244923e+01 
1.2094200000e+00 5.3865070969e-01 0.0000000000e+00 1.5567120961e+01 
1.2130300000e+00 5.3884802293e-01 0.0000000000e+00 1.5559860207e+01 
1.2166700000e+00 5.3904734136e-01 0.0000000000e+00 1.5552458232e+01 
1.2203500000e+00 5.3924868542e-01 0.0000000000e+00 1.5544910385e+01 
1.2240700000e+00 5.3945207576e-01 0.0000000000e+00 1.5537211765e+01 
1.2278200000e+00 5.3965753326e-01 0.0000000000e+00 1.5529357211e+01 
1.2316200000e+00 5.3986507896e-01 0.0000000000e+00 1.5521341278e+01 
1.2354500000e+00 5.4007473417e-01 0.0000000000e+00 1.5513158220e+01 
1.2393200000e+00 5.4028652038e-01 0.0000000000e+00 1.5504801962e+01 
1.2432300000e+00 5.4050045929e-01 0.0000000000e+00 1.5496266076e+01 
1.2471800000e+00 5.4071657286e-01 0.0000000000e+00 1.5487543755e+01 
1.2511700000e+00 5.4093488323e-01 0.0000000000e+00 1.5478627774e+01 
1.2552000000e+00 5.4115541277e-01 0.0000000000e+00 1.5469510469e+01 
1.2592700000e+00 5.4137818411e-01 0.0000000000e+00 1.5460183683e+01 
1.2633900000e+00 5.4160322007e-01 0.0000000000e+00 1.5450638734e+01 
1.2675400000e+00 5.4183054372e-01 0.0000000000e+00 1.5440866365e+01 
1.2717400000e+00 5.4206017836e-01 0.0000000000e+00 1.5430856690e+01 
1.2759800000e+00 5.4229214752e-01 0.0000000000e+00 1.5420599137e+01 
1.2802600000e+00 5.4252647498e-01 0.0000000000e+00 1.5410082378e+01 
1.2845900000e+00 5.4276318476e-01 0.0000000000e+00 1.5399294264e+01 
1.2889600000e+00 5.4300230111e-01 0.0000000000e+00 1.5388221730e+01 
1.2933800000e+00 5.4324384854e-01 0.0000000000e+00 1.5376850708e+01 
1.2978400000e+00 5.4348785181e-01 0.0000000000e+00 1.5365166018e+01 
1.3023400000e+00 5.4373433591e-01 0.0000000000e+00 1.5353151249e+01 
1.3069000000e+00 5.4398332611e-01 0.0000000000e+00 1.5340788618e+01 
1.3114900000e+00 5.4423484792e-01 0.0000000000e+00 1.5328058811e+01 
1.3161400000e+00 5.4448892713e-01 0.0000000000e+00 1.5314940803e+01 
1.3208300000e+00 5.4474558976e-01 0.0000000000e+00 1.5301411651e+01 
1.3255700000e+00 5.4500486212e-01 0.0000000000e+00 1.5287446247e+01 
1.3303600000e+00 5.4526677078e-01 0.0000000000e+00 1.5273017029e+01 
1.3351900000e+00 5.4553134258e-01 0.0000000000e+00 1.5258093670e+01 
1.3400800000e+00 5.4579860464e-01 0.0000000000e+00 1.5242642668e+01 
1.3450100000e+00 5.4606858433e-01 0.0000000000e+00 1.5226626908e+01 
1.3500000000e+00 5.4634130934e-01 0.0000000000e+00 1.5210005099e+01 
1.3547900000e+00 5.4660339283e-01 0.0000000000e+00 1.5193584006e+01 
1.3601300000e+00 5.4689571653e-01 0.0000000000e+00 1.5174713361e+01 
1.3660900000e+00 5.4722176970e-01 0.0000000000e+00 1.5152920440e+01 
1.3727400000e+00 5.4758544422e-01 0.0000000000e+00 1.5127600457e+01 
1.3801600000e+00 5.4799108107e-01 0.0000000000e+00 1.5097961868e+01 
1.3884300000e+00 5.4844352214e-01 0.0000000000e+00 1.5062939508e+01 
1.3976500000e+00 5.4894816808e-01 0.0000000000e+00 1.5021049632e+01 
1.4079400000e+00 5.4951104277e-01 0.0000000000e+00 1.4970132687e+01 
1.4194200000e+00 5.5013886532e-01 0.0000000000e+00 1.4906859791e+01 
1.4322200000e+00 5.5083913034e-01 0.0000000000e+00 1.4825681846e+01 
1.4465000000e+00 5.5162019757e-01 0.0000000000e+00 1.4716238179e+01 
1.4624200000e+00 5.5249139193e-01 0.0000000000e+00 1.4555337727e+01 
1.4801900000e+00 5.5346311401e-01 0.0000000000e+00 1.4269118444e+01 
1.5000000000e+00 5.5454692912e-01 0.0000000000e+00 1.8916843013e+00 
