EXPORTED CROSS SECTION DATA
433 4 4
x coordinate
Potential
Impact Gen Rate
Hole Conc
0.0000000000e+00 -4.4545307088e-01 0.0000000000e+00 1.8916843013e+00 
1.9810000000e-02 -4.4545307039e-01 0.0000000000e+00 1.0508596435e+01 
3.7580000000e-02 -4.4545306995e-01 0.0000000000e+00 1.0786568969e+01 
5.3500000000e-02 -4.4545306956e-01 0.0000000000e+00 1.0940035148e+01 
6.7780000000e-02 -4.4545306921e-01 0.0000000000e+00 1.1042779528e+01 
8.0580000000e-02 -4.4545306890e-01 0.0000000000e+00 1.1117923560e+01 
9.2060000000e-02 -4.4545306861e-01 0.0000000000e+00 1.1175764440e+01 
1.0235000000e-01 -4.4545306836e-01 0.0000000000e+00 1.1221793356e+01 
1.1157000000e-01 -4.4545306813e-01 0.0000000000e+00 1.1259286436e+01 
1.1984000000e-01 -4.4545306793e-01 0.0000000000e+00 1.1290355241e+01 
1.2726000000e-01 -4.4545306775e-01 0.0000000000e+00 1.1316439944e+01 
1.3391000000e-01 -4.4545306758e-01 0.0000000000e+00 1.1338566191e+01 
1.3987000000e-01 -4.4545306744e-01 0.0000000000e+00 1.1357489743e+01 
1.4521000000e-01 -4.4545306731e-01 0.0000000000e+00 1.1373783014e+01 
1.5000000000e-01 -4.4545306719e-01 0.0000000000e+00 1.1387889469e+01 
1.5499000000e-01 -4.4545306707e-01 0.0000000000e+00 1.1402098757e+01 
1.5992000000e-01 -4.4545306695e-01 0.0000000000e+00 1.1415722367e+01 
1.6481000000e-01 -4.4545306683e-01 0.0000000000e+00 1.1428801460e+01 
1.6964000000e-01 -4.4545306671e-01 0.0000000000e+00 1.1441373030e+01 
1.7443000000e-01 -4.4545306659e-01 0.0000000000e+00 1.1453470448e+01 
1.7917000000e-01 -4.4545306647e-01 0.0000000000e+00 1.1465123920e+01 
1.8386000000e-01 -4.4545306636e-01 0.0000000000e+00 1.1476360877e+01 
1.8851000000e-01 -4.4545306624e-01 0.0000000000e+00 1.1487206300e+01 
1.9310000000e-01 -4.4545306613e-01 0.0000000000e+00 1.1497683006e+01 
1.9766000000e-01 -4.4545306602e-01 0.0000000000e+00 1.1507811895e+01 
2.0216000000e-01 -4.4545306591e-01 0.0000000000e+00 1.1517612151e+01 
2.0662000000e-01 -4.4545306580e-01 0.0000000000e+00 1.1527101430e+01 
2.1104000000e-01 -4.4545306569e-01 0.0000000000e+00 1.1536296015e+01 
2.1541000000e-01 -4.4545306558e-01 0.0000000000e+00 1.1545210961e+01 
2.1974000000e-01 -4.4545306548e-01 0.0000000000e+00 1.1553860206e+01 
2.2402000000e-01 -4.4545306537e-01 0.0000000000e+00 1.1562256687e+01 
2.2826000000e-01 -4.4545306527e-01 0.0000000000e+00 1.1570412428e+01 
2.3246000000e-01 -4.4545306516e-01 0.0000000000e+00 1.1578338627e+01 
2.3661000000e-01 -4.4545306506e-01 0.0000000000e+00 1.1586045729e+01 
2.4073000000e-01 -4.4545306496e-01 0.0000000000e+00 1.1593543493e+01 
2.4480000000e-01 -4.4545306486e-01 0.0000000000e+00 1.1600841049e+01 
2.4883000000e-01 -4.4545306476e-01 0.0000000000e+00 1.1607946952e+01 
2.5282000000e-01 -4.4545306466e-01 0.0000000000e+00 1.1614869231e+01 
2.5677000000e-01 -4.4545306457e-01 0.0000000000e+00 1.1621615424e+01 
2.6068000000e-01 -4.4545306447e-01 0.0000000000e+00 1.1628192629e+01 
2.6455000000e-01 -4.4545306438e-01 0.0000000000e+00 1.1634607525e+01 
2.6838000000e-01 -4.4545306428e-01 0.0000000000e+00 1.1640866416e+01 
2.7218000000e-01 -4.4545306419e-01 0.0000000000e+00 1.1646975250e+01 
2.7593000000e-01 -4.4545306410e-01 0.0000000000e+00 1.1652939648e+01 
2.7965000000e-01 -4.4545306401e-01 0.0000000000e+00 1.1658764929e+01 
2.8333000000e-01 -4.4545306392e-01 0.0000000000e+00 1.1664456128e+01 
2.8697000000e-01 -4.4545306383e-01 0.0000000000e+00 1.1670018022e+01 
2.9058000000e-01 -4.4545306374e-01 0.0000000000e+00 1.1675455137e+01 
2.9415000000e-01 -4.4545306365e-01 0.0000000000e+00 1.1680771777e+01 
2.9768000000e-01 -4.4545306356e-01 0.0000000000e+00 1.1685972031e+01 
3.0118000000e-01 -4.4545306348e-01 0.0000000000e+00 1.1691059787e+01 
3.0465000000e-01 -4.4545306339e-01 0.0000000000e+00 1.1696038747e+01 
3.0808000000e-01 -4.4545306331e-01 0.0000000000e+00 1.1700912442e+01 
3.1147000000e-01 -4.4545306323e-01 0.0000000000e+00 1.1705684235e+01 
3.1483000000e-01 -4.4545306314e-01 0.0000000000e+00 1.1710357337e+01 
3.1816000000e-01 -4.4545306306e-01 0.0000000000e+00 1.1714934812e+01 
3.2145000000e-01 -4.4545306298e-01 0.0000000000e+00 1.1719419591e+01 
3.2471000000e-01 -4.4545306290e-01 0.0000000000e+00 1.1723814475e+01 
3.2793000000e-01 -4.4545306282e-01 0.0000000000e+00 1.1728122145e+01 
3.3113000000e-01 -4.4545306275e-01 0.0000000000e+00 1.1732345167e+01 
3.3429000000e-01 -4.4545306267e-01 0.0000000000e+00 1.1736485999e+01 
3.3742000000e-01 -4.4545306259e-01 0.0000000000e+00 1.1740547000e+01 
3.4052000000e-01 -4.4545306252e-01 0.0000000000e+00 1.1744530430e+01 
3.4359000000e-01 -4.4545306244e-01 0.0000000000e+00 1.1748438458e+01 
3.4662000000e-01 -4.4545306237e-01 0.0000000000e+00 1.1752273171e+01 
3.4963000000e-01 -4.4545306229e-01 0.0000000000e+00 1.1756036568e+01 
3.5261000000e-01 -4.4545306222e-01 0.0000000000e+00 1.1759730576e+01 
3.5555000000e-01 -4.4545306215e-01 0.0000000000e+00 1.1763357044e+01 
3.5847000000e-01 -4.4545306208e-01 0.0000000000e+00 1.1766917754e+01 
3.6135000000e-01 -4.4545306201e-01 0.0000000000e+00 1.1770414422e+01 
3.6421000000e-01 -4.4545306194e-01 0.0000000000e+00 1.1773848699e+01 
3.6704000000e-01 -4.4545306187e-01 0.0000000000e+00 1.1777222176e+01 
3.6984000000e-01 -4.4545306180e-01 0.0000000000e+00 1.1780536388e+01 
3.7261000000e-01 -4.4545306173e-01 0.0000000000e+00 1.1783792815e+01 
3.7536000000e-01 -4.4545306167e-01 0.0000000000e+00 1.1786992885e+01 
3.7807000000e-01 -4.4545306160e-01 0.0000000000e+00 1.1790137977e+01 
3.8076000000e-01 -4.4545306154e-01 0.0000000000e+00 1.1793229422e+01 
3.8343000000e-01 -4.4545306147e-01 0.0000000000e+00 1.1796268506e+01 
3.8606000000e-01 -4.4545306141e-01 0.0000000000e+00 1.1799256472e+01 
3.8867000000e-01 -4.4545306135e-01 0.0000000000e+00 1.1802194522e+01 
3.9125000000e-01 -4.4545306128e-01 0.0000000000e+00 1.1805083818e+01 
3.9381000000e-01 -4.4545306122e-01 0.0000000000e+00 1.1807925485e+01 
3.9634000000e-01 -4.4545306116e-01 0.0000000000e+00 1.1810720612e+01 
3.9885000000e-01 -4.4545306110e-01 0.0000000000e+00 1.1813470253e+01 
4.0133000000e-01 -4.4545306104e-01 0.0000000000e+00 1.1816175429e+01 
4.0378000000e-01 -4.4545306098e-01 0.0000000000e+00 1.1818837130e+01 
4.0621000000e-01 -4.4545306092e-01 0.0000000000e+00 1.1821456314e+01 
4.0862000000e-01 -4.4545306087e-01 0.0000000000e+00 1.1824033913e+01 
4.1100000000e-01 -4.4545306081e-01 0.0000000000e+00 1.1826570827e+01 
4.1336000000e-01 -4.4545306076e-01 0.0000000000e+00 1.1829067934e+01 
4.1569000000e-01 -4.4545306070e-01 0.0000000000e+00 1.1831526081e+01 
4.1800000000e-01 -4.4545306065e-01 0.0000000000e+00 1.1833946096e+01 
4.2029000000e-01 -4.4545306059e-01 0.0000000000e+00 1.1836328780e+01 
4.2256000000e-01 -4.4545306054e-01 0.0000000000e+00 1.1838674913e+01 
4.2480000000e-01 -4.4545306049e-01 0.0000000000e+00 1.1840985253e+01 
4.2702000000e-01 -4.4545306044e-01 0.0000000000e+00 1.1843260537e+01 
4.2921000000e-01 -4.4545306039e-01 0.0000000000e+00 1.1845501482e+01 
4.3139000000e-01 -4.4545306034e-01 0.0000000000e+00 1.1847708785e+01 
4.3354000000e-01 -4.4545306030e-01 0.0000000000e+00 1.1849883125e+01 
4.3567000000e-01 -4.4545306031e-01 0.0000000000e+00 1.1852025156e+01 
4.3778000000e-01 -4.4545306098e-01 0.0000000000e+00 1.1854135512e+01 
4.3987000000e-01 -4.4545307095e-01 0.0000000000e+00 1.1856214923e+01 
4.4194000000e-01 -4.4545320831e-01 0.0000000000e+00 1.1858265892e+01 
4.4398000000e-01 -4.4545506180e-01 0.0000000000e+00 1.1860315550e+01 
4.4601000000e-01 -4.4547963569e-01 0.0000000000e+00 1.1862717120e+01 
4.4801000000e-01 -4.4579978199e-01 0.0000000000e+00 1.1870055233e+01 
4.5000000000e-01 -4.4989332445e-01 0.0000000000e+00 1.1940608269e+01 
4.5199000000e-01 -5.0104581154e-01 0.0000000000e+00 1.1813000410e+01 
4.5410000000e-01 -5.2953359838e-01 0.0000000000e+00 1.2292724372e+01 
4.5633000000e-01 -5.4946818663e-01 0.0000000000e+00 1.2627955236e+01 
4.5869000000e-01 -5.6497881413e-01 0.0000000000e+00 1.2888672834e+01 
4.6118000000e-01 -5.7779049618e-01 0.0000000000e+00 1.3103980104e+01 
4.6382000000e-01 -5.8878740928e-01 0.0000000000e+00 1.3288768802e+01 
4.6660000000e-01 -5.9848359974e-01 0.0000000000e+00 1.3451689597e+01 
4.6954000000e-01 -6.0720307904e-01 0.0000000000e+00 1.3598192633e+01 
4.7265000000e-01 -6.1516144080e-01 0.0000000000e+00 1.3731903358e+01 
4.7594000000e-01 -6.2250766769e-01 0.0000000000e+00 1.3855326631e+01 
4.7942000000e-01 -6.2934754220e-01 0.0000000000e+00 1.3970240765e+01 
4.8310000000e-01 -6.3575765992e-01 0.0000000000e+00 1.4077933305e+01 
4.8698000000e-01 -6.4179426786e-01 0.0000000000e+00 1.4179349682e+01 
4.9109000000e-01 -6.4749908599e-01 0.0000000000e+00 1.4275191125e+01 
4.9543000000e-01 -6.5290329214e-01 0.0000000000e+00 1.4365981652e+01 
5.0003000000e-01 -6.5803035200e-01 0.0000000000e+00 1.4452115659e+01 
5.0488000000e-01 -6.6289810561e-01 0.0000000000e+00 1.4533892981e+01 
5.1001000000e-01 -6.6752036748e-01 0.0000000000e+00 1.4611545798e+01 
5.1543000000e-01 -6.7190820644e-01 0.0000000000e+00 1.4685260144e+01 
5.2117000000e-01 -6.7607101457e-01 0.0000000000e+00 1.4755193863e+01 
5.2723000000e-01 -6.8001744166e-01 0.0000000000e+00 1.4821492325e+01 
5.3364000000e-01 -6.8375624975e-01 0.0000000000e+00 1.4884302774e+01 
5.4041000000e-01 -6.8729713352e-01 0.0000000000e+00 1.4943788114e+01 
5.4757000000e-01 -6.9065155253e-01 0.0000000000e+00 1.5000140893e+01 
5.5514000000e-01 -6.9383362941e-01 0.0000000000e+00 1.5053598390e+01 
5.6315000000e-01 -6.9686119059e-01 0.0000000000e+00 1.5104460097e+01 
5.7161000000e-01 -6.9975705967e-01 0.0000000000e+00 1.5153109439e+01 
5.8055000000e-01 -7.0255077892e-01 0.0000000000e+00 1.5200042709e+01 
5.9000000000e-01 -7.0528103064e-01 0.0000000000e+00 1.5245909703e+01 
6.0000000000e-01 -7.0799919189e-01 0.0000000000e+00 1.5291573456e+01 
6.0997000000e-01 -7.1062082322e-01 0.0000000000e+00 1.5335615309e+01 
6.1892000000e-01 -7.1296582741e-01 0.0000000000e+00 1.5375009660e+01 
6.2695000000e-01 -7.1511511336e-01 0.0000000000e+00 1.5411115709e+01 
6.3415000000e-01 -7.1711934441e-01 0.0000000000e+00 1.5444784574e+01 
6.4062000000e-01 -7.1900967389e-01 0.0000000000e+00 1.5476539620e+01 
6.4643000000e-01 -7.2080461217e-01 0.0000000000e+00 1.5506691836e+01 
6.5163000000e-01 -7.2251454952e-01 0.0000000000e+00 1.5535415800e+01 
6.5631000000e-01 -7.2414479149e-01 0.0000000000e+00 1.5562800680e+01 
6.6050000000e-01 -7.2569761353e-01 0.0000000000e+00 1.5588884740e+01 
6.6427000000e-01 -7.2717364823e-01 0.0000000000e+00 1.5613678647e+01 
6.6765000000e-01 -7.2857280825e-01 0.0000000000e+00 1.5637180974e+01 
6.7068000000e-01 -7.2989488143e-01 0.0000000000e+00 1.5659388197e+01 
6.7340000000e-01 -7.3113989444e-01 0.0000000000e+00 1.5680300803e+01 
6.7584000000e-01 -7.3230831373e-01 0.0000000000e+00 1.5699926660e+01 
6.7803000000e-01 -7.3340113419e-01 0.0000000000e+00 1.5718282515e+01 
6.8000000000e-01 -7.3441989248e-01 0.0000000000e+00 1.5735394210e+01 
6.8198000000e-01 -7.3548551475e-01 0.0000000000e+00 1.5753292898e+01 
6.8386000000e-01 -7.3653298900e-01 0.0000000000e+00 1.5770886599e+01 
6.8564000000e-01 -7.3756136678e-01 0.0000000000e+00 1.5788159384e+01 
6.8733000000e-01 -7.3856975892e-01 0.0000000000e+00 1.5805096327e+01 
6.8892000000e-01 -7.3955734660e-01 0.0000000000e+00 1.5821683679e+01 
6.9044000000e-01 -7.4052338931e-01 0.0000000000e+00 1.5837909010e+01 
6.9187000000e-01 -7.4146723021e-01 0.0000000000e+00 1.5853761293e+01 
6.9323000000e-01 -7.4238829941e-01 0.0000000000e+00 1.5869230965e+01 
6.9451000000e-01 -7.4328611535e-01 0.0000000000e+00 1.5884309944e+01 
6.9573000000e-01 -7.4416028471e-01 0.0000000000e+00 1.5898991632e+01 
6.9689000000e-01 -7.4501050111e-01 0.0000000000e+00 1.5913270891e+01 
6.9798000000e-01 -7.4583654278e-01 0.0000000000e+00 1.5927144005e+01 
6.9902000000e-01 -7.4663826946e-01 0.0000000000e+00 1.5940608626e+01 
7.0000000000e-01 -7.4741561865e-01 0.0000000000e+00 1.5953663713e+01 
7.0100000000e-01 -7.4822584472e-01 0.0000000000e+00 1.5967270812e+01 
7.0200000000e-01 -7.4905534740e-01 0.0000000000e+00 1.5981201500e+01 
7.0300000000e-01 -7.4990482656e-01 0.0000000000e+00 1.5995467515e+01 
7.0400000000e-01 -7.5077501829e-01 0.0000000000e+00 1.6010081202e+01 
7.0500000000e-01 -7.5166669769e-01 0.0000000000e+00 1.6025055562e+01 
7.0600000000e-01 -7.5258068193e-01 0.0000000000e+00 1.6040404295e+01 
7.0700000000e-01 -7.5351783363e-01 0.0000000000e+00 1.6056141869e+01 
7.0800000000e-01 -7.5447906454e-01 0.0000000000e+00 1.6072283570e+01 
7.0900000000e-01 -7.5546533967e-01 0.0000000000e+00 1.6088845571e+01 
7.1000000000e-01 -7.5647768181e-01 0.0000000000e+00 1.6105845021e+01 
7.1100000000e-01 -7.5751717657e-01 0.0000000000e+00 1.6123300119e+01 
7.1200000000e-01 -7.5858497794e-01 0.0000000000e+00 1.6141230200e+01 
7.1300000000e-01 -7.5968231451e-01 0.0000000000e+00 1.6159655857e+01 
7.1400000000e-01 -7.6081049641e-01 0.0000000000e+00 1.6178599036e+01 
7.1500000000e-01 -7.6197092303e-01 0.0000000000e+00 1.6198083186e+01 
7.1600000000e-01 -7.6316509167e-01 0.0000000000e+00 1.6218133384e+01 
7.1700000000e-01 -7.6439460730e-01 0.0000000000e+00 1.6238776514e+01 
7.1800000000e-01 -7.6566119345e-01 0.0000000000e+00 1.6260041433e+01 
7.1900000000e-01 -7.6696670456e-01 0.0000000000e+00 1.6281959187e+01 
7.2000000000e-01 -7.6831313987e-01 0.0000000000e+00 1.6304563244e+01 
7.2100000000e-01 -7.6970265923e-01 0.0000000000e+00 1.6327889749e+01 
7.2200000000e-01 -7.7113760103e-01 0.0000000000e+00 1.6351977825e+01 
7.2300000000e-01 -7.7262050259e-01 0.0000000000e+00 1.6376869910e+01 
7.2400000000e-01 -7.7415412352e-01 0.0000000000e+00 1.6402612156e+01 
7.2500000000e-01 -7.7574147245e-01 0.0000000000e+00 1.6429254854e+01 
7.2600000000e-01 -7.7738583784e-01 0.0000000000e+00 1.6456852960e+01 
7.2700000000e-01 -7.7909082341e-01 0.0000000000e+00 1.6485466672e+01 
7.2800000000e-01 -7.8086038933e-01 0.0000000000e+00 1.6515162118e+01 
7.2900000000e-01 -7.8269889997e-01 0.0000000000e+00 1.6546012141e+01 
7.3000000000e-01 -7.8461117971e-01 0.0000000000e+00 1.6578097220e+01 
7.3100000000e-01 -7.8660257841e-01 0.0000000000e+00 1.6611506543e+01 
7.3200000000e-01 -7.8867904849e-01 0.0000000000e+00 1.6646339286e+01 
7.3300000000e-01 -7.9084723621e-01 0.0000000000e+00 1.6682706096e+01 
7.3400000000e-01 -7.9311459032e-01 0.0000000000e+00 1.6720730878e+01 
7.3500000000e-01 -7.9548949217e-01 0.0000000000e+00 1.6760552913e+01 
7.3600000000e-01 -7.9798141254e-01 0.0000000000e+00 1.6802329406e+01 
7.3700000000e-01 -8.0060110189e-01 0.0000000000e+00 1.6846238572e+01 
7.3800000000e-01 -8.0336082322e-01 0.0000000000e+00 1.6892483387e+01 
7.3900000000e-01 -8.0627463940e-01 0.0000000000e+00 1.6941296197e+01 
7.4000000000e-01 -8.0935877178e-01 0.0000000000e+00 1.6992944433e+01 
7.4100000000e-01 -8.1263205321e-01 0.0000000000e+00 1.7047737781e+01 
7.4200000000e-01 -8.1611650963e-01 0.0000000000e+00 1.7106037299e+01 
7.4300000000e-01 -8.1983812093e-01 0.0000000000e+00 1.7168267261e+01 
7.4400000000e-01 -8.2382784108e-01 0.0000000000e+00 1.7234930798e+01 
7.4500000000e-01 -8.2812300591e-01 0.0000000000e+00 1.7306631282e+01 
7.4600000000e-01 -8.3276934397e-01 0.0000000000e+00 1.7384102419e+01 
7.4700000000e-01 -8.3782395962e-01 0.0000000000e+00 1.7468252208e+01 
7.4800000000e-01 -8.4335993648e-01 0.0000000000e+00 1.7560229608e+01 
7.4900000000e-01 -8.4947372265e-01 0.0000000000e+00 1.7661529127e+01 
7.5000000000e-01 -8.5629743467e-01 0.0000000000e+00 1.8229149863e+01 
7.5100000000e-01 -8.6110714133e-01 0.0000000000e+00 1.8300590780e+01 
7.5200000000e-01 -8.6450460201e-01 0.0000000000e+00 1.8353839503e+01 
7.5300000000e-01 -8.6687600015e-01 0.0000000000e+00 1.8390738707e+01 
7.5400000000e-01 -8.6851760434e-01 0.0000000000e+00 1.8416144135e+01 
7.5500000000e-01 -8.6964791563e-01 0.0000000000e+00 1.8433568030e+01 
7.5600000000e-01 -8.7042372621e-01 0.0000000000e+00 1.8445493763e+01 
7.5700000000e-01 -8.7095545175e-01 0.0000000000e+00 1.8453651351e+01 
7.5800000000e-01 -8.7131986375e-01 0.0000000000e+00 1.8459234400e+01 
7.5900000000e-01 -8.7156988824e-01 0.0000000000e+00 1.8463061313e+01 
7.6000000000e-01 -8.7174180980e-01 0.0000000000e+00 1.8465691041e+01 
7.6100000000e-01 -8.7186041750e-01 0.0000000000e+00 1.8467504449e+01 
7.6200000000e-01 -8.7194261265e-01 0.0000000000e+00 1.8468760744e+01 
7.6300000000e-01 -8.7199990764e-01 0.0000000000e+00 1.8469636266e+01 
7.6400000000e-01 -8.7204014280e-01 0.0000000000e+00 1.8470251003e+01 
7.6500000000e-01 -8.7206866000e-01 0.0000000000e+00 1.8470686659e+01 
7.6600000000e-01 -8.7208910216e-01 0.0000000000e+00 1.8470998930e+01 
7.6700000000e-01 -8.7210395700e-01 0.0000000000e+00 1.8471225837e+01 
7.6800000000e-01 -8.7211492635e-01 0.0000000000e+00 1.8471393387e+01 
7.6900000000e-01 -8.7212317695e-01 0.0000000000e+00 1.8471519405e+01 
7.7000000000e-01 -8.7212951083e-01 0.0000000000e+00 1.8471616147e+01 
7.7100000000e-01 -8.7213448105e-01 0.0000000000e+00 1.8471692059e+01 
7.7200000000e-01 -8.7213847041e-01 0.0000000000e+00 1.8471752989e+01 
7.7300000000e-01 -8.7214174508e-01 0.0000000000e+00 1.8471803003e+01 
7.7400000000e-01 -8.7214449110e-01 0.0000000000e+00 1.8471844943e+01 
7.7500000000e-01 -8.7214683937e-01 0.0000000000e+00 1.8471880807e+01 
7.7600000000e-01 -8.7214888266e-01 0.0000000000e+00 1.8471912016e+01 
7.7700000000e-01 -8.7215068735e-01 0.0000000000e+00 1.8471939578e+01 
7.7800000000e-01 -8.7215230140e-01 0.0000000000e+00 1.8471964229e+01 
7.7900000000e-01 -8.7215375991e-01 0.0000000000e+00 1.8471986504e+01 
7.8000000000e-01 -8.7215508893e-01 0.0000000000e+00 1.8472006803e+01 
7.8100000000e-01 -8.7215630808e-01 0.0000000000e+00 1.8472025421e+01 
7.8200000000e-01 -8.7215743241e-01 0.0000000000e+00 1.8472042593e+01 
7.8300000000e-01 -8.7215847366e-01 0.0000000000e+00 1.8472058497e+01 
7.8400000000e-01 -8.7215944117e-01 0.0000000000e+00 1.8472073273e+01 
7.8500000000e-01 -8.7216034249e-01 0.0000000000e+00 1.8472087038e+01 
7.8600000000e-01 -8.7216118386e-01 0.0000000000e+00 1.8472099889e+01 
7.8700000000e-01 -8.7216197050e-01 0.0000000000e+00 1.8472111904e+01 
7.8800000000e-01 -8.7216270689e-01 0.0000000000e+00 1.8472123151e+01 
7.8900000000e-01 -8.7216339686e-01 0.0000000000e+00 1.8472133688e+01 
7.9000000000e-01 -8.7216404380e-01 0.0000000000e+00 1.8472143568e+01 
7.9100000000e-01 -8.7216465067e-01 0.0000000000e+00 1.8472152837e+01 
7.9200000000e-01 -8.7216522014e-01 0.0000000000e+00 1.8472161535e+01 
7.9300000000e-01 -8.7216575459e-01 0.0000000000e+00 1.8472169699e+01 
7.9400000000e-01 -8.7216625620e-01 0.0000000000e+00 1.8472177359e+01 
7.9500000000e-01 -8.7216672692e-01 0.0000000000e+00 1.8472184549e+01 
7.9600000000e-01 -8.7216716857e-01 0.0000000000e+00 1.8472191294e+01 
7.9700000000e-01 -8.7216758279e-01 0.0000000000e+00 1.8472197621e+01 
7.9800000000e-01 -8.7216797110e-01 0.0000000000e+00 1.8472203552e+01 
7.9900000000e-01 -8.7216833491e-01 0.0000000000e+00 1.8472209108e+01 
8.0000000000e-01 -8.7216867553e-01 0.0000000000e+00 1.8472214312e+01 
8.0098000000e-01 -8.7216898854e-01 0.0000000000e+00 1.8472219092e+01 
8.0202000000e-01 -8.7216929710e-01 0.0000000000e+00 1.8472223805e+01 
8.0311000000e-01 -8.7216959972e-01 0.0000000000e+00 1.8472228428e+01 
8.0427000000e-01 -8.7216989483e-01 0.0000000000e+00 1.8472232936e+01 
8.0549000000e-01 -8.7217018071e-01 0.0000000000e+00 1.8472237303e+01 
8.0677000000e-01 -8.7217045557e-01 0.0000000000e+00 1.8472241502e+01 
8.0813000000e-01 -8.7217071749e-01 0.0000000000e+00 1.8472245502e+01 
8.0956000000e-01 -8.7217096441e-01 0.0000000000e+00 1.8472249275e+01 
8.1108000000e-01 -8.7217119420e-01 0.0000000000e+00 1.8472252785e+01 
8.1267000000e-01 -8.7217140455e-01 0.0000000000e+00 1.8472255999e+01 
8.1436000000e-01 -8.7217159308e-01 0.0000000000e+00 1.8472258880e+01 
8.1614000000e-01 -8.7217175722e-01 0.0000000000e+00 1.8472261389e+01 
8.1802000000e-01 -8.7217189430e-01 0.0000000000e+00 1.8472263484e+01 
8.2000000000e-01 -8.7217200147e-01 0.0000000000e+00 1.8472265122e+01 
8.2197000000e-01 -8.7217207236e-01 0.0000000000e+00 1.8472266207e+01 
8.2416000000e-01 -8.7217211255e-01 0.0000000000e+00 1.8472266822e+01 
8.2660000000e-01 -8.7217211255e-01 0.0000000000e+00 1.8472266824e+01 
8.2932000000e-01 -8.7217206103e-01 0.0000000000e+00 1.8472266040e+01 
8.3235000000e-01 -8.7217194447e-01 0.0000000000e+00 1.8472264263e+01 
8.3573000000e-01 -8.7217174678e-01 0.0000000000e+00 1.8472261247e+01 
8.3950000000e-01 -8.7217144866e-01 0.0000000000e+00 1.8472256698e+01 
8.4369000000e-01 -8.7217102676e-01 0.0000000000e+00 1.8472250260e+01 
8.4837000000e-01 -8.7217045245e-01 0.0000000000e+00 1.8472241493e+01 
8.5357000000e-01 -8.7216968993e-01 0.0000000000e+00 1.8472229853e+01 
8.5938000000e-01 -8.7216869341e-01 0.0000000000e+00 1.8472214641e+01 
8.6585000000e-01 -8.7216740260e-01 0.0000000000e+00 1.8472194934e+01 
8.7305000000e-01 -8.7216573537e-01 0.0000000000e+00 1.8472169480e+01 
8.8108000000e-01 -8.7216357550e-01 0.0000000000e+00 1.8472136503e+01 
8.9003000000e-01 -8.7216075093e-01 0.0000000000e+00 1.8472093377e+01 
9.0000000000e-01 -8.7215699375e-01 0.0000000000e+00 1.8472036007e+01 
9.1000000000e-01 -8.7215242024e-01 0.0000000000e+00 1.8471966169e+01 
9.1945000000e-01 -8.7214712389e-01 0.0000000000e+00 1.8471885291e+01 
9.2839000000e-01 -8.7214095761e-01 0.0000000000e+00 1.8471791125e+01 
9.3685000000e-01 -8.7213372741e-01 0.0000000000e+00 1.8471680707e+01 
9.4486000000e-01 -8.7212518405e-01 0.0000000000e+00 1.8471550230e+01 
9.5243000000e-01 -8.7211501183e-01 0.0000000000e+00 1.8471394870e+01 
9.5959000000e-01 -8.7210281343e-01 0.0000000000e+00 1.8471208555e+01 
9.6636000000e-01 -8.7208808838e-01 0.0000000000e+00 1.8470983639e+01 
9.7277000000e-01 -8.7207020047e-01 0.0000000000e+00 1.8470710393e+01 
9.7883000000e-01 -8.7204832502e-01 0.0000000000e+00 1.8470376215e+01 
9.8457000000e-01 -8.7202135251e-01 0.0000000000e+00 1.8469964140e+01 
9.8999000000e-01 -8.7198767425e-01 0.0000000000e+00 1.8469449564e+01 
9.9512000000e-01 -8.7194457972e-01 0.0000000000e+00 1.8468791034e+01 
9.9997000000e-01 -8.7188622872e-01 0.0000000000e+00 1.8467899225e+01 
1.0045700000e+00 -8.7179628468e-01 0.0000000000e+00 1.8466524238e+01 
1.0089100000e+00 -8.7162109462e-01 0.0000000000e+00 1.8463844966e+01 
1.0130200000e+00 -8.7117556195e-01 0.0000000000e+00 1.8457024601e+01 
1.0169000000e+00 -8.6983226554e-01 0.0000000000e+00 1.8436404612e+01 
1.0205800000e+00 -8.6559230575e-01 0.0000000000e+00 1.8370793067e+01 
1.0240600000e+00 -8.5287494312e-01 1.5871380760e+01 1.8169925294e+01 
1.0273500000e+00 -8.2034470987e-01 2.0147339001e+01 1.7638809769e+01 
1.0304600000e+00 -7.5774011572e-01 2.1595920470e+01 1.6592946494e+01 
1.0334000000e+00 -6.6563821746e-01 2.2219735513e+01 1.5046284354e+01 
1.0361800000e+00 -5.4813547876e-01 2.2569698729e+01 1.3073643114e+01 
1.0388200000e+00 -4.0850889291e-01 2.2822309296e+01 1.0916683143e+01 
1.0413100000e+00 -2.4934593857e-01 2.3034427989e+01 1.0386399967e+01 
1.0436700000e+00 -7.2969090852e-02 2.3216037926e+01 1.0298443343e+01 
1.0459000000e+00 1.1819976978e-01 2.3365851395e+01 1.0186017262e+01 
1.0480100000e+00 3.2135927728e-01 2.3476238053e+01 9.9969697762e+00 
1.0500000000e+00 5.3335905635e-01 2.3080068760e+01 9.8904732126e+00 
1.0519900000e+00 5.5288322711e-01 1.3573813101e+01 9.5517906586e+00 
1.0539900000e+00 5.5441929447e-01 3.0056158477e-12 9.5132990173e+00 
1.0560200000e+00 5.5453730118e-01 0.0000000000e+00 9.5021751547e+00 
1.0580600000e+00 5.5454620649e-01 0.0000000000e+00 9.4956569925e+00 
1.0601300000e+00 5.5454686704e-01 0.0000000000e+00 9.4910966499e+00 
1.0622200000e+00 5.5454691532e-01 0.0000000000e+00 9.4876297612e+00 
1.0643300000e+00 5.5454691889e-01 0.0000000000e+00 9.4847682530e+00 
1.0664600000e+00 5.5454691924e-01 0.0000000000e+00 9.4822260881e+00 
1.0686100000e+00 5.5454691935e-01 0.0000000000e+00 9.4798411489e+00 
1.0707900000e+00 5.5454691944e-01 0.0000000000e+00 9.4775240005e+00 
1.0729800000e+00 5.5454691952e-01 0.0000000000e+00 9.4752261150e+00 
1.0752000000e+00 5.5454691960e-01 0.0000000000e+00 9.4729213753e+00 
1.0774400000e+00 5.5454691967e-01 0.0000000000e+00 9.4705957176e+00 
1.0797100000e+00 5.5454691975e-01 0.0000000000e+00 9.4682414634e+00 
1.0820000000e+00 5.5454691982e-01 0.0000000000e+00 9.4658542809e+00 
1.0843100000e+00 5.5454691988e-01 0.0000000000e+00 9.4634315680e+00 
1.0866400000e+00 5.5454691995e-01 0.0000000000e+00 9.4609716034e+00 
1.0890000000e+00 5.5454692002e-01 0.0000000000e+00 9.4584731001e+00 
1.0913800000e+00 5.5454692008e-01 0.0000000000e+00 9.4559349825e+00 
1.0937900000e+00 5.5454692015e-01 0.0000000000e+00 9.4533562673e+00 
1.0962200000e+00 5.5454692021e-01 0.0000000000e+00 9.4507360028e+00 
1.0986700000e+00 5.5454692028e-01 0.0000000000e+00 9.4480732338e+00 
1.1011500000e+00 5.5454692034e-01 0.0000000000e+00 9.4453669950e+00 
1.1036600000e+00 5.5454692040e-01 0.0000000000e+00 9.4426162917e+00 
1.1061900000e+00 5.5454692047e-01 0.0000000000e+00 9.4398201045e+00 
1.1087500000e+00 5.5454692053e-01 0.0000000000e+00 9.4369773792e+00 
1.1113300000e+00 5.5454692059e-01 0.0000000000e+00 9.4340870298e+00 
1.1139400000e+00 5.5454692066e-01 0.0000000000e+00 9.4311479337e+00 
1.1165700000e+00 5.5454692072e-01 0.0000000000e+00 9.4281589291e+00 
1.1192400000e+00 5.5454692078e-01 0.0000000000e+00 9.4251188142e+00 
1.1219300000e+00 5.5454692085e-01 0.0000000000e+00 9.4220263508e+00 
1.1246400000e+00 5.5454692091e-01 0.0000000000e+00 9.4188802491e+00 
1.1273900000e+00 5.5454692098e-01 0.0000000000e+00 9.4156791825e+00 
1.1301600000e+00 5.5454692104e-01 0.0000000000e+00 9.4124217717e+00 
1.1329600000e+00 5.5454692111e-01 0.0000000000e+00 9.4091065880e+00 
1.1357900000e+00 5.5454692117e-01 0.0000000000e+00 9.4057321541e+00 
1.1386500000e+00 5.5454692124e-01 0.0000000000e+00 9.4022969347e+00 
1.1415300000e+00 5.5454692130e-01 0.0000000000e+00 9.3987993390e+00 
1.1444500000e+00 5.5454692137e-01 0.0000000000e+00 9.3952377128e+00 
1.1473900000e+00 5.5454692144e-01 0.0000000000e+00 9.3916103441e+00 
1.1503700000e+00 5.5454692150e-01 0.0000000000e+00 9.3879154512e+00 
1.1533800000e+00 5.5454692157e-01 0.0000000000e+00 9.3841511808e+00 
1.1564100000e+00 5.5454692164e-01 0.0000000000e+00 9.3803156100e+00 
1.1594800000e+00 5.5454692171e-01 0.0000000000e+00 9.3764067368e+00 
1.1625800000e+00 5.5454692178e-01 0.0000000000e+00 9.3724224760e+00 
1.1657100000e+00 5.5454692185e-01 0.0000000000e+00 9.3683606585e+00 
1.1688700000e+00 5.5454692192e-01 0.0000000000e+00 9.3642190225e+00 
1.1720700000e+00 5.5454692199e-01 0.0000000000e+00 9.3599952089e+00 
1.1752900000e+00 5.5454692206e-01 0.0000000000e+00 9.3556867609e+00 
1.1785500000e+00 5.5454692214e-01 0.0000000000e+00 9.3512911111e+00 
1.1818400000e+00 5.5454692221e-01 0.0000000000e+00 9.3468055766e+00 
1.1851700000e+00 5.5454692228e-01 0.0000000000e+00 9.3422273584e+00 
1.1885300000e+00 5.5454692236e-01 0.0000000000e+00 9.3375535239e+00 
1.1919200000e+00 5.5454692243e-01 0.0000000000e+00 9.3327810114e+00 
1.1953500000e+00 5.5454692251e-01 0.0000000000e+00 9.3279066052e+00 
1.1988200000e+00 5.5454692259e-01 0.0000000000e+00 9.3229269447e+00 
1.2023200000e+00 5.5454692266e-01 0.0000000000e+00 9.3178384981e+00 
1.2058500000e+00 5.5454692274e-01 0.0000000000e+00 9.3126375641e+00 
1.2094200000e+00 5.5454692282e-01 0.0000000000e+00 9.3073202521e+00 
1.2130300000e+00 5.5454692290e-01 0.0000000000e+00 9.3018824754e+00 
1.2166700000e+00 5.5454692298e-01 0.0000000000e+00 9.2963199293e+00 
1.2203500000e+00 5.5454692306e-01 0.0000000000e+00 9.2906280845e+00 
1.2240700000e+00 5.5454692314e-01 0.0000000000e+00 9.2848021686e+00 
1.2278200000e+00 5.5454692322e-01 0.0000000000e+00 9.2788371443e+00 
1.2316200000e+00 5.5454692331e-01 0.0000000000e+00 9.2727276916e+00 
1.2354500000e+00 5.5454692339e-01 0.0000000000e+00 9.2664681887e+00 
1.2393200000e+00 5.5454692348e-01 0.0000000000e+00 9.2600526867e+00 
1.2432300000e+00 5.5454692356e-01 0.0000000000e+00 9.2534748883e+00 
1.2471800000e+00 5.5454692365e-01 0.0000000000e+00 9.2467281053e+00 
1.2511700000e+00 5.5454692373e-01 0.0000000000e+00 9.2398052465e+00 
1.2552000000e+00 5.5454692382e-01 0.0000000000e+00 9.2326987709e+00 
1.2592700000e+00 5.5454692391e-01 0.0000000000e+00 9.2254006472e+00 
1.2633900000e+00 5.5454692400e-01 0.0000000000e+00 9.2179023235e+00 
1.2675400000e+00 5.5454692409e-01 0.0000000000e+00 9.2101946680e+00 
1.2717400000e+00 5.5454692418e-01 0.0000000000e+00 9.2022679234e+00 
1.2759800000e+00 5.5454692427e-01 0.0000000000e+00 9.1941116461e+00 
1.2802600000e+00 5.5454692437e-01 0.0000000000e+00 9.1857146344e+00 
1.2845900000e+00 5.5454692446e-01 0.0000000000e+00 9.1770648656e+00 
1.2889600000e+00 5.5454692456e-01 0.0000000000e+00 9.1681494017e+00 
1.2933800000e+00 5.5454692465e-01 0.0000000000e+00 9.1589543065e+00 
1.2978400000e+00 5.5454692475e-01 0.0000000000e+00 9.1494645244e+00 
1.3023400000e+00 5.5454692485e-01 0.0000000000e+00 9.1396637709e+00 
1.3069000000e+00 5.5454692495e-01 0.0000000000e+00 9.1295343947e+00 
1.3114900000e+00 5.5454692505e-01 0.0000000000e+00 9.1190572036e+00 
1.3161400000e+00 5.5454692515e-01 0.0000000000e+00 9.1082113052e+00 
1.3208300000e+00 5.5454692525e-01 0.0000000000e+00 9.0969738809e+00 
1.3255700000e+00 5.5454692535e-01 0.0000000000e+00 9.0853199465e+00 
1.3303600000e+00 5.5454692545e-01 0.0000000000e+00 9.0732220733e+00 
1.3351900000e+00 5.5454692556e-01 0.0000000000e+00 9.0606500578e+00 
1.3400800000e+00 5.5454692566e-01 0.0000000000e+00 9.0475705232e+00 
1.3450100000e+00 5.5454692577e-01 0.0000000000e+00 9.0339464801e+00 
1.3500000000e+00 5.5454692588e-01 0.0000000000e+00 9.0197367634e+00 
1.3547900000e+00 5.5454692598e-01 0.0000000000e+00 9.0056299077e+00 
1.3601300000e+00 5.5454692610e-01 0.0000000000e+00 8.9893362019e+00 
1.3660900000e+00 5.5454692623e-01 0.0000000000e+00 8.9704121768e+00 
1.3727400000e+00 5.5454692637e-01 0.0000000000e+00 8.9482854156e+00 
1.3801600000e+00 5.5454692653e-01 0.0000000000e+00 8.9222001583e+00 
1.3884300000e+00 5.5454692671e-01 0.0000000000e+00 8.8911307521e+00 
1.3976500000e+00 5.5454692691e-01 0.0000000000e+00 8.8536370176e+00 
1.4079400000e+00 5.5454692713e-01 0.0000000000e+00 8.8076073801e+00 
1.4194200000e+00 5.5454692738e-01 0.0000000000e+00 8.7497656882e+00 
1.4322200000e+00 5.5454692766e-01 0.0000000000e+00 8.6746206954e+00 
1.4465000000e+00 5.5454692796e-01 0.0000000000e+00 8.5718750533e+00 
1.4624200000e+00 5.5454692831e-01 0.0000000000e+00 8.4184068435e+00 
1.4801900000e+00 5.5454692869e-01 0.0000000000e+00 8.1404294293e+00 
1.5000000000e+00 5.5454692912e-01 0.0000000000e+00 1.8916843013e+00 
