EXPORTED CROSS SECTION DATA
433 4 4
x coordinate
Potential
Impact Gen Rate
Hole Conc
0.0000000000e+00 -4.4545307088e-01 0.0000000000e+00 1.8916843013e+00 
1.9810000000e-02 -4.4545306880e-01 0.0000000000e+00 1.1188480598e+01 
3.7580000000e-02 -4.4545306694e-01 0.0000000000e+00 1.1466453675e+01 
5.3500000000e-02 -4.4545306527e-01 0.0000000000e+00 1.1619920718e+01 
6.7780000000e-02 -4.4545306378e-01 0.0000000000e+00 1.1722666151e+01 
8.0580000000e-02 -4.4545306244e-01 0.0000000000e+00 1.1797811341e+01 
9.2060000000e-02 -4.4545306123e-01 0.0000000000e+00 1.1855653433e+01 
1.0235000000e-01 -4.4545306015e-01 0.0000000000e+00 1.1901683575e+01 
1.1157000000e-01 -4.4545305919e-01 0.0000000000e+00 1.1939177862e+01 
1.1984000000e-01 -4.4545305832e-01 0.0000000000e+00 1.1970247838e+01 
1.2726000000e-01 -4.4545305754e-01 0.0000000000e+00 1.1996333662e+01 
1.3391000000e-01 -4.4545305685e-01 0.0000000000e+00 1.2018460976e+01 
1.3987000000e-01 -4.4545305622e-01 0.0000000000e+00 1.2037385525e+01 
1.4521000000e-01 -4.4545305566e-01 0.0000000000e+00 1.2053679729e+01 
1.5000000000e-01 -4.4545305516e-01 0.0000000000e+00 1.2067787048e+01 
1.5499000000e-01 -4.4545305464e-01 0.0000000000e+00 1.2081997269e+01 
1.5992000000e-01 -4.4545305412e-01 0.0000000000e+00 1.2095621832e+01 
1.6481000000e-01 -4.4545305361e-01 0.0000000000e+00 1.2108701893e+01 
1.6964000000e-01 -4.4545305310e-01 0.0000000000e+00 1.2121274452e+01 
1.7443000000e-01 -4.4545305260e-01 0.0000000000e+00 1.2133372877e+01 
1.7917000000e-01 -4.4545305211e-01 0.0000000000e+00 1.2145027375e+01 
1.8386000000e-01 -4.4545305161e-01 0.0000000000e+00 1.2156265374e+01 
1.8851000000e-01 -4.4545305113e-01 0.0000000000e+00 1.2167111853e+01 
1.9310000000e-01 -4.4545305065e-01 0.0000000000e+00 1.2177589634e+01 
1.9766000000e-01 -4.4545305017e-01 0.0000000000e+00 1.2187719610e+01 
2.0216000000e-01 -4.4545304970e-01 0.0000000000e+00 1.2197520967e+01 
2.0662000000e-01 -4.4545304923e-01 0.0000000000e+00 1.2207011358e+01 
2.1104000000e-01 -4.4545304877e-01 0.0000000000e+00 1.2216207073e+01 
2.1541000000e-01 -4.4545304831e-01 0.0000000000e+00 1.2225123157e+01 
2.1974000000e-01 -4.4545304786e-01 0.0000000000e+00 1.2233773553e+01 
2.2402000000e-01 -4.4545304741e-01 0.0000000000e+00 1.2242171193e+01 
2.2826000000e-01 -4.4545304696e-01 0.0000000000e+00 1.2250328108e+01 
2.3246000000e-01 -4.4545304652e-01 0.0000000000e+00 1.2258255486e+01 
2.3661000000e-01 -4.4545304609e-01 0.0000000000e+00 1.2265963780e+01 
2.4073000000e-01 -4.4545304566e-01 0.0000000000e+00 1.2273462743e+01 
2.4480000000e-01 -4.4545304523e-01 0.0000000000e+00 1.2280761505e+01 
2.4883000000e-01 -4.4545304481e-01 0.0000000000e+00 1.2287868624e+01 
2.5282000000e-01 -4.4545304439e-01 0.0000000000e+00 1.2294792122e+01 
2.5677000000e-01 -4.4545304398e-01 0.0000000000e+00 1.2301539545e+01 
2.6068000000e-01 -4.4545304357e-01 0.0000000000e+00 1.2308117983e+01 
2.6455000000e-01 -4.4545304316e-01 0.0000000000e+00 1.2314534120e+01 
2.6838000000e-01 -4.4545304276e-01 0.0000000000e+00 1.2320794256e+01 
2.7218000000e-01 -4.4545304236e-01 0.0000000000e+00 1.2326904341e+01 
2.7593000000e-01 -4.4545304197e-01 0.0000000000e+00 1.2332869995e+01 
2.7965000000e-01 -4.4545304158e-01 0.0000000000e+00 1.2338696534e+01 
2.8333000000e-01 -4.4545304120e-01 0.0000000000e+00 1.2344388996e+01 
2.8697000000e-01 -4.4545304082e-01 0.0000000000e+00 1.2349952155e+01 
2.9058000000e-01 -4.4545304044e-01 0.0000000000e+00 1.2355390538e+01 
2.9415000000e-01 -4.4545304006e-01 0.0000000000e+00 1.2360708450e+01 
2.9768000000e-01 -4.4545303969e-01 0.0000000000e+00 1.2365909978e+01 
3.0118000000e-01 -4.4545303933e-01 0.0000000000e+00 1.2370999007e+01 
3.0465000000e-01 -4.4545303897e-01 0.0000000000e+00 1.2375979245e+01 
3.0808000000e-01 -4.4545303861e-01 0.0000000000e+00 1.2380854218e+01 
3.1147000000e-01 -4.4545303825e-01 0.0000000000e+00 1.2385627291e+01 
3.1483000000e-01 -4.4545303790e-01 0.0000000000e+00 1.2390301670e+01 
3.1816000000e-01 -4.4545303755e-01 0.0000000000e+00 1.2394880426e+01 
3.2145000000e-01 -4.4545303721e-01 0.0000000000e+00 1.2399366484e+01 
3.2471000000e-01 -4.4545303687e-01 0.0000000000e+00 1.2403762646e+01 
3.2793000000e-01 -4.4545303653e-01 0.0000000000e+00 1.2408071594e+01 
3.3113000000e-01 -4.4545303619e-01 0.0000000000e+00 1.2412295893e+01 
3.3429000000e-01 -4.4545303586e-01 0.0000000000e+00 1.2416438001e+01 
3.3742000000e-01 -4.4545303554e-01 0.0000000000e+00 1.2420500276e+01 
3.4052000000e-01 -4.4545303521e-01 0.0000000000e+00 1.2424484979e+01 
3.4359000000e-01 -4.4545303489e-01 0.0000000000e+00 1.2428394279e+01 
3.4662000000e-01 -4.4545303457e-01 0.0000000000e+00 1.2432230259e+01 
3.4963000000e-01 -4.4545303426e-01 0.0000000000e+00 1.2435994923e+01 
3.5261000000e-01 -4.4545303395e-01 0.0000000000e+00 1.2439690194e+01 
3.5555000000e-01 -4.4545303364e-01 0.0000000000e+00 1.2443317923e+01 
3.5847000000e-01 -4.4545303334e-01 0.0000000000e+00 1.2446879890e+01 
3.6135000000e-01 -4.4545303303e-01 0.0000000000e+00 1.2450377811e+01 
3.6421000000e-01 -4.4545303273e-01 0.0000000000e+00 1.2453813339e+01 
3.6704000000e-01 -4.4545303244e-01 0.0000000000e+00 1.2457188062e+01 
3.6984000000e-01 -4.4545303215e-01 0.0000000000e+00 1.2460503517e+01 
3.7261000000e-01 -4.4545303186e-01 0.0000000000e+00 1.2463761182e+01 
3.7536000000e-01 -4.4545303157e-01 0.0000000000e+00 1.2466962486e+01 
3.7807000000e-01 -4.4545303129e-01 0.0000000000e+00 1.2470108807e+01 
3.8076000000e-01 -4.4545303101e-01 0.0000000000e+00 1.2473201477e+01 
3.8343000000e-01 -4.4545303073e-01 0.0000000000e+00 1.2476241781e+01 
3.8606000000e-01 -4.4545303045e-01 0.0000000000e+00 1.2479230961e+01 
3.8867000000e-01 -4.4545303018e-01 0.0000000000e+00 1.2482170222e+01 
3.9125000000e-01 -4.4545302991e-01 0.0000000000e+00 1.2485060721e+01 
3.9381000000e-01 -4.4545302964e-01 0.0000000000e+00 1.2487903587e+01 
3.9634000000e-01 -4.4545302938e-01 0.0000000000e+00 1.2490699908e+01 
3.9885000000e-01 -4.4545302912e-01 0.0000000000e+00 1.2493450736e+01 
4.0133000000e-01 -4.4545302886e-01 0.0000000000e+00 1.2496157093e+01 
4.0378000000e-01 -4.4545302861e-01 0.0000000000e+00 1.2498819969e+01 
4.0621000000e-01 -4.4545302835e-01 0.0000000000e+00 1.2501440322e+01 
4.0862000000e-01 -4.4545302810e-01 0.0000000000e+00 1.2504019084e+01 
4.1100000000e-01 -4.4545302785e-01 0.0000000000e+00 1.2506557154e+01 
4.1336000000e-01 -4.4545302761e-01 0.0000000000e+00 1.2509055410e+01 
4.1569000000e-01 -4.4545302737e-01 0.0000000000e+00 1.2511514701e+01 
4.1800000000e-01 -4.4545302713e-01 0.0000000000e+00 1.2513935854e+01 
4.2029000000e-01 -4.4545302689e-01 0.0000000000e+00 1.2516319667e+01 
4.2256000000e-01 -4.4545302666e-01 0.0000000000e+00 1.2518666924e+01 
4.2480000000e-01 -4.4545302643e-01 0.0000000000e+00 1.2520978380e+01 
4.2702000000e-01 -4.4545302620e-01 0.0000000000e+00 1.2523254775e+01 
4.2921000000e-01 -4.4545302597e-01 0.0000000000e+00 1.2525496827e+01 
4.3139000000e-01 -4.4545302575e-01 0.0000000000e+00 1.2527705231e+01 
4.3354000000e-01 -4.4545302553e-01 0.0000000000e+00 1.2529880668e+01 
4.3567000000e-01 -4.4545302537e-01 0.0000000000e+00 1.2532023796e+01 
4.3778000000e-01 -4.4545302587e-01 0.0000000000e+00 1.2534135254e+01 
4.3987000000e-01 -4.4545303565e-01 0.0000000000e+00 1.2536215783e+01 
4.4194000000e-01 -4.4545317245e-01 0.0000000000e+00 1.2538267897e+01 
4.4398000000e-01 -4.4545502066e-01 0.0000000000e+00 1.2540318684e+01 
4.4601000000e-01 -4.4547952713e-01 0.0000000000e+00 1.2542720457e+01 
4.4801000000e-01 -4.4579880331e-01 0.0000000000e+00 1.2550045502e+01 
4.5000000000e-01 -4.4988131505e-01 0.0000000000e+00 1.2620415172e+01 
4.5199000000e-01 -5.0089820909e-01 0.0000000000e+00 1.2490541468e+01 
4.5410000000e-01 -5.2911939715e-01 0.0000000000e+00 1.2965793641e+01 
4.5633000000e-01 -5.4865553090e-01 0.0000000000e+00 1.3294336249e+01 
4.5869000000e-01 -5.6364928793e-01 0.0000000000e+00 1.3546375430e+01 
4.6118000000e-01 -5.7584246204e-01 0.0000000000e+00 1.3751296188e+01 
4.6382000000e-01 -5.8613518474e-01 0.0000000000e+00 1.3924258433e+01 
4.6660000000e-01 -5.9505526098e-01 0.0000000000e+00 1.4074144065e+01 
4.6954000000e-01 -6.0293819922e-01 0.0000000000e+00 1.4206596432e+01 
4.7265000000e-01 -6.1000923656e-01 0.0000000000e+00 1.4325403042e+01 
4.7594000000e-01 -6.1642562539e-01 0.0000000000e+00 1.4433207719e+01 
4.7942000000e-01 -6.2230044570e-01 0.0000000000e+00 1.4531911398e+01 
4.8310000000e-01 -6.2771690936e-01 0.0000000000e+00 1.4622912802e+01 
4.8698000000e-01 -6.3273739198e-01 0.0000000000e+00 1.4707260345e+01 
4.9109000000e-01 -6.3740937439e-01 0.0000000000e+00 1.4785752054e+01 
4.9543000000e-01 -6.4176949542e-01 0.0000000000e+00 1.4859003715e+01 
5.0003000000e-01 -6.4584641409e-01 0.0000000000e+00 1.4927496988e+01 
5.0488000000e-01 -6.4966290291e-01 0.0000000000e+00 1.4991614598e+01 
5.1001000000e-01 -6.5323743539e-01 0.0000000000e+00 1.5051667017e+01 
5.1543000000e-01 -6.5658543639e-01 0.0000000000e+00 1.5107913482e+01 
5.2117000000e-01 -6.5972030508e-01 0.0000000000e+00 1.5160579186e+01 
5.2723000000e-01 -6.6265428604e-01 0.0000000000e+00 1.5209869916e+01 
5.3364000000e-01 -6.6539924103e-01 0.0000000000e+00 1.5255985017e+01 
5.4041000000e-01 -6.6796736469e-01 0.0000000000e+00 1.5299129425e+01 
5.4757000000e-01 -6.7037188732e-01 0.0000000000e+00 1.5339525460e+01 
5.5514000000e-01 -6.7262781492e-01 0.0000000000e+00 1.5377425272e+01 
5.6315000000e-01 -6.7475277835e-01 0.0000000000e+00 1.5413125094e+01 
5.7161000000e-01 -6.7676809444e-01 0.0000000000e+00 1.5446983065e+01 
5.8055000000e-01 -6.7870020421e-01 0.0000000000e+00 1.5479443394e+01 
5.9000000000e-01 -6.8058274493e-01 0.0000000000e+00 1.5511071145e+01 
6.0000000000e-01 -6.8245966805e-01 0.0000000000e+00 1.5542604614e+01 
6.0997000000e-01 -6.8428264440e-01 0.0000000000e+00 1.5573231642e+01 
6.1892000000e-01 -6.8593282775e-01 0.0000000000e+00 1.5600955354e+01 
6.2695000000e-01 -6.8746764702e-01 0.0000000000e+00 1.5626740481e+01 
6.3415000000e-01 -6.8892181691e-01 0.0000000000e+00 1.5651170203e+01 
6.4062000000e-01 -6.9031546136e-01 0.0000000000e+00 1.5674582601e+01 
6.4643000000e-01 -6.9165928264e-01 0.0000000000e+00 1.5697157495e+01 
6.5163000000e-01 -6.9295797408e-01 0.0000000000e+00 1.5718973773e+01 
6.5631000000e-01 -6.9421252878e-01 0.0000000000e+00 1.5740048167e+01 
6.6050000000e-01 -6.9542181959e-01 0.0000000000e+00 1.5760361796e+01 
6.6427000000e-01 -6.9658367837e-01 0.0000000000e+00 1.5779878295e+01 
6.6765000000e-01 -6.9769562087e-01 0.0000000000e+00 1.5798555985e+01 
6.7068000000e-01 -6.9875531624e-01 0.0000000000e+00 1.5816355765e+01 
6.7340000000e-01 -6.9976087213e-01 0.0000000000e+00 1.5833245896e+01 
6.7584000000e-01 -7.0071098760e-01 0.0000000000e+00 1.5849204572e+01 
6.7803000000e-01 -7.0160501297e-01 0.0000000000e+00 1.5864220922e+01 
6.8000000000e-01 -7.0244294614e-01 0.0000000000e+00 1.5878294948e+01 
6.8198000000e-01 -7.0332387640e-01 0.0000000000e+00 1.5893090971e+01 
6.8386000000e-01 -7.0419407887e-01 0.0000000000e+00 1.5907706624e+01 
6.8564000000e-01 -7.0505238528e-01 0.0000000000e+00 1.5922122289e+01 
6.8733000000e-01 -7.0589769121e-01 0.0000000000e+00 1.5936319426e+01 
6.8892000000e-01 -7.0672896588e-01 0.0000000000e+00 1.5950280729e+01 
6.9044000000e-01 -7.0754525948e-01 0.0000000000e+00 1.5963990253e+01 
6.9187000000e-01 -7.0834570803e-01 0.0000000000e+00 1.5977433497e+01 
6.9323000000e-01 -7.0912953649e-01 0.0000000000e+00 1.5990597452e+01 
6.9451000000e-01 -7.0989606011e-01 0.0000000000e+00 1.6003470627e+01 
6.9573000000e-01 -7.1064468444e-01 0.0000000000e+00 1.6016043043e+01 
6.9689000000e-01 -7.1137490421e-01 0.0000000000e+00 1.6028306228e+01 
6.9798000000e-01 -7.1208630124e-01 0.0000000000e+00 1.6040253166e+01 
6.9902000000e-01 -7.1277854159e-01 0.0000000000e+00 1.6051878257e+01 
7.0000000000e-01 -7.1345137209e-01 0.0000000000e+00 1.6063177259e+01 
7.0100000000e-01 -7.1415433524e-01 0.0000000000e+00 1.6074982146e+01 
7.0200000000e-01 -7.1487575618e-01 0.0000000000e+00 1.6087096847e+01 
7.0300000000e-01 -7.1561632685e-01 0.0000000000e+00 1.6099532963e+01 
7.0400000000e-01 -7.1637677570e-01 0.0000000000e+00 1.6112302710e+01 
7.0500000000e-01 -7.1715787053e-01 0.0000000000e+00 1.6125418964e+01 
7.0600000000e-01 -7.1796042158e-01 0.0000000000e+00 1.6138895309e+01 
7.0700000000e-01 -7.1878528493e-01 0.0000000000e+00 1.6152746103e+01 
7.0800000000e-01 -7.1963336625e-01 0.0000000000e+00 1.6166986522e+01 
7.0900000000e-01 -7.2050562495e-01 0.0000000000e+00 1.6181632655e+01 
7.1000000000e-01 -7.2140307877e-01 0.0000000000e+00 1.6196701557e+01 
7.1100000000e-01 -7.2232680885e-01 0.0000000000e+00 1.6212211346e+01 
7.1200000000e-01 -7.2327796541e-01 0.0000000000e+00 1.6228181303e+01 
7.1300000000e-01 -7.2425777397e-01 0.0000000000e+00 1.6244631956e+01 
7.1400000000e-01 -7.2526754241e-01 0.0000000000e+00 1.6261585224e+01 
7.1500000000e-01 -7.2630866880e-01 0.0000000000e+00 1.6279064520e+01 
7.1600000000e-01 -7.2738265012e-01 0.0000000000e+00 1.6297094920e+01 
7.1700000000e-01 -7.2849109211e-01 0.0000000000e+00 1.6315703317e+01 
7.1800000000e-01 -7.2963572035e-01 0.0000000000e+00 1.6334918600e+01 
7.1900000000e-01 -7.3081839269e-01 0.0000000000e+00 1.6354771868e+01 
7.2000000000e-01 -7.3204111335e-01 0.0000000000e+00 1.6375296673e+01 
7.2100000000e-01 -7.3330604889e-01 0.0000000000e+00 1.6396529265e+01 
7.2200000000e-01 -7.3461554636e-01 0.0000000000e+00 1.6418508911e+01 
7.2300000000e-01 -7.3597215390e-01 0.0000000000e+00 1.6441278230e+01 
7.2400000000e-01 -7.3737864442e-01 0.0000000000e+00 1.6464883587e+01 
7.2500000000e-01 -7.3883804262e-01 0.0000000000e+00 1.6489375543e+01 
7.2600000000e-01 -7.4035365615e-01 0.0000000000e+00 1.6514809371e+01 
7.2700000000e-01 -7.4192911149e-01 0.0000000000e+00 1.6541245648e+01 
7.2800000000e-01 -7.4356839560e-01 0.0000000000e+00 1.6568750943e+01 
7.2900000000e-01 -7.4527590427e-01 0.0000000000e+00 1.6597398623e+01 
7.3000000000e-01 -7.4705649865e-01 0.0000000000e+00 1.6627269775e+01 
7.3100000000e-01 -7.4891557143e-01 0.0000000000e+00 1.6658454306e+01 
7.3200000000e-01 -7.5085912499e-01 0.0000000000e+00 1.6691052218e+01 
7.3300000000e-01 -7.5289386372e-01 0.0000000000e+00 1.6725175133e+01 
7.3400000000e-01 -7.5502730419e-01 0.0000000000e+00 1.6760948082e+01 
7.3500000000e-01 -7.5726790682e-01 0.0000000000e+00 1.6798511670e+01 
7.3600000000e-01 -7.5962523480e-01 0.0000000000e+00 1.6838024647e+01 
7.3700000000e-01 -7.6211014683e-01 0.0000000000e+00 1.6879667038e+01 
7.3800000000e-01 -7.6473503289e-01 0.0000000000e+00 1.6923643950e+01 
7.3900000000e-01 -7.6751410536e-01 0.0000000000e+00 1.6970190235e+01 
7.4000000000e-01 -7.7046376190e-01 0.0000000000e+00 1.7019576291e+01 
7.4100000000e-01 -7.7360304392e-01 0.0000000000e+00 1.7072115315e+01 
7.4200000000e-01 -7.7695422431e-01 0.0000000000e+00 1.7128172543e+01 
7.4300000000e-01 -7.8054357571e-01 0.0000000000e+00 1.7188177196e+01 
7.4400000000e-01 -7.8440239854e-01 0.0000000000e+00 1.7252638301e+01 
7.4500000000e-01 -7.8856843699e-01 0.0000000000e+00 1.7322166204e+01 
7.4600000000e-01 -7.9308789669e-01 0.0000000000e+00 1.7397502815e+01 
7.4700000000e-01 -7.9801843030e-01 0.0000000000e+00 1.7479565664e+01 
7.4800000000e-01 -8.0343373331e-01 0.0000000000e+00 1.7569514515e+01 
7.4900000000e-01 -8.0943090041e-01 0.0000000000e+00 1.7668855651e+01 
7.5000000000e-01 -8.1614265844e-01 0.0000000000e+00 1.8234407345e+01 
7.5100000000e-01 -8.2086559230e-01 0.0000000000e+00 1.8304433200e+01 
7.5200000000e-01 -8.2419784746e-01 0.0000000000e+00 1.8356633354e+01 
7.5300000000e-01 -8.2652144236e-01 0.0000000000e+00 1.8392774003e+01 
7.5400000000e-01 -8.2812859940e-01 0.0000000000e+00 1.8417638419e+01 
7.5500000000e-01 -8.2923436967e-01 0.0000000000e+00 1.8434679830e+01 
7.5600000000e-01 -8.2999281916e-01 0.0000000000e+00 1.8446336479e+01 
7.5700000000e-01 -8.3051230883e-01 0.0000000000e+00 1.8454305168e+01 
7.5800000000e-01 -8.3086810766e-01 0.0000000000e+00 1.8459755616e+01 
7.5900000000e-01 -8.3111206421e-01 0.0000000000e+00 1.8463489293e+01 
7.6000000000e-01 -8.3127970003e-01 0.0000000000e+00 1.8466053261e+01 
7.6100000000e-01 -8.3139526811e-01 0.0000000000e+00 1.8467820075e+01 
7.6200000000e-01 -8.3147529491e-01 0.0000000000e+00 1.8469043157e+01 
7.6300000000e-01 -8.3153103143e-01 0.0000000000e+00 1.8469894820e+01 
7.6400000000e-01 -8.3157013591e-01 0.0000000000e+00 1.8470492252e+01 
7.6500000000e-01 -8.3159782339e-01 0.0000000000e+00 1.8470915216e+01 
7.6600000000e-01 -8.3161764837e-01 0.0000000000e+00 1.8471218046e+01 
7.6700000000e-01 -8.3163203687e-01 0.0000000000e+00 1.8471437822e+01 
7.6800000000e-01 -8.3164264753e-01 0.0000000000e+00 1.8471599889e+01 
7.6900000000e-01 -8.3165061686e-01 0.0000000000e+00 1.8471721610e+01 
7.7000000000e-01 -8.3165672559e-01 0.0000000000e+00 1.8471814910e+01 
7.7100000000e-01 -8.3166151177e-01 0.0000000000e+00 1.8471888010e+01 
7.7200000000e-01 -8.3166534754e-01 0.0000000000e+00 1.8471946595e+01 
7.7300000000e-01 -8.3166849150e-01 0.0000000000e+00 1.8471994614e+01 
7.7400000000e-01 -8.3167112427e-01 0.0000000000e+00 1.8472034826e+01 
7.7500000000e-01 -8.3167337283e-01 0.0000000000e+00 1.8472069169e+01 
7.7600000000e-01 -8.3167532710e-01 0.0000000000e+00 1.8472099018e+01 
7.7700000000e-01 -8.3167705136e-01 0.0000000000e+00 1.8472125354e+01 
7.7800000000e-01 -8.3167859205e-01 0.0000000000e+00 1.8472148887e+01 
7.7900000000e-01 -8.3167998309e-01 0.0000000000e+00 1.8472170133e+01 
7.8000000000e-01 -8.3168124965e-01 0.0000000000e+00 1.8472189479e+01 
7.8100000000e-01 -8.3168241067e-01 0.0000000000e+00 1.8472207212e+01 
7.8200000000e-01 -8.3168348067e-01 0.0000000000e+00 1.8472223558e+01 
7.8300000000e-01 -8.3168447095e-01 0.0000000000e+00 1.8472238684e+01 
7.8400000000e-01 -8.3168539052e-01 0.0000000000e+00 1.8472252731e+01 
7.8500000000e-01 -8.3168624664e-01 0.0000000000e+00 1.8472265808e+01 
7.8600000000e-01 -8.3168704530e-01 0.0000000000e+00 1.8472278009e+01 
7.8700000000e-01 -8.3168779155e-01 0.0000000000e+00 1.8472289408e+01 
7.8800000000e-01 -8.3168848966e-01 0.0000000000e+00 1.8472300073e+01 
7.8900000000e-01 -8.3168914332e-01 0.0000000000e+00 1.8472310059e+01 
7.9000000000e-01 -8.3168975579e-01 0.0000000000e+00 1.8472319416e+01 
7.9100000000e-01 -8.3169032990e-01 0.0000000000e+00 1.8472328186e+01 
7.9200000000e-01 -8.3169086822e-01 0.0000000000e+00 1.8472336411e+01 
7.9300000000e-01 -8.3169137303e-01 0.0000000000e+00 1.8472344123e+01 
7.9400000000e-01 -8.3169184642e-01 0.0000000000e+00 1.8472351356e+01 
7.9500000000e-01 -8.3169229027e-01 0.0000000000e+00 1.8472358139e+01 
7.9600000000e-01 -8.3169270630e-01 0.0000000000e+00 1.8472364495e+01 
7.9700000000e-01 -8.3169309610e-01 0.0000000000e+00 1.8472370452e+01 
7.9800000000e-01 -8.3169346113e-01 0.0000000000e+00 1.8472376029e+01 
7.9900000000e-01 -8.3169380273e-01 0.0000000000e+00 1.8472381250e+01 
8.0000000000e-01 -8.3169412215e-01 0.0000000000e+00 1.8472386131e+01 
8.0098000000e-01 -8.3169441530e-01 0.0000000000e+00 1.8472390612e+01 
8.0202000000e-01 -8.3169470385e-01 0.0000000000e+00 1.8472395022e+01 
8.0311000000e-01 -8.3169498638e-01 0.0000000000e+00 1.8472399340e+01 
8.0427000000e-01 -8.3169526135e-01 0.0000000000e+00 1.8472403543e+01 
8.0549000000e-01 -8.3169552711e-01 0.0000000000e+00 1.8472407607e+01 
8.0677000000e-01 -8.3169578193e-01 0.0000000000e+00 1.8472411503e+01 
8.0813000000e-01 -8.3169602394e-01 0.0000000000e+00 1.8472415204e+01 
8.0956000000e-01 -8.3169625117e-01 0.0000000000e+00 1.8472418680e+01 
8.1108000000e-01 -8.3169646154e-01 0.0000000000e+00 1.8472421898e+01 
8.1267000000e-01 -8.3169665284e-01 0.0000000000e+00 1.8472424826e+01 
8.1436000000e-01 -8.3169682275e-01 0.0000000000e+00 1.8472427426e+01 
8.1614000000e-01 -8.3169696880e-01 0.0000000000e+00 1.8472429664e+01 
8.1802000000e-01 -8.3169708840e-01 0.0000000000e+00 1.8472431497e+01 
8.2000000000e-01 -8.3169717879e-01 0.0000000000e+00 1.8472432886e+01 
8.2197000000e-01 -8.3169723463e-01 0.0000000000e+00 1.8472433747e+01 
8.2416000000e-01 -8.3169725978e-01 0.0000000000e+00 1.8472434140e+01 
8.2660000000e-01 -8.3169724503e-01 0.0000000000e+00 1.8472433924e+01 
8.2932000000e-01 -8.3169717935e-01 0.0000000000e+00 1.8472432932e+01 
8.3235000000e-01 -8.3169704964e-01 0.0000000000e+00 1.8472430963e+01 
8.3573000000e-01 -8.3169684030e-01 0.0000000000e+00 1.8472427780e+01 
8.3950000000e-01 -8.3169653261e-01 0.0000000000e+00 1.8472423098e+01 
8.4369000000e-01 -8.3169610395e-01 0.0000000000e+00 1.8472416569e+01 
8.4837000000e-01 -8.3169552658e-01 0.0000000000e+00 1.8472407773e+01 
8.5357000000e-01 -8.3169476587e-01 0.0000000000e+00 1.8472396178e+01 
8.5938000000e-01 -8.3169377750e-01 0.0000000000e+00 1.8472381109e+01 
8.6585000000e-01 -8.3169250318e-01 0.0000000000e+00 1.8472361678e+01 
8.7305000000e-01 -8.3169086358e-01 0.0000000000e+00 1.8472336671e+01 
8.8108000000e-01 -8.3168874652e-01 0.0000000000e+00 1.8472304378e+01 
8.9003000000e-01 -8.3168598613e-01 0.0000000000e+00 1.8472262266e+01 
9.0000000000e-01 -8.3168232446e-01 0.0000000000e+00 1.8472206394e+01 
9.1000000000e-01 -8.3167787868e-01 0.0000000000e+00 1.8472138547e+01 
9.1945000000e-01 -8.3167274218e-01 0.0000000000e+00 1.8472060150e+01 
9.2839000000e-01 -8.3166677458e-01 0.0000000000e+00 1.8471969058e+01 
9.3685000000e-01 -8.3165979095e-01 0.0000000000e+00 1.8471862445e+01 
9.4486000000e-01 -8.3165155399e-01 0.0000000000e+00 1.8471736685e+01 
9.5243000000e-01 -8.3164176346e-01 0.0000000000e+00 1.8471587193e+01 
9.5959000000e-01 -8.3163004204e-01 0.0000000000e+00 1.8471408202e+01 
9.6636000000e-01 -8.3161591525e-01 0.0000000000e+00 1.8471192462e+01 
9.7277000000e-01 -8.3159878121e-01 0.0000000000e+00 1.8470930775e+01 
9.7883000000e-01 -8.3157786218e-01 0.0000000000e+00 1.8470611251e+01 
9.8457000000e-01 -8.3155211691e-01 0.0000000000e+00 1.8470217971e+01 
9.8999000000e-01 -8.3152004951e-01 0.0000000000e+00 1.8469728061e+01 
9.9512000000e-01 -8.3147918220e-01 0.0000000000e+00 1.8469103631e+01 
9.9997000000e-01 -8.3142430366e-01 0.0000000000e+00 1.8468264975e+01 
1.0045700000e+00 -8.3134114052e-01 0.0000000000e+00 1.8466993783e+01 
1.0089100000e+00 -8.3118334821e-01 0.0000000000e+00 1.8464580905e+01 
1.0130200000e+00 -8.3079169223e-01 0.0000000000e+00 1.8458586725e+01 
1.0169000000e+00 -8.2962628977e-01 0.0000000000e+00 1.8440707820e+01 
1.0205800000e+00 -8.2595840433e-01 0.0000000000e+00 1.8384038401e+01 
1.0240600000e+00 -8.1487668937e-01 1.5550233423e+01 1.8209633510e+01 
1.0273500000e+00 -7.8585306633e-01 2.0508730249e+01 1.7737863870e+01 
1.0304600000e+00 -7.2780419775e-01 2.2155316603e+01 1.6769888029e+01 
1.0334000000e+00 -6.4003737115e-01 2.2840220384e+01 1.5296356791e+01 
1.0361800000e+00 -5.2656589029e-01 2.3213234428e+01 1.3393033145e+01 
1.0388200000e+00 -3.9076650487e-01 2.3474191915e+01 1.1421162362e+01 
1.0413100000e+00 -2.3529212754e-01 2.3690253898e+01 1.1050164965e+01 
1.0436700000e+00 -6.2501094646e-02 2.3874583101e+01 1.0962717541e+01 
1.0459000000e+00 1.2517356335e-01 2.4026610303e+01 1.0850256442e+01 
1.0480100000e+00 3.2494250338e-01 2.4138860703e+01 1.0661428790e+01 
1.0500000000e+00 5.3369721824e-01 2.3745113712e+01 1.0555911388e+01 
1.0519900000e+00 5.5290993915e-01 1.4142528625e+01 1.0223358258e+01 
1.0539900000e+00 5.5442131073e-01 3.1334856698e-12 1.0185903616e+01 
1.0560200000e+00 5.5453741771e-01 0.0000000000e+00 1.0175197375e+01 
1.0580600000e+00 5.5454617969e-01 0.0000000000e+00 1.0168907521e+01 
1.0601300000e+00 5.5454682977e-01 0.0000000000e+00 1.0164474293e+01 
1.0622200000e+00 5.5454687745e-01 0.0000000000e+00 1.0161076550e+01 
1.0643300000e+00 5.5454688115e-01 0.0000000000e+00 1.0158251694e+01 
1.0664600000e+00 5.5454688168e-01 0.0000000000e+00 1.0155728399e+01 
1.0686100000e+00 5.5454688198e-01 0.0000000000e+00 1.0153352779e+01 
1.0707900000e+00 5.5454688225e-01 0.0000000000e+00 1.0151039888e+01 
1.0729800000e+00 5.5454688253e-01 0.0000000000e+00 1.0148743605e+01 
1.0752000000e+00 5.5454688280e-01 0.0000000000e+00 1.0146439096e+01 
1.0774400000e+00 5.5454688307e-01 0.0000000000e+00 1.0144112963e+01 
1.0797100000e+00 5.5454688334e-01 0.0000000000e+00 1.0141757875e+01 
1.0820000000e+00 5.5454688361e-01 0.0000000000e+00 1.0139369678e+01 
1.0843100000e+00 5.5454688387e-01 0.0000000000e+00 1.0136945857e+01 
1.0866400000e+00 5.5454688414e-01 0.0000000000e+00 1.0134484739e+01 
1.0890000000e+00 5.5454688442e-01 0.0000000000e+00 1.0131985059e+01 
1.0913800000e+00 5.5454688469e-01 0.0000000000e+00 1.0129445755e+01 
1.0937900000e+00 5.5454688496e-01 0.0000000000e+00 1.0126865845e+01 
1.0962200000e+00 5.5454688524e-01 0.0000000000e+00 1.0124244379e+01 
1.0986700000e+00 5.5454688551e-01 0.0000000000e+00 1.0121580409e+01 
1.1011500000e+00 5.5454688579e-01 0.0000000000e+00 1.0118872961e+01 
1.1036600000e+00 5.5454688607e-01 0.0000000000e+00 1.0116121048e+01 
1.1061900000e+00 5.5454688636e-01 0.0000000000e+00 1.0113323647e+01 
1.1087500000e+00 5.5454688664e-01 0.0000000000e+00 1.0110479705e+01 
1.1113300000e+00 5.5454688693e-01 0.0000000000e+00 1.0107588137e+01 
1.1139400000e+00 5.5454688722e-01 0.0000000000e+00 1.0104647818e+01 
1.1165700000e+00 5.5454688751e-01 0.0000000000e+00 1.0101657588e+01 
1.1192400000e+00 5.5454688781e-01 0.0000000000e+00 1.0098616242e+01 
1.1219300000e+00 5.5454688810e-01 0.0000000000e+00 1.0095522546e+01 
1.1246400000e+00 5.5454688840e-01 0.0000000000e+00 1.0092375208e+01 
1.1273900000e+00 5.5454688871e-01 0.0000000000e+00 1.0089172903e+01 
1.1301600000e+00 5.5454688901e-01 0.0000000000e+00 1.0085914251e+01 
1.1329600000e+00 5.5454688932e-01 0.0000000000e+00 1.0082597822e+01 
1.1357900000e+00 5.5454688963e-01 0.0000000000e+00 1.0079222140e+01 
1.1386500000e+00 5.5454688994e-01 0.0000000000e+00 1.0075785670e+01 
1.1415300000e+00 5.5454689026e-01 0.0000000000e+00 1.0072286824e+01 
1.1444500000e+00 5.5454689058e-01 0.0000000000e+00 1.0068723942e+01 
1.1473900000e+00 5.5454689090e-01 0.0000000000e+00 1.0065095317e+01 
1.1503700000e+00 5.5454689123e-01 0.0000000000e+00 1.0061399162e+01 
1.1533800000e+00 5.5454689156e-01 0.0000000000e+00 1.0057633629e+01 
1.1564100000e+00 5.5454689189e-01 0.0000000000e+00 1.0053796799e+01 
1.1594800000e+00 5.5454689222e-01 0.0000000000e+00 1.0049886659e+01 
1.1625800000e+00 5.5454689256e-01 0.0000000000e+00 1.0045901133e+01 
1.1657100000e+00 5.5454689290e-01 0.0000000000e+00 1.0041838047e+01 
1.1688700000e+00 5.5454689325e-01 0.0000000000e+00 1.0037695140e+01 
1.1720700000e+00 5.5454689360e-01 0.0000000000e+00 1.0033470058e+01 
1.1752900000e+00 5.5454689395e-01 0.0000000000e+00 1.0029160343e+01 
1.1785500000e+00 5.5454689430e-01 0.0000000000e+00 1.0024763421e+01 
1.1818400000e+00 5.5454689466e-01 0.0000000000e+00 1.0020276616e+01 
1.1851700000e+00 5.5454689502e-01 0.0000000000e+00 1.0015697129e+01 
1.1885300000e+00 5.5454689539e-01 0.0000000000e+00 1.0011022024e+01 
1.1919200000e+00 5.5454689576e-01 0.0000000000e+00 1.0006248241e+01 
1.1953500000e+00 5.5454689613e-01 0.0000000000e+00 1.0001372571e+01 
1.1988200000e+00 5.5454689651e-01 0.0000000000e+00 9.9963916432e+00 
1.2023200000e+00 5.5454689689e-01 0.0000000000e+00 9.9913019332e+00 
1.2058500000e+00 5.5454689727e-01 0.0000000000e+00 9.9860997376e+00 
1.2094200000e+00 5.5454689766e-01 0.0000000000e+00 9.9807811664e+00 
1.2130300000e+00 5.5454689805e-01 0.0000000000e+00 9.9753421319e+00 
1.2166700000e+00 5.5454689845e-01 0.0000000000e+00 9.9697783322e+00 
1.2203500000e+00 5.5454689885e-01 0.0000000000e+00 9.9640852380e+00 
1.2240700000e+00 5.5454689925e-01 0.0000000000e+00 9.9582580748e+00 
1.2278200000e+00 5.5454689966e-01 0.0000000000e+00 9.9522918067e+00 
1.2316200000e+00 5.5454690007e-01 0.0000000000e+00 9.9461811158e+00 
1.2354500000e+00 5.5454690049e-01 0.0000000000e+00 9.9399203804e+00 
1.2393200000e+00 5.5454690091e-01 0.0000000000e+00 9.9335036520e+00 
1.2432300000e+00 5.5454690133e-01 0.0000000000e+00 9.9269246299e+00 
1.2471800000e+00 5.5454690176e-01 0.0000000000e+00 9.9201766321e+00 
1.2511700000e+00 5.5454690219e-01 0.0000000000e+00 9.9132525646e+00 
1.2552000000e+00 5.5454690263e-01 0.0000000000e+00 9.9061448859e+00 
1.2592700000e+00 5.5454690307e-01 0.0000000000e+00 9.8988455687e+00 
1.2633900000e+00 5.5454690352e-01 0.0000000000e+00 9.8913460589e+00 
1.2675400000e+00 5.5454690397e-01 0.0000000000e+00 9.8836372270e+00 
1.2717400000e+00 5.5454690442e-01 0.0000000000e+00 9.8757093139e+00 
1.2759800000e+00 5.5454690488e-01 0.0000000000e+00 9.8675518766e+00 
1.2802600000e+00 5.5454690535e-01 0.0000000000e+00 9.8591537160e+00 
1.2845900000e+00 5.5454690581e-01 0.0000000000e+00 9.8505028086e+00 
1.2889600000e+00 5.5454690629e-01 0.0000000000e+00 9.8415862187e+00 
1.2933800000e+00 5.5454690677e-01 0.0000000000e+00 9.8323900077e+00 
1.2978400000e+00 5.5454690725e-01 0.0000000000e+00 9.8228991231e+00 
1.3023400000e+00 5.5454690774e-01 0.0000000000e+00 9.8130972815e+00 
1.3069000000e+00 5.5454690823e-01 0.0000000000e+00 9.8029668278e+00 
1.3114900000e+00 5.5454690873e-01 0.0000000000e+00 9.7924885768e+00 
1.3161400000e+00 5.5454690923e-01 0.0000000000e+00 9.7816416320e+00 
1.3208300000e+00 5.5454690974e-01 0.0000000000e+00 9.7704031771e+00 
1.3255700000e+00 5.5454691025e-01 0.0000000000e+00 9.7587482286e+00 
1.3303600000e+00 5.5454691077e-01 0.0000000000e+00 9.7466493593e+00 
1.3351900000e+00 5.5454691129e-01 0.0000000000e+00 9.7340763622e+00 
1.3400800000e+00 5.5454691182e-01 0.0000000000e+00 9.7209958674e+00 
1.3450100000e+00 5.5454691236e-01 0.0000000000e+00 9.7073708820e+00 
1.3500000000e+00 5.5454691290e-01 0.0000000000e+00 9.6931602435e+00 
1.3547900000e+00 5.5454691341e-01 0.0000000000e+00 9.6790525304e+00 
1.3601300000e+00 5.5454691399e-01 0.0000000000e+00 9.6627578987e+00 
1.3660900000e+00 5.5454691464e-01 0.0000000000e+00 9.6438328839e+00 
1.3727400000e+00 5.5454691536e-01 0.0000000000e+00 9.6217050676e+00 
1.3801600000e+00 5.5454691616e-01 0.0000000000e+00 9.5956186976e+00 
1.3884300000e+00 5.5454691705e-01 0.0000000000e+00 9.5645481272e+00 
1.3976500000e+00 5.5454691805e-01 0.0000000000e+00 9.5270531913e+00 
1.4079400000e+00 5.5454691916e-01 0.0000000000e+00 9.4810223349e+00 
1.4194200000e+00 5.5454692040e-01 0.0000000000e+00 9.4231794349e+00 
1.4322200000e+00 5.5454692179e-01 0.0000000000e+00 9.3480332818e+00 
1.4465000000e+00 5.5454692333e-01 0.0000000000e+00 9.2452865809e+00 
1.4624200000e+00 5.5454692505e-01 0.0000000000e+00 9.0918174858e+00 
1.4801900000e+00 5.5454692697e-01 0.0000000000e+00 8.8138394716e+00 
1.5000000000e+00 5.5454692912e-01 0.0000000000e+00 1.8916843013e+00 
