EXPORTED CROSS SECTION DATA
433 4 4
x coordinate
Potential
Impact Gen Rate
Hole Conc
0.0000000000e+00 -4.4545307088e-01 0.0000000000e+00 1.8916843013e+00 
1.9810000000e-02 -4.4418048100e-01 0.0000000000e+00 1.7753205961e+01 
3.7580000000e-02 -4.4306160039e-01 0.0000000000e+00 1.8018682819e+01 
5.3500000000e-02 -4.4207441585e-01 0.0000000000e+00 1.8161426460e+01 
6.7780000000e-02 -4.4120106782e-01 0.0000000000e+00 1.8254908771e+01 
8.0580000000e-02 -4.4042678833e-01 0.0000000000e+00 1.8322008470e+01 
9.2060000000e-02 -4.3973917378e-01 0.0000000000e+00 1.8372831261e+01 
1.0235000000e-01 -4.3912768140e-01 0.0000000000e+00 1.8412714625e+01 
1.1157000000e-01 -4.3858326675e-01 0.0000000000e+00 1.8444809451e+01 
1.1984000000e-01 -4.3809811384e-01 0.0000000000e+00 1.8471123969e+01 
1.2726000000e-01 -4.3766542876e-01 0.0000000000e+00 1.8493012171e+01 
1.3391000000e-01 -4.3727927805e-01 0.0000000000e+00 1.8511427178e+01 
1.3987000000e-01 -4.3693445971e-01 0.0000000000e+00 1.8527063227e+01 
1.4521000000e-01 -4.3662639846e-01 0.0000000000e+00 1.8540440205e+01 
1.5000000000e-01 -4.3635105956e-01 0.0000000000e+00 1.8551956458e+01 
1.5499000000e-01 -4.3606538089e-01 0.0000000000e+00 1.8563494303e+01 
1.5992000000e-01 -4.3578340521e-01 0.0000000000e+00 1.8574496892e+01 
1.6481000000e-01 -4.3550506295e-01 0.0000000000e+00 1.8585003913e+01 
1.6964000000e-01 -4.3523028683e-01 0.0000000000e+00 1.8595050948e+01 
1.7443000000e-01 -4.3495901175e-01 0.0000000000e+00 1.8604670019e+01 
1.7917000000e-01 -4.3469117466e-01 0.0000000000e+00 1.8613890040e+01 
1.8386000000e-01 -4.3442671450e-01 0.0000000000e+00 1.8622737200e+01 
1.8851000000e-01 -4.3416557202e-01 0.0000000000e+00 1.8631235297e+01 
1.9310000000e-01 -4.3390768978e-01 0.0000000000e+00 1.8639406011e+01 
1.9766000000e-01 -4.3365301199e-01 0.0000000000e+00 1.8647269144e+01 
2.0216000000e-01 -4.3340148446e-01 0.0000000000e+00 1.8654842831e+01 
2.0662000000e-01 -4.3315305455e-01 0.0000000000e+00 1.8662143722e+01 
2.1104000000e-01 -4.3290767104e-01 0.0000000000e+00 1.8669187129e+01 
2.1541000000e-01 -4.3266528412e-01 0.0000000000e+00 1.8675987172e+01 
2.1974000000e-01 -4.3242584532e-01 0.0000000000e+00 1.8682556889e+01 
2.2402000000e-01 -4.3218930742e-01 0.0000000000e+00 1.8688908354e+01 
2.2826000000e-01 -4.3195562442e-01 0.0000000000e+00 1.8695052755e+01 
2.3246000000e-01 -4.3172475149e-01 0.0000000000e+00 1.8701000485e+01 
2.3661000000e-01 -4.3149664491e-01 0.0000000000e+00 1.8706761215e+01 
2.4073000000e-01 -4.3127126206e-01 0.0000000000e+00 1.8712343953e+01 
2.4480000000e-01 -4.3104856132e-01 0.0000000000e+00 1.8717757104e+01 
2.4883000000e-01 -4.3082850206e-01 0.0000000000e+00 1.8723008526e+01 
2.5282000000e-01 -4.3061104463e-01 0.0000000000e+00 1.8728105569e+01 
2.5677000000e-01 -4.3039615026e-01 0.0000000000e+00 1.8733055122e+01 
2.6068000000e-01 -4.3018378108e-01 0.0000000000e+00 1.8737863648e+01 
2.6455000000e-01 -4.2997390008e-01 0.0000000000e+00 1.8742537216e+01 
2.6838000000e-01 -4.2976647104e-01 0.0000000000e+00 1.8747081536e+01 
2.7218000000e-01 -4.2956145856e-01 0.0000000000e+00 1.8751501983e+01 
2.7593000000e-01 -4.2935882798e-01 0.0000000000e+00 1.8755803621e+01 
2.7965000000e-01 -4.2915854537e-01 0.0000000000e+00 1.8759991231e+01 
2.8333000000e-01 -4.2896057755e-01 0.0000000000e+00 1.8764069326e+01 
2.8697000000e-01 -4.2876489198e-01 0.0000000000e+00 1.8768042174e+01 
2.9058000000e-01 -4.2857145681e-01 0.0000000000e+00 1.8771913812e+01 
2.9415000000e-01 -4.2838024083e-01 0.0000000000e+00 1.8775688066e+01 
2.9768000000e-01 -4.2819121345e-01 0.0000000000e+00 1.8779368558e+01 
3.0118000000e-01 -4.2800434468e-01 0.0000000000e+00 1.8782958730e+01 
3.0465000000e-01 -4.2781960512e-01 0.0000000000e+00 1.8786461844e+01 
3.0808000000e-01 -4.2763696593e-01 0.0000000000e+00 1.8789881007e+01 
3.1147000000e-01 -4.2745639882e-01 0.0000000000e+00 1.8793219166e+01 
3.1483000000e-01 -4.2727787604e-01 0.0000000000e+00 1.8796479133e+01 
3.1816000000e-01 -4.2710137034e-01 0.0000000000e+00 1.8799663579e+01 
3.2145000000e-01 -4.2692685499e-01 0.0000000000e+00 1.8802775055e+01 
3.2471000000e-01 -4.2675430374e-01 0.0000000000e+00 1.8805815991e+01 
3.2793000000e-01 -4.2658369082e-01 0.0000000000e+00 1.8808788707e+01 
3.3113000000e-01 -4.2641499090e-01 0.0000000000e+00 1.8811695419e+01 
3.3429000000e-01 -4.2624817914e-01 0.0000000000e+00 1.8814538243e+01 
3.3742000000e-01 -4.2608323109e-01 0.0000000000e+00 1.8817319202e+01 
3.4052000000e-01 -4.2592012275e-01 0.0000000000e+00 1.8820040233e+01 
3.4359000000e-01 -4.2575883052e-01 0.0000000000e+00 1.8822703189e+01 
3.4662000000e-01 -4.2559933122e-01 0.0000000000e+00 1.8825309844e+01 
3.4963000000e-01 -4.2544160205e-01 0.0000000000e+00 1.8827861900e+01 
3.5261000000e-01 -4.2528562060e-01 0.0000000000e+00 1.8830360987e+01 
3.5555000000e-01 -4.2513136481e-01 0.0000000000e+00 1.8832808669e+01 
3.5847000000e-01 -4.2497881300e-01 0.0000000000e+00 1.8835206448e+01 
3.6135000000e-01 -4.2482794386e-01 0.0000000000e+00 1.8837555765e+01 
3.6421000000e-01 -4.2467873639e-01 0.0000000000e+00 1.8839858004e+01 
3.6704000000e-01 -4.2453116996e-01 0.0000000000e+00 1.8842114497e+01 
3.6984000000e-01 -4.2438522424e-01 0.0000000000e+00 1.8844326525e+01 
3.7261000000e-01 -4.2424087924e-01 0.0000000000e+00 1.8846495316e+01 
3.7536000000e-01 -4.2409811529e-01 0.0000000000e+00 1.8848622057e+01 
3.7807000000e-01 -4.2395691300e-01 0.0000000000e+00 1.8850707889e+01 
3.8076000000e-01 -4.2381725330e-01 0.0000000000e+00 1.8852753910e+01 
3.8343000000e-01 -4.2367911742e-01 0.0000000000e+00 1.8854761180e+01 
3.8606000000e-01 -4.2354248685e-01 0.0000000000e+00 1.8856730718e+01 
3.8867000000e-01 -4.2340734338e-01 0.0000000000e+00 1.8858663508e+01 
3.9125000000e-01 -4.2327366905e-01 0.0000000000e+00 1.8860560502e+01 
3.9381000000e-01 -4.2314144620e-01 0.0000000000e+00 1.8862422616e+01 
3.9634000000e-01 -4.2301065739e-01 0.0000000000e+00 1.8864250735e+01 
3.9885000000e-01 -4.2288128547e-01 0.0000000000e+00 1.8866045713e+01 
4.0133000000e-01 -4.2275331351e-01 0.0000000000e+00 1.8867808375e+01 
4.0378000000e-01 -4.2262672484e-01 0.0000000000e+00 1.8869539522e+01 
4.0621000000e-01 -4.2250150303e-01 0.0000000000e+00 1.8871239924e+01 
4.0862000000e-01 -4.2237763187e-01 0.0000000000e+00 1.8872910327e+01 
4.1100000000e-01 -4.2225509538e-01 0.0000000000e+00 1.8874551453e+01 
4.1336000000e-01 -4.2213387781e-01 0.0000000000e+00 1.8876164002e+01 
4.1569000000e-01 -4.2201396360e-01 0.0000000000e+00 1.8877748651e+01 
4.1800000000e-01 -4.2189533742e-01 0.0000000000e+00 1.8879306054e+01 
4.2029000000e-01 -4.2177798414e-01 0.0000000000e+00 1.8880836849e+01 
4.2256000000e-01 -4.2166188882e-01 0.0000000000e+00 1.8882341650e+01 
4.2480000000e-01 -4.2154703674e-01 0.0000000000e+00 1.8883821059e+01 
4.2702000000e-01 -4.2143341338e-01 0.0000000000e+00 1.8885275657e+01 
4.2921000000e-01 -4.2132100449e-01 0.0000000000e+00 1.8886706016e+01 
4.3139000000e-01 -4.2120979615e-01 0.0000000000e+00 1.8888112697e+01 
4.3354000000e-01 -4.2109977491e-01 0.0000000000e+00 1.8889496262e+01 
4.3567000000e-01 -4.2099092819e-01 0.0000000000e+00 1.8890857280e+01 
4.3778000000e-01 -4.2088324494e-01 0.0000000000e+00 1.8892196361e+01 
4.3987000000e-01 -4.2077671912e-01 0.0000000000e+00 1.8893514212e+01 
4.4194000000e-01 -4.2067138724e-01 0.0000000000e+00 1.8894812174e+01 
4.4398000000e-01 -4.2056788292e-01 0.0000000000e+00 1.8896099579e+01 
4.4601000000e-01 -4.2047580203e-01 0.0000000000e+00 1.8897504152e+01 
4.4801000000e-01 -4.2053824276e-01 0.0000000000e+00 1.8900920596e+01 
4.5000000000e-01 -4.2285441240e-01 0.0000000000e+00 1.8933887875e+01 
4.5199000000e-01 -4.5776970182e-01 0.0000000000e+00 1.8604354590e+01 
4.5410000000e-01 -4.6587933178e-01 0.0000000000e+00 1.8724097512e+01 
4.5633000000e-01 -4.6762342786e-01 0.0000000000e+00 1.8749814991e+01 
4.5869000000e-01 -4.6789965420e-01 0.0000000000e+00 1.8754536617e+01 
4.6118000000e-01 -4.6785386073e-01 0.0000000000e+00 1.8754729403e+01 
4.6382000000e-01 -4.6773736461e-01 0.0000000000e+00 1.8753978387e+01 
4.6660000000e-01 -4.6760130697e-01 0.0000000000e+00 1.8753003654e+01 
4.6954000000e-01 -4.6745499674e-01 0.0000000000e+00 1.8751938993e+01 
4.7265000000e-01 -4.6729963743e-01 0.0000000000e+00 1.8750804843e+01 
4.7594000000e-01 -4.6713495699e-01 0.0000000000e+00 1.8749601169e+01 
4.7942000000e-01 -4.6696040824e-01 0.0000000000e+00 1.8748324278e+01 
4.8310000000e-01 -4.6677536754e-01 0.0000000000e+00 1.8746969633e+01 
4.8698000000e-01 -4.6657916279e-01 0.0000000000e+00 1.8745532272e+01 
4.9109000000e-01 -4.6637107443e-01 0.0000000000e+00 1.8744006848e+01 
4.9543000000e-01 -4.6615033205e-01 0.0000000000e+00 1.8742387617e+01 
5.0003000000e-01 -4.6591611004e-01 0.0000000000e+00 1.8740668405e+01 
5.0488000000e-01 -4.6566752287e-01 0.0000000000e+00 1.8738842574e+01 
5.1001000000e-01 -4.6540361969e-01 0.0000000000e+00 1.8736902977e+01 
5.1543000000e-01 -4.6512337847e-01 0.0000000000e+00 1.8734841921e+01 
5.2117000000e-01 -4.6482569942e-01 0.0000000000e+00 1.8732651102e+01 
5.2723000000e-01 -4.6450939776e-01 0.0000000000e+00 1.8730321564e+01 
5.3364000000e-01 -4.6417319557e-01 0.0000000000e+00 1.8727843619e+01 
5.4041000000e-01 -4.6381571271e-01 0.0000000000e+00 1.8725206788e+01 
5.4757000000e-01 -4.6343545659e-01 0.0000000000e+00 1.8722399711e+01 
5.5514000000e-01 -4.6303081069e-01 0.0000000000e+00 1.8719410055e+01 
5.6315000000e-01 -4.6260002152e-01 0.0000000000e+00 1.8716224416e+01 
5.7161000000e-01 -4.6214118381e-01 0.0000000000e+00 1.8712828193e+01 
5.8055000000e-01 -4.6165222379e-01 0.0000000000e+00 1.8709205457e+01 
5.9000000000e-01 -4.6113087985e-01 0.0000000000e+00 1.8705338793e+01 
6.0000000000e-01 -4.6057468061e-01 0.0000000000e+00 1.8701209127e+01 
6.0997000000e-01 -4.6001457653e-01 0.0000000000e+00 1.8697045824e+01 
6.1892000000e-01 -4.5950732446e-01 0.0000000000e+00 1.8693271377e+01 
6.2695000000e-01 -4.5904832666e-01 0.0000000000e+00 1.8689852746e+01 
6.3415000000e-01 -4.5863331516e-01 0.0000000000e+00 1.8686759099e+01 
6.4062000000e-01 -4.5825834090e-01 0.0000000000e+00 1.8683961775e+01 
6.4643000000e-01 -4.5791976064e-01 0.0000000000e+00 1.8681434227e+01 
6.5163000000e-01 -4.5761422227e-01 0.0000000000e+00 1.8679151944e+01 
6.5631000000e-01 -4.5733864906e-01 0.0000000000e+00 1.8677092362e+01 
6.6050000000e-01 -4.5709022322e-01 0.0000000000e+00 1.8675234762e+01 
6.6427000000e-01 -4.5686636932e-01 0.0000000000e+00 1.8673560158e+01 
6.6765000000e-01 -4.5666473766e-01 0.0000000000e+00 1.8672051196e+01 
6.7068000000e-01 -4.5648318803e-01 0.0000000000e+00 1.8670692040e+01 
6.7340000000e-01 -4.5631977385e-01 0.0000000000e+00 1.8669468263e+01 
6.7584000000e-01 -4.5617272712e-01 0.0000000000e+00 1.8668366743e+01 
6.7803000000e-01 -4.5604044385e-01 0.0000000000e+00 1.8667375560e+01 
6.8000000000e-01 -4.5592147053e-01 0.0000000000e+00 1.8666483902e+01 
6.8198000000e-01 -4.5580128451e-01 0.0000000000e+00 1.8665582958e+01 
6.8386000000e-01 -4.5568719365e-01 0.0000000000e+00 1.8664727520e+01 
6.8564000000e-01 -4.5557889988e-01 0.0000000000e+00 1.8663915384e+01 
6.8733000000e-01 -4.5547611866e-01 0.0000000000e+00 1.8663144439e+01 
6.8892000000e-01 -4.5537857841e-01 0.0000000000e+00 1.8662412672e+01 
6.9044000000e-01 -4.5528602001e-01 0.0000000000e+00 1.8661718160e+01 
6.9187000000e-01 -4.5519819639e-01 0.0000000000e+00 1.8661059066e+01 
6.9323000000e-01 -4.5511487196e-01 0.0000000000e+00 1.8660433640e+01 
6.9451000000e-01 -4.5503582222e-01 0.0000000000e+00 1.8659840212e+01 
6.9573000000e-01 -4.5496083325e-01 0.0000000000e+00 1.8659277188e+01 
6.9689000000e-01 -4.5488970132e-01 0.0000000000e+00 1.8658743053e+01 
6.9798000000e-01 -4.5482223243e-01 0.0000000000e+00 1.8658236359e+01 
6.9902000000e-01 -4.5475824188e-01 0.0000000000e+00 1.8657755730e+01 
7.0000000000e-01 -4.5469755391e-01 0.0000000000e+00 1.8657299855e+01 
7.0100000000e-01 -4.5463567341e-01 0.0000000000e+00 1.8656834969e+01 
7.0200000000e-01 -4.5457372667e-01 0.0000000000e+00 1.8656369533e+01 
7.0300000000e-01 -4.5451171354e-01 0.0000000000e+00 1.8655903546e+01 
7.0400000000e-01 -4.5444963389e-01 0.0000000000e+00 1.8655437005e+01 
7.0500000000e-01 -4.5438748758e-01 0.0000000000e+00 1.8654969910e+01 
7.0600000000e-01 -4.5432527447e-01 0.0000000000e+00 1.8654502260e+01 
7.0700000000e-01 -4.5426299442e-01 0.0000000000e+00 1.8654034053e+01 
7.0800000000e-01 -4.5420064731e-01 0.0000000000e+00 1.8653565287e+01 
7.0900000000e-01 -4.5413823299e-01 0.0000000000e+00 1.8653095962e+01 
7.1000000000e-01 -4.5407575133e-01 0.0000000000e+00 1.8652626076e+01 
7.1100000000e-01 -4.5401320222e-01 0.0000000000e+00 1.8652155629e+01 
7.1200000000e-01 -4.5395058551e-01 0.0000000000e+00 1.8651684618e+01 
7.1300000000e-01 -4.5388790108e-01 0.0000000000e+00 1.8651213041e+01 
7.1400000000e-01 -4.5382514882e-01 0.0000000000e+00 1.8650740900e+01 
7.1500000000e-01 -4.5376232860e-01 0.0000000000e+00 1.8650268190e+01 
7.1600000000e-01 -4.5369944031e-01 0.0000000000e+00 1.8649794913e+01 
7.1700000000e-01 -4.5363648385e-01 0.0000000000e+00 1.8649321064e+01 
7.1800000000e-01 -4.5357345911e-01 0.0000000000e+00 1.8648846644e+01 
7.1900000000e-01 -4.5351036600e-01 0.0000000000e+00 1.8648371652e+01 
7.2000000000e-01 -4.5344720444e-01 0.0000000000e+00 1.8647896085e+01 
7.2100000000e-01 -4.5338397435e-01 0.0000000000e+00 1.8647419943e+01 
7.2200000000e-01 -4.5332067567e-01 0.0000000000e+00 1.8646943225e+01 
7.2300000000e-01 -4.5325730837e-01 0.0000000000e+00 1.8646465929e+01 
7.2400000000e-01 -4.5319387244e-01 0.0000000000e+00 1.8645988054e+01 
7.2500000000e-01 -4.5313036791e-01 0.0000000000e+00 1.8645509599e+01 
7.2600000000e-01 -4.5306679485e-01 0.0000000000e+00 1.8645030564e+01 
7.2700000000e-01 -4.5300315345e-01 0.0000000000e+00 1.8644550951e+01 
7.2800000000e-01 -4.5293944403e-01 0.0000000000e+00 1.8644070760e+01 
7.2900000000e-01 -4.5287566719e-01 0.0000000000e+00 1.8643589997e+01 
7.3000000000e-01 -4.5281182401e-01 0.0000000000e+00 1.8643108676e+01 
7.3100000000e-01 -4.5274791645e-01 0.0000000000e+00 1.8642626818e+01 
7.3200000000e-01 -4.5268394813e-01 0.0000000000e+00 1.8642144471e+01 
7.3300000000e-01 -4.5261992586e-01 0.0000000000e+00 1.8641661727e+01 
7.3400000000e-01 -4.5255586253e-01 0.0000000000e+00 1.8641178764e+01 
7.3500000000e-01 -4.5249178276e-01 0.0000000000e+00 1.8640695931e+01 
7.3600000000e-01 -4.5242773393e-01 0.0000000000e+00 1.8640213904e+01 
7.3700000000e-01 -4.5236380758e-01 0.0000000000e+00 1.8639733996e+01 
7.3800000000e-01 -4.5230018113e-01 0.0000000000e+00 1.8639258771e+01 
7.3900000000e-01 -4.5223719901e-01 0.0000000000e+00 1.8638793209e+01 
7.4000000000e-01 -4.5217553078e-01 0.0000000000e+00 1.8638347011e+01 
7.4100000000e-01 -4.5211647878e-01 0.0000000000e+00 1.8637939065e+01 
7.4200000000e-01 -4.5206257691e-01 0.0000000000e+00 1.8637606135e+01 
7.4300000000e-01 -4.5201875544e-01 0.0000000000e+00 1.8637419768e+01 
7.4400000000e-01 -4.5199460628e-01 0.0000000000e+00 1.8637519162e+01 
7.4500000000e-01 -4.5200878754e-01 0.0000000000e+00 1.8638178556e+01 
7.4600000000e-01 -4.5209764221e-01 0.0000000000e+00 1.8639939842e+01 
7.4700000000e-01 -4.5233211457e-01 0.0000000000e+00 1.8643846667e+01 
7.4800000000e-01 -4.5285063166e-01 0.0000000000e+00 1.8651926283e+01 
7.4900000000e-01 -4.5392347059e-01 0.0000000000e+00 1.8668101005e+01 
7.5000000000e-01 -4.5607909523e-01 0.0000000000e+00 1.9072719160e+01 
7.5100000000e-01 -4.5677481697e-01 0.0000000000e+00 1.9078002910e+01 
7.5200000000e-01 -4.5697426459e-01 0.0000000000e+00 1.9080790308e+01 
7.5300000000e-01 -4.5698425525e-01 0.0000000000e+00 1.9081287997e+01 
7.5400000000e-01 -4.5692163316e-01 0.0000000000e+00 1.9080914303e+01 
7.5500000000e-01 -4.5683104978e-01 0.0000000000e+00 1.9080205540e+01 
7.5600000000e-01 -4.5672959343e-01 0.0000000000e+00 1.9079366567e+01 
7.5700000000e-01 -4.5662380960e-01 0.0000000000e+00 1.9078475868e+01 
7.5800000000e-01 -4.5651620694e-01 0.0000000000e+00 1.9077563552e+01 
7.5900000000e-01 -4.5640774702e-01 0.0000000000e+00 1.9076641161e+01 
7.6000000000e-01 -4.5629879799e-01 0.0000000000e+00 1.9075713129e+01 
7.6100000000e-01 -4.5618950024e-01 0.0000000000e+00 1.9074781158e+01 
7.6200000000e-01 -4.5607990668e-01 0.0000000000e+00 1.9073845882e+01 
7.6300000000e-01 -4.5597003662e-01 0.0000000000e+00 1.9072907549e+01 
7.6400000000e-01 -4.5585989645e-01 0.0000000000e+00 1.9071966230e+01 
7.6500000000e-01 -4.5574948760e-01 0.0000000000e+00 1.9071021956e+01 
7.6600000000e-01 -4.5563880962e-01 0.0000000000e+00 1.9070074719e+01 
7.6700000000e-01 -4.5552786129e-01 0.0000000000e+00 1.9069124511e+01 
7.6800000000e-01 -4.5541664114e-01 0.0000000000e+00 1.9068171318e+01 
7.6900000000e-01 -4.5530514757e-01 0.0000000000e+00 1.9067215117e+01 
7.7000000000e-01 -4.5519337893e-01 0.0000000000e+00 1.9066255896e+01 
7.7100000000e-01 -4.5508133356e-01 0.0000000000e+00 1.9065293632e+01 
7.7200000000e-01 -4.5496900977e-01 0.0000000000e+00 1.9064328307e+01 
7.7300000000e-01 -4.5485640587e-01 0.0000000000e+00 1.9063359904e+01 
7.7400000000e-01 -4.5474352013e-01 0.0000000000e+00 1.9062388404e+01 
7.7500000000e-01 -4.5463035083e-01 0.0000000000e+00 1.9061413783e+01 
7.7600000000e-01 -4.5451689622e-01 0.0000000000e+00 1.9060436022e+01 
7.7700000000e-01 -4.5440315454e-01 0.0000000000e+00 1.9059455103e+01 
7.7800000000e-01 -4.5428912401e-01 0.0000000000e+00 1.9058471004e+01 
7.7900000000e-01 -4.5417480284e-01 0.0000000000e+00 1.9057483708e+01 
7.8000000000e-01 -4.5406018921e-01 0.0000000000e+00 1.9056493189e+01 
7.8100000000e-01 -4.5394528130e-01 0.0000000000e+00 1.9055499424e+01 
7.8200000000e-01 -4.5383007725e-01 0.0000000000e+00 1.9054502399e+01 
7.8300000000e-01 -4.5371457521e-01 0.0000000000e+00 1.9053502085e+01 
7.8400000000e-01 -4.5359877328e-01 0.0000000000e+00 1.9052498465e+01 
7.8500000000e-01 -4.5348266956e-01 0.0000000000e+00 1.9051491510e+01 
7.8600000000e-01 -4.5336626214e-01 0.0000000000e+00 1.9050481206e+01 
7.8700000000e-01 -4.5324954906e-01 0.0000000000e+00 1.9049467527e+01 
7.8800000000e-01 -4.5313252837e-01 0.0000000000e+00 1.9048450447e+01 
7.8900000000e-01 -4.5301519808e-01 0.0000000000e+00 1.9047429947e+01 
7.9000000000e-01 -4.5289755620e-01 0.0000000000e+00 1.9046405998e+01 
7.9100000000e-01 -4.5277960069e-01 0.0000000000e+00 1.9045378584e+01 
7.9200000000e-01 -4.5266132952e-01 0.0000000000e+00 1.9044347672e+01 
7.9300000000e-01 -4.5254274062e-01 0.0000000000e+00 1.9043313245e+01 
7.9400000000e-01 -4.5242383191e-01 0.0000000000e+00 1.9042275277e+01 
7.9500000000e-01 -4.5230460127e-01 0.0000000000e+00 1.9041233736e+01 
7.9600000000e-01 -4.5218504658e-01 0.0000000000e+00 1.9040188606e+01 
7.9700000000e-01 -4.5206516568e-01 0.0000000000e+00 1.9039139860e+01 
7.9800000000e-01 -4.5194495640e-01 0.0000000000e+00 1.9038087469e+01 
7.9900000000e-01 -4.5182441654e-01 0.0000000000e+00 1.9037031405e+01 
8.0000000000e-01 -4.5170354387e-01 0.0000000000e+00 1.9035971648e+01 
8.0098000000e-01 -4.5158454905e-01 0.0000000000e+00 1.9034927592e+01 
8.0202000000e-01 -4.5145859070e-01 0.0000000000e+00 1.9033821612e+01 
8.0311000000e-01 -4.5132523889e-01 0.0000000000e+00 1.9032649785e+01 
8.0427000000e-01 -4.5118403440e-01 0.0000000000e+00 1.9031407915e+01 
8.0549000000e-01 -4.5103448629e-01 0.0000000000e+00 1.9030091498e+01 
8.0677000000e-01 -4.5087606937e-01 0.0000000000e+00 1.9028695704e+01 
8.0813000000e-01 -4.5070822133e-01 0.0000000000e+00 1.9027215343e+01 
8.0956000000e-01 -4.5053033961e-01 0.0000000000e+00 1.9025644835e+01 
8.1108000000e-01 -4.5034177788e-01 0.0000000000e+00 1.9023978179e+01 
8.1267000000e-01 -4.5014184221e-01 0.0000000000e+00 1.9022208896e+01 
8.1436000000e-01 -4.4992978674e-01 0.0000000000e+00 1.9020330007e+01 
8.1614000000e-01 -4.4970480893e-01 0.0000000000e+00 1.9018333968e+01 
8.1802000000e-01 -4.4946604416e-01 0.0000000000e+00 1.9016212620e+01 
8.2000000000e-01 -4.4921255978e-01 0.0000000000e+00 1.9013957119e+01 
8.2197000000e-01 -4.4895961723e-01 0.0000000000e+00 1.9011702970e+01 
8.2416000000e-01 -4.4867598387e-01 0.0000000000e+00 1.9009171187e+01 
8.2660000000e-01 -4.4835768482e-01 0.0000000000e+00 1.9006324773e+01 
8.2932000000e-01 -4.4800016269e-01 0.0000000000e+00 1.9003121034e+01 
8.3235000000e-01 -4.4759817322e-01 0.0000000000e+00 1.8999510511e+01 
8.3573000000e-01 -4.4714565678e-01 0.0000000000e+00 1.8995435622e+01 
8.3950000000e-01 -4.4663557843e-01 0.0000000000e+00 1.8990828961e+01 
8.4369000000e-01 -4.4605972647e-01 0.0000000000e+00 1.8985611135e+01 
8.4837000000e-01 -4.4540845554e-01 0.0000000000e+00 1.8979687956e+01 
8.5357000000e-01 -4.4467035389e-01 0.0000000000e+00 1.8972946771e+01 
8.5938000000e-01 -4.4383180559e-01 0.0000000000e+00 1.8965251574e+01 
8.6585000000e-01 -4.4287640358e-01 0.0000000000e+00 1.8956436350e+01 
8.7305000000e-01 -4.4178414571e-01 0.0000000000e+00 1.8946295861e+01 
8.8108000000e-01 -4.4053030645e-01 0.0000000000e+00 1.8934572528e+01 
8.9003000000e-01 -4.3908380754e-01 0.0000000000e+00 1.8920937246e+01 
9.0000000000e-01 -4.3740478764e-01 0.0000000000e+00 1.8904960388e+01 
9.1000000000e-01 -4.3564252258e-01 0.0000000000e+00 1.8888016175e+01 
9.1945000000e-01 -4.3389384034e-01 0.0000000000e+00 1.8871022943e+01 
9.2839000000e-01 -4.3215745510e-01 0.0000000000e+00 1.8853970224e+01 
9.3685000000e-01 -4.3043198712e-01 0.0000000000e+00 1.8836846102e+01 
9.4486000000e-01 -4.2871594887e-01 0.0000000000e+00 1.8819637040e+01 
9.5243000000e-01 -4.2700772599e-01 0.0000000000e+00 1.8802327649e+01 
9.5959000000e-01 -4.2530555399e-01 0.0000000000e+00 1.8784900405e+01 
9.6636000000e-01 -4.2360748990e-01 0.0000000000e+00 1.8767335302e+01 
9.7277000000e-01 -4.2191137681e-01 0.0000000000e+00 1.8749609425e+01 
9.7883000000e-01 -4.2021479902e-01 0.0000000000e+00 1.8731696399e+01 
9.8457000000e-01 -4.1851502420e-01 0.0000000000e+00 1.8713565696e+01 
9.8999000000e-01 -4.1680892671e-01 0.0000000000e+00 1.8695181711e+01 
9.9512000000e-01 -4.1509288074e-01 0.0000000000e+00 1.8676502517e+01 
9.9997000000e-01 -4.1336259742e-01 0.0000000000e+00 1.8657477967e+01 
1.0045700000e+00 -4.1161280815e-01 0.0000000000e+00 1.8638045890e+01 
1.0089100000e+00 -4.0983632557e-01 0.0000000000e+00 1.8618119785e+01 
1.0130200000e+00 -4.0802018297e-01 0.0000000000e+00 1.8597534693e+01 
1.0169000000e+00 -4.0612858917e-01 0.0000000000e+00 1.8575800342e+01 
1.0205800000e+00 -4.0403290668e-01 0.0000000000e+00 1.8551071333e+01 
1.0240600000e+00 -4.0125834915e-01 0.0000000000e+00 1.8516379990e+01 
1.0273500000e+00 -3.9620574069e-01 0.0000000000e+00 1.8447860558e+01 
1.0304600000e+00 -3.8430014312e-01 2.2346837521e+01 1.8275733275e+01 
1.0334000000e+00 -3.5587646897e-01 2.6615459209e+01 1.7854900121e+01 
1.0361800000e+00 -3.0052336625e-01 2.8141833009e+01 1.7153527522e+01 
1.0388200000e+00 -2.1676264493e-01 2.8794781479e+01 1.6736175322e+01 
1.0413100000e+00 -1.0804339769e-01 2.9152843544e+01 1.6629088558e+01 
1.0436700000e+00 2.2260899917e-02 2.9395896411e+01 1.6545247659e+01 
1.0459000000e+00 1.7114723808e-01 2.9578811004e+01 1.6435653559e+01 
1.0480100000e+00 3.3562527524e-01 2.9713250473e+01 1.6250573167e+01 
1.0500000000e+00 5.1232609490e-01 2.9253555353e+01 1.6154119364e+01 
1.0519900000e+00 5.2865457830e-01 1.8089741104e+01 1.5876337286e+01 
1.0539900000e+00 5.3004174120e-01 4.0074556527e-12 1.5845988189e+01 
1.0560200000e+00 5.3025220496e-01 0.0000000000e+00 1.5837254847e+01 
1.0580600000e+00 5.3037272900e-01 0.0000000000e+00 1.5831553939e+01 
1.0601300000e+00 5.3048721622e-01 0.0000000000e+00 1.5826969547e+01 
1.0622200000e+00 5.3060212349e-01 0.0000000000e+00 1.5822985669e+01 
1.0643300000e+00 5.3071800845e-01 0.0000000000e+00 1.5819323983e+01 
1.0664600000e+00 5.3083496644e-01 0.0000000000e+00 1.5815821352e+01 
1.0686100000e+00 5.3095304305e-01 0.0000000000e+00 1.5812384856e+01 
1.0707900000e+00 5.3107227005e-01 0.0000000000e+00 1.5808962907e+01 
1.0729800000e+00 5.3119267196e-01 0.0000000000e+00 1.5805527258e+01 
1.0752000000e+00 5.3131426901e-01 0.0000000000e+00 1.5802062473e+01 
1.0774400000e+00 5.3143707887e-01 0.0000000000e+00 1.5798560015e+01 
1.0797100000e+00 5.3156111770e-01 0.0000000000e+00 1.5795015011e+01 
1.0820000000e+00 5.3168640076e-01 0.0000000000e+00 1.5791424507e+01 
1.0843100000e+00 5.3181294277e-01 0.0000000000e+00 1.5787786539e+01 
1.0866400000e+00 5.3194075814e-01 0.0000000000e+00 1.5784099647e+01 
1.0890000000e+00 5.3206986112e-01 0.0000000000e+00 1.5780362616e+01 
1.0913800000e+00 5.3220026588e-01 0.0000000000e+00 1.5776574347e+01 
1.0937900000e+00 5.3233198655e-01 0.0000000000e+00 1.5772733784e+01 
1.0962200000e+00 5.3246503728e-01 0.0000000000e+00 1.5768839881e+01 
1.0986700000e+00 5.3259943228e-01 0.0000000000e+00 1.5764891579e+01 
1.1011500000e+00 5.3273518579e-01 0.0000000000e+00 1.5760887804e+01 
1.1036600000e+00 5.3287231217e-01 0.0000000000e+00 1.5756827449e+01 
1.1061900000e+00 5.3301082583e-01 0.0000000000e+00 1.5752709385e+01 
1.1087500000e+00 5.3315074132e-01 0.0000000000e+00 1.5748532446e+01 
1.1113300000e+00 5.3329207327e-01 0.0000000000e+00 1.5744295432e+01 
1.1139400000e+00 5.3343483643e-01 0.0000000000e+00 1.5739997108e+01 
1.1165700000e+00 5.3357904570e-01 0.0000000000e+00 1.5735636202e+01 
1.1192400000e+00 5.3372471606e-01 0.0000000000e+00 1.5731211401e+01 
1.1219300000e+00 5.3387186265e-01 0.0000000000e+00 1.5726721351e+01 
1.1246400000e+00 5.3402050074e-01 0.0000000000e+00 1.5722164654e+01 
1.1273900000e+00 5.3417064574e-01 0.0000000000e+00 1.5717539866e+01 
1.1301600000e+00 5.3432231319e-01 0.0000000000e+00 1.5712845497e+01 
1.1329600000e+00 5.3447551878e-01 0.0000000000e+00 1.5708080007e+01 
1.1357900000e+00 5.3463027835e-01 0.0000000000e+00 1.5703241800e+01 
1.1386500000e+00 5.3478660789e-01 0.0000000000e+00 1.5698329230e+01 
1.1415300000e+00 5.3494452354e-01 0.0000000000e+00 1.5693340589e+01 
1.1444500000e+00 5.3510404160e-01 0.0000000000e+00 1.5688274111e+01 
1.1473900000e+00 5.3526517851e-01 0.0000000000e+00 1.5683127968e+01 
1.1503700000e+00 5.3542795088e-01 0.0000000000e+00 1.5677900260e+01 
1.1533800000e+00 5.3559237550e-01 0.0000000000e+00 1.5672589021e+01 
1.1564100000e+00 5.3575846928e-01 0.0000000000e+00 1.5667192209e+01 
1.1594800000e+00 5.3592624934e-01 0.0000000000e+00 1.5661707706e+01 
1.1625800000e+00 5.3609573294e-01 0.0000000000e+00 1.5656133308e+01 
1.1657100000e+00 5.3626693752e-01 0.0000000000e+00 1.5650466728e+01 
1.1688700000e+00 5.3643988069e-01 0.0000000000e+00 1.5644705588e+01 
1.1720700000e+00 5.3661458023e-01 0.0000000000e+00 1.5638847409e+01 
1.1752900000e+00 5.3679105411e-01 0.0000000000e+00 1.5632889614e+01 
1.1785500000e+00 5.3696932047e-01 0.0000000000e+00 1.5626829516e+01 
1.1818400000e+00 5.3714939761e-01 0.0000000000e+00 1.5620664314e+01 
1.1851700000e+00 5.3733130405e-01 0.0000000000e+00 1.5614391085e+01 
1.1885300000e+00 5.3751505846e-01 0.0000000000e+00 1.5608006780e+01 
1.1919200000e+00 5.3770067973e-01 0.0000000000e+00 1.5601508211e+01 
1.1953500000e+00 5.3788818690e-01 0.0000000000e+00 1.5594892044e+01 
1.1988200000e+00 5.3807759923e-01 0.0000000000e+00 1.5588154794e+01 
1.2023200000e+00 5.3826893616e-01 0.0000000000e+00 1.5581292809e+01 
1.2058500000e+00 5.3846221733e-01 0.0000000000e+00 1.5574302262e+01 
1.2094200000e+00 5.3865746257e-01 0.0000000000e+00 1.5567179142e+01 
1.2130300000e+00 5.3885469192e-01 0.0000000000e+00 1.5559919235e+01 
1.2166700000e+00 5.3905392561e-01 0.0000000000e+00 1.5552518115e+01 
1.2203500000e+00 5.3925518408e-01 0.0000000000e+00 1.5544971128e+01 
1.2240700000e+00 5.3945848797e-01 0.0000000000e+00 1.5537273377e+01 
1.2278200000e+00 5.3966385813e-01 0.0000000000e+00 1.5529419697e+01 
1.2316200000e+00 5.3987131563e-01 0.0000000000e+00 1.5521404647e+01 
1.2354500000e+00 5.4008088173e-01 0.0000000000e+00 1.5513222477e+01 
1.2393200000e+00 5.4029257793e-01 0.0000000000e+00 1.5504867114e+01 
1.2432300000e+00 5.4050642594e-01 0.0000000000e+00 1.5496332131e+01 
1.2471800000e+00 5.4072244767e-01 0.0000000000e+00 1.5487610719e+01 
1.2511700000e+00 5.4094066528e-01 0.0000000000e+00 1.5478695655e+01 
1.2552000000e+00 5.4116110112e-01 0.0000000000e+00 1.5469579273e+01 
1.2592700000e+00 5.4138377781e-01 0.0000000000e+00 1.5460253417e+01 
1.2633900000e+00 5.4160871816e-01 0.0000000000e+00 1.5450709406e+01 
1.2675400000e+00 5.4183594523e-01 0.0000000000e+00 1.5440937981e+01 
1.2717400000e+00 5.4206548231e-01 0.0000000000e+00 1.5430929257e+01 
1.2759800000e+00 5.4229735292e-01 0.0000000000e+00 1.5420672664e+01 
1.2802600000e+00 5.4253158084e-01 0.0000000000e+00 1.5410156873e+01 
1.2845900000e+00 5.4276819005e-01 0.0000000000e+00 1.5399369732e+01 
1.2889600000e+00 5.4300720482e-01 0.0000000000e+00 1.5388298178e+01 
1.2933800000e+00 5.4324864964e-01 0.0000000000e+00 1.5376928143e+01 
1.2978400000e+00 5.4349254925e-01 0.0000000000e+00 1.5365244450e+01 
1.3023400000e+00 5.4373892865e-01 0.0000000000e+00 1.5353230683e+01 
1.3069000000e+00 5.4398781308e-01 0.0000000000e+00 1.5340869061e+01 
1.3114900000e+00 5.4423922805e-01 0.0000000000e+00 1.5328140272e+01 
1.3161400000e+00 5.4449319933e-01 0.0000000000e+00 1.5315023290e+01 
1.3208300000e+00 5.4474975294e-01 0.0000000000e+00 1.5301495171e+01 
1.3255700000e+00 5.4500891517e-01 0.0000000000e+00 1.5287530805e+01 
1.3303600000e+00 5.4527071257e-01 0.0000000000e+00 1.5273102635e+01 
1.3351900000e+00 5.4553517199e-01 0.0000000000e+00 1.5258180329e+01 
1.3400800000e+00 5.4580232052e-01 0.0000000000e+00 1.5242730392e+01 
1.3450100000e+00 5.4607218554e-01 0.0000000000e+00 1.5226715701e+01 
1.3500000000e+00 5.4634479470e-01 0.0000000000e+00 1.5210094971e+01 
1.3547900000e+00 5.4660676687e-01 0.0000000000e+00 1.5193674910e+01 
1.3601300000e+00 5.4689896640e-01 0.0000000000e+00 1.5174805409e+01 
1.3660900000e+00 5.4722488108e-01 0.0000000000e+00 1.5153013765e+01 
1.3727400000e+00 5.4758840113e-01 0.0000000000e+00 1.5127695199e+01 
1.3801600000e+00 5.4799386568e-01 0.0000000000e+00 1.5098058183e+01 
1.3884300000e+00 5.4844611457e-01 0.0000000000e+00 1.5063037570e+01 
1.3976500000e+00 5.4895054615e-01 0.0000000000e+00 1.5021149628e+01 
1.4079400000e+00 5.4951318176e-01 0.0000000000e+00 1.4970234829e+01 
1.4194200000e+00 5.5014073764e-01 0.0000000000e+00 1.4906964310e+01 
1.4322200000e+00 5.5084070523e-01 0.0000000000e+00 1.4825788994e+01 
1.4465000000e+00 5.5162144070e-01 0.0000000000e+00 1.4716348233e+01 
1.4624200000e+00 5.5249226502e-01 0.0000000000e+00 1.4555450989e+01 
1.4801900000e+00 5.5346357436e-01 0.0000000000e+00 1.4269235246e+01 
1.5000000000e+00 5.5454692912e-01 0.0000000000e+00 1.8916843013e+00 
