EXPORTED CROSS SECTION DATA
433 4 4
x coordinate
Potential
Impact Gen Rate
Hole Conc
0.0000000000e+00 -4.4545307088e-01 0.0000000000e+00 1.8916843013e+00 
1.9810000000e-02 -4.4417928359e-01 0.0000000000e+00 1.7754564996e+01 
3.7580000000e-02 -4.4305942453e-01 0.0000000000e+00 1.8020024495e+01 
5.3500000000e-02 -4.4207142786e-01 0.0000000000e+00 1.8162754427e+01 
6.7780000000e-02 -4.4119739746e-01 0.0000000000e+00 1.8256225712e+01 
8.0580000000e-02 -4.4042253902e-01 0.0000000000e+00 1.8323316421e+01 
9.2060000000e-02 -4.3973442938e-01 0.0000000000e+00 1.8374131791e+01 
1.0235000000e-01 -4.3912251090e-01 0.0000000000e+00 1.8414008966e+01 
1.1157000000e-01 -4.3857772752e-01 0.0000000000e+00 1.8446098586e+01 
1.1984000000e-01 -4.3809225408e-01 0.0000000000e+00 1.8472408693e+01 
1.2726000000e-01 -4.3765928929e-01 0.0000000000e+00 1.8494293134e+01 
1.3391000000e-01 -4.3727289370e-01 0.0000000000e+00 1.8512704914e+01 
1.3987000000e-01 -4.3692786035e-01 0.0000000000e+00 1.8528338183e+01 
1.4521000000e-01 -4.3661960986e-01 0.0000000000e+00 1.8541712753e+01 
1.5000000000e-01 -4.3634410403e-01 0.0000000000e+00 1.8553226915e+01 
1.5499000000e-01 -4.3605825433e-01 0.0000000000e+00 1.8564762649e+01 
1.5992000000e-01 -4.3577611197e-01 0.0000000000e+00 1.8575763209e+01 
1.6481000000e-01 -4.3549760720e-01 0.0000000000e+00 1.8586268280e+01 
1.6964000000e-01 -4.3522267258e-01 0.0000000000e+00 1.8596313442e+01 
1.7443000000e-01 -4.3495124286e-01 0.0000000000e+00 1.8605930710e+01 
1.7917000000e-01 -4.3468325487e-01 0.0000000000e+00 1.8615148997e+01 
1.8386000000e-01 -4.3441864740e-01 0.0000000000e+00 1.8623994489e+01 
1.8851000000e-01 -4.3415736108e-01 0.0000000000e+00 1.8632490981e+01 
1.9310000000e-01 -4.3389933835e-01 0.0000000000e+00 1.8640660147e+01 
1.9766000000e-01 -4.3364452329e-01 0.0000000000e+00 1.8648521789e+01 
2.0216000000e-01 -4.3339286163e-01 0.0000000000e+00 1.8656094041e+01 
2.0662000000e-01 -4.3314430060e-01 0.0000000000e+00 1.8663393547e+01 
2.1104000000e-01 -4.3289878890e-01 0.0000000000e+00 1.8670435619e+01 
2.1541000000e-01 -4.3265627662e-01 0.0000000000e+00 1.8677234373e+01 
2.1974000000e-01 -4.3241671518e-01 0.0000000000e+00 1.8683802847e+01 
2.2402000000e-01 -4.3218005730e-01 0.0000000000e+00 1.8690153112e+01 
2.2826000000e-01 -4.3194625689e-01 0.0000000000e+00 1.8696296355e+01 
2.3246000000e-01 -4.3171526904e-01 0.0000000000e+00 1.8702242967e+01 
2.3661000000e-01 -4.3148704996e-01 0.0000000000e+00 1.8708002616e+01 
2.4073000000e-01 -4.3126155694e-01 0.0000000000e+00 1.8713584309e+01 
2.4480000000e-01 -4.3103874831e-01 0.0000000000e+00 1.8718996451e+01 
2.4883000000e-01 -4.3081858336e-01 0.0000000000e+00 1.8724246898e+01 
2.5282000000e-01 -4.3060102238e-01 0.0000000000e+00 1.8729342998e+01 
2.5677000000e-01 -4.3038602655e-01 0.0000000000e+00 1.8734291639e+01 
2.6068000000e-01 -4.3017355793e-01 0.0000000000e+00 1.8739099283e+01 
2.6455000000e-01 -4.2996357944e-01 0.0000000000e+00 1.8743771998e+01 
2.6838000000e-01 -4.2975605483e-01 0.0000000000e+00 1.8748315492e+01 
2.7218000000e-01 -4.2955094863e-01 0.0000000000e+00 1.8752735139e+01 
2.7593000000e-01 -4.2934822614e-01 0.0000000000e+00 1.8757036004e+01 
2.7965000000e-01 -4.2914785338e-01 0.0000000000e+00 1.8761222865e+01 
2.8333000000e-01 -4.2894979711e-01 0.0000000000e+00 1.8765300235e+01 
2.8697000000e-01 -4.2875402476e-01 0.0000000000e+00 1.8769272381e+01 
2.9058000000e-01 -4.2856050443e-01 0.0000000000e+00 1.8773143339e+01 
2.9415000000e-01 -4.2836920486e-01 0.0000000000e+00 1.8776916933e+01 
2.9768000000e-01 -4.2818009543e-01 0.0000000000e+00 1.8780596788e+01 
3.0118000000e-01 -4.2799314610e-01 0.0000000000e+00 1.8784186340e+01 
3.0465000000e-01 -4.2780832743e-01 0.0000000000e+00 1.8787688856e+01 
3.0808000000e-01 -4.2762561056e-01 0.0000000000e+00 1.8791107437e+01 
3.1147000000e-01 -4.2744496714e-01 0.0000000000e+00 1.8794445034e+01 
3.1483000000e-01 -4.2726636940e-01 0.0000000000e+00 1.8797704455e+01 
3.1816000000e-01 -4.2708979006e-01 0.0000000000e+00 1.8800888372e+01 
3.2145000000e-01 -4.2691520235e-01 0.0000000000e+00 1.8803999336e+01 
3.2471000000e-01 -4.2674257999e-01 0.0000000000e+00 1.8807039775e+01 
3.2793000000e-01 -4.2657189718e-01 0.0000000000e+00 1.8810012010e+01 
3.3113000000e-01 -4.2640312856e-01 0.0000000000e+00 1.8812918254e+01 
3.3429000000e-01 -4.2623624924e-01 0.0000000000e+00 1.8815760624e+01 
3.3742000000e-01 -4.2607123477e-01 0.0000000000e+00 1.8818541144e+01 
3.4052000000e-01 -4.2590806110e-01 0.0000000000e+00 1.8821261749e+01 
3.4359000000e-01 -4.2574670462e-01 0.0000000000e+00 1.8823924292e+01 
3.4662000000e-01 -4.2558714212e-01 0.0000000000e+00 1.8826530547e+01 
3.4963000000e-01 -4.2542935076e-01 0.0000000000e+00 1.8829082215e+01 
3.5261000000e-01 -4.2527330811e-01 0.0000000000e+00 1.8831580926e+01 
3.5555000000e-01 -4.2511899209e-01 0.0000000000e+00 1.8834028243e+01 
3.5847000000e-01 -4.2496638100e-01 0.0000000000e+00 1.8836425668e+01 
3.6135000000e-01 -4.2481545349e-01 0.0000000000e+00 1.8838774643e+01 
3.6421000000e-01 -4.2466618854e-01 0.0000000000e+00 1.8841076551e+01 
3.6704000000e-01 -4.2451856551e-01 0.0000000000e+00 1.8843332723e+01 
3.6984000000e-01 -4.2437256403e-01 0.0000000000e+00 1.8845544439e+01 
3.7261000000e-01 -4.2422816410e-01 0.0000000000e+00 1.8847712930e+01 
3.7536000000e-01 -4.2408534601e-01 0.0000000000e+00 1.8849839381e+01 
3.7807000000e-01 -4.2394409037e-01 0.0000000000e+00 1.8851924932e+01 
3.8076000000e-01 -4.2380437808e-01 0.0000000000e+00 1.8853970681e+01 
3.8343000000e-01 -4.2366619033e-01 0.0000000000e+00 1.8855977689e+01 
3.8606000000e-01 -4.2352950861e-01 0.0000000000e+00 1.8857946974e+01 
3.8867000000e-01 -4.2339431467e-01 0.0000000000e+00 1.8859879522e+01 
3.9125000000e-01 -4.2326059056e-01 0.0000000000e+00 1.8861776283e+01 
3.9381000000e-01 -4.2312831856e-01 0.0000000000e+00 1.8863638171e+01 
3.9634000000e-01 -4.2299748125e-01 0.0000000000e+00 1.8865466073e+01 
3.9885000000e-01 -4.2286806144e-01 0.0000000000e+00 1.8867260842e+01 
4.0133000000e-01 -4.2274004220e-01 0.0000000000e+00 1.8869023305e+01 
4.0378000000e-01 -4.2261340682e-01 0.0000000000e+00 1.8870754259e+01 
4.0621000000e-01 -4.2248813887e-01 0.0000000000e+00 1.8872454477e+01 
4.0862000000e-01 -4.2236422212e-01 0.0000000000e+00 1.8874124703e+01 
4.1100000000e-01 -4.2224164057e-01 0.0000000000e+00 1.8875765661e+01 
4.1336000000e-01 -4.2212037845e-01 0.0000000000e+00 1.8877378049e+01 
4.1569000000e-01 -4.2200042018e-01 0.0000000000e+00 1.8878962544e+01 
4.1800000000e-01 -4.2188175042e-01 0.0000000000e+00 1.8880519801e+01 
4.2029000000e-01 -4.2176435401e-01 0.0000000000e+00 1.8882050455e+01 
4.2256000000e-01 -4.2164821599e-01 0.0000000000e+00 1.8883555124e+01 
4.2480000000e-01 -4.2153332161e-01 0.0000000000e+00 1.8885034406e+01 
4.2702000000e-01 -4.2141965633e-01 0.0000000000e+00 1.8886488883e+01 
4.2921000000e-01 -4.2130720581e-01 0.0000000000e+00 1.8887919125e+01 
4.3139000000e-01 -4.2119595604e-01 0.0000000000e+00 1.8889325689e+01 
4.3354000000e-01 -4.2108589343e-01 0.0000000000e+00 1.8890709132e+01 
4.3567000000e-01 -4.2097700509e-01 0.0000000000e+00 1.8892070016e+01 
4.3778000000e-01 -4.2086927947e-01 0.0000000000e+00 1.8893408930e+01 
4.3987000000e-01 -4.2076270961e-01 0.0000000000e+00 1.8894726551e+01 
4.4194000000e-01 -4.2065733042e-01 0.0000000000e+00 1.8896024158e+01 
4.4398000000e-01 -4.2055377194e-01 0.0000000000e+00 1.8897310967e+01 
4.4601000000e-01 -4.2046161345e-01 0.0000000000e+00 1.8898714298e+01 
4.4801000000e-01 -4.2052380015e-01 0.0000000000e+00 1.8902125551e+01 
4.5000000000e-01 -4.2283799314e-01 0.0000000000e+00 1.8935047301e+01 
4.5199000000e-01 -4.5773654056e-01 0.0000000000e+00 1.8605412711e+01 
4.5410000000e-01 -4.6583480022e-01 0.0000000000e+00 1.8724951585e+01 
4.5633000000e-01 -4.6757471784e-01 0.0000000000e+00 1.8750598944e+01 
4.5869000000e-01 -4.6784995342e-01 0.0000000000e+00 1.8755300955e+01 
4.6118000000e-01 -4.6780426674e-01 0.0000000000e+00 1.8755489562e+01 
4.6382000000e-01 -4.6768823910e-01 0.0000000000e+00 1.8754738420e+01 
4.6660000000e-01 -4.6755279115e-01 0.0000000000e+00 1.8753764600e+01 
4.6954000000e-01 -4.6740717104e-01 0.0000000000e+00 1.8752701159e+01 
4.7265000000e-01 -4.6725256601e-01 0.0000000000e+00 1.8751568374e+01 
4.7594000000e-01 -4.6708870042e-01 0.0000000000e+00 1.8750366174e+01 
4.7942000000e-01 -4.6691502770e-01 0.0000000000e+00 1.8749090862e+01 
4.8310000000e-01 -4.6673092649e-01 0.0000000000e+00 1.8747737901e+01 
4.8698000000e-01 -4.6653572795e-01 0.0000000000e+00 1.8746302332e+01 
4.9109000000e-01 -4.6632871634e-01 0.0000000000e+00 1.8744778812e+01 
4.9543000000e-01 -4.6610912562e-01 0.0000000000e+00 1.8743161603e+01 
5.0003000000e-01 -4.6587613502e-01 0.0000000000e+00 1.8741444538e+01 
5.0488000000e-01 -4.6562886425e-01 0.0000000000e+00 1.8739620983e+01 
5.1001000000e-01 -4.6536636823e-01 0.0000000000e+00 1.8737683801e+01 
5.1543000000e-01 -4.6508763122e-01 0.0000000000e+00 1.8735625304e+01 
5.2117000000e-01 -4.6479156038e-01 0.0000000000e+00 1.8733437200e+01 
5.2723000000e-01 -4.6447697853e-01 0.0000000000e+00 1.8731110539e+01 
5.3364000000e-01 -4.6414261614e-01 0.0000000000e+00 1.8728635645e+01 
5.4041000000e-01 -4.6378710231e-01 0.0000000000e+00 1.8726002048e+01 
5.4757000000e-01 -4.6340895470e-01 0.0000000000e+00 1.8723198399e+01 
5.5514000000e-01 -4.6300656810e-01 0.0000000000e+00 1.8720212377e+01 
5.6315000000e-01 -4.6257820156e-01 0.0000000000e+00 1.8717030590e+01 
5.7161000000e-01 -4.6212196382e-01 0.0000000000e+00 1.8713638449e+01 
5.8055000000e-01 -4.6163579662e-01 0.0000000000e+00 1.8710020040e+01 
5.9000000000e-01 -4.6111745576e-01 0.0000000000e+00 1.8706157963e+01 
6.0000000000e-01 -4.6056448930e-01 0.0000000000e+00 1.8702033158e+01 
6.0997000000e-01 -4.6000767113e-01 0.0000000000e+00 1.8697874715e+01 
6.1892000000e-01 -4.5950342152e-01 0.0000000000e+00 1.8694104639e+01 
6.2695000000e-01 -4.5904716261e-01 0.0000000000e+00 1.8690689938e+01 
6.3415000000e-01 -4.5863464574e-01 0.0000000000e+00 1.8687599822e+01 
6.4062000000e-01 -4.5826194049e-01 0.0000000000e+00 1.8684805670e+01 
6.4643000000e-01 -4.5792542141e-01 0.0000000000e+00 1.8682280972e+01 
6.5163000000e-01 -4.5762175325e-01 0.0000000000e+00 1.8680001250e+01 
6.5631000000e-01 -4.5734787518e-01 0.0000000000e+00 1.8677943969e+01 
6.6050000000e-01 -4.5710098437e-01 0.0000000000e+00 1.8676088433e+01 
6.6427000000e-01 -4.5687851929e-01 0.0000000000e+00 1.8674415682e+01 
6.6765000000e-01 -4.5667814319e-01 0.0000000000e+00 1.8672908385e+01 
6.7068000000e-01 -4.5649772783e-01 0.0000000000e+00 1.8671550725e+01 
6.7340000000e-01 -4.5633533771e-01 0.0000000000e+00 1.8670328290e+01 
6.7584000000e-01 -4.5618921498e-01 0.0000000000e+00 1.8669227975e+01 
6.7803000000e-01 -4.5605776500e-01 0.0000000000e+00 1.8668237875e+01 
6.8000000000e-01 -4.5593954280e-01 0.0000000000e+00 1.8667347188e+01 
6.8198000000e-01 -4.5582011719e-01 0.0000000000e+00 1.8666447224e+01 
6.8386000000e-01 -4.5570674968e-01 0.0000000000e+00 1.8665592715e+01 
6.8564000000e-01 -4.5559914391e-01 0.0000000000e+00 1.8664781459e+01 
6.8733000000e-01 -4.5549701691e-01 0.0000000000e+00 1.8664011348e+01 
6.8892000000e-01 -4.5540009866e-01 0.0000000000e+00 1.8663280372e+01 
6.9044000000e-01 -4.5530813155e-01 0.0000000000e+00 1.8662586608e+01 
6.9187000000e-01 -4.5522086990e-01 0.0000000000e+00 1.8661928226e+01 
6.9323000000e-01 -4.5513807951e-01 0.0000000000e+00 1.8661303473e+01 
6.9451000000e-01 -4.5505953718e-01 0.0000000000e+00 1.8660710682e+01 
6.9573000000e-01 -4.5498503027e-01 0.0000000000e+00 1.8660148264e+01 
6.9689000000e-01 -4.5491435624e-01 0.0000000000e+00 1.8659614702e+01 
6.9798000000e-01 -4.5484732224e-01 0.0000000000e+00 1.8659108551e+01 
6.9902000000e-01 -4.5478374470e-01 0.0000000000e+00 1.8658628438e+01 
7.0000000000e-01 -4.5472344889e-01 0.0000000000e+00 1.8658173050e+01 
7.0100000000e-01 -4.5466196874e-01 0.0000000000e+00 1.8657708662e+01 
7.0200000000e-01 -4.5460042327e-01 0.0000000000e+00 1.8657243725e+01 
7.0300000000e-01 -4.5453881234e-01 0.0000000000e+00 1.8656778236e+01 
7.0400000000e-01 -4.5447713582e-01 0.0000000000e+00 1.8656312193e+01 
7.0500000000e-01 -4.5441539359e-01 0.0000000000e+00 1.8655845597e+01 
7.0600000000e-01 -4.5435358551e-01 0.0000000000e+00 1.8655378446e+01 
7.0700000000e-01 -4.5429171145e-01 0.0000000000e+00 1.8654910739e+01 
7.0800000000e-01 -4.5422977129e-01 0.0000000000e+00 1.8654442473e+01 
7.0900000000e-01 -4.5416776490e-01 0.0000000000e+00 1.8653973649e+01 
7.1000000000e-01 -4.5410569217e-01 0.0000000000e+00 1.8653504264e+01 
7.1100000000e-01 -4.5404355296e-01 0.0000000000e+00 1.8653034318e+01 
7.1200000000e-01 -4.5398134718e-01 0.0000000000e+00 1.8652563808e+01 
7.1300000000e-01 -4.5391907469e-01 0.0000000000e+00 1.8652092735e+01 
7.1400000000e-01 -4.5385673539e-01 0.0000000000e+00 1.8651621096e+01 
7.1500000000e-01 -4.5379432918e-01 0.0000000000e+00 1.8651148891e+01 
7.1600000000e-01 -4.5373185595e-01 0.0000000000e+00 1.8650676117e+01 
7.1700000000e-01 -4.5366931560e-01 0.0000000000e+00 1.8650202774e+01 
7.1800000000e-01 -4.5360670804e-01 0.0000000000e+00 1.8649728860e+01 
7.1900000000e-01 -4.5354403319e-01 0.0000000000e+00 1.8649254374e+01 
7.2000000000e-01 -4.5348129096e-01 0.0000000000e+00 1.8648779315e+01 
7.2100000000e-01 -4.5341848130e-01 0.0000000000e+00 1.8648303682e+01 
7.2200000000e-01 -4.5335560412e-01 0.0000000000e+00 1.8647827473e+01 
7.2300000000e-01 -4.5329265940e-01 0.0000000000e+00 1.8647350686e+01 
7.2400000000e-01 -4.5322964709e-01 0.0000000000e+00 1.8646873322e+01 
7.2500000000e-01 -4.5316656720e-01 0.0000000000e+00 1.8646395379e+01 
7.2600000000e-01 -4.5310341975e-01 0.0000000000e+00 1.8645916856e+01 
7.2700000000e-01 -4.5304020483e-01 0.0000000000e+00 1.8645437755e+01 
7.2800000000e-01 -4.5297692266e-01 0.0000000000e+00 1.8644958076e+01 
7.2900000000e-01 -4.5291357364e-01 0.0000000000e+00 1.8644477826e+01 
7.3000000000e-01 -4.5285015861e-01 0.0000000000e+00 1.8643997014e+01 
7.3100000000e-01 -4.5278667916e-01 0.0000000000e+00 1.8643515662e+01 
7.3200000000e-01 -4.5272313845e-01 0.0000000000e+00 1.8643033819e+01 
7.3300000000e-01 -4.5265954261e-01 0.0000000000e+00 1.8642551570e+01 
7.3400000000e-01 -4.5259590365e-01 0.0000000000e+00 1.8642069092e+01 
7.3500000000e-01 -4.5253224504e-01 0.0000000000e+00 1.8641586725e+01 
7.3600000000e-01 -4.5246861266e-01 0.0000000000e+00 1.8641105139e+01 
7.3700000000e-01 -4.5240509611e-01 0.0000000000e+00 1.8640625634e+01 
7.3800000000e-01 -4.5234187016e-01 0.0000000000e+00 1.8640150748e+01 
7.3900000000e-01 -4.5227927561e-01 0.0000000000e+00 1.8639685429e+01 
7.4000000000e-01 -4.5221797670e-01 0.0000000000e+00 1.8639239320e+01 
7.4100000000e-01 -4.5215926791e-01 0.0000000000e+00 1.8638831209e+01 
7.4200000000e-01 -4.5210567123e-01 0.0000000000e+00 1.8638497703e+01 
7.4300000000e-01 -4.5206209910e-01 0.0000000000e+00 1.8638310103e+01 
7.4400000000e-01 -4.5203811759e-01 0.0000000000e+00 1.8638407231e+01 
7.4500000000e-01 -4.5205234988e-01 0.0000000000e+00 1.8639062777e+01 
7.4600000000e-01 -4.5214109840e-01 0.0000000000e+00 1.8640817792e+01 
7.4700000000e-01 -4.5237527639e-01 0.0000000000e+00 1.8644715185e+01 
7.4800000000e-01 -4.5289334071e-01 0.0000000000e+00 1.8652782092e+01 
7.4900000000e-01 -4.5396579525e-01 0.0000000000e+00 1.8668943046e+01 
7.5000000000e-01 -4.5612186293e-01 0.0000000000e+00 1.9073421705e+01 
7.5100000000e-01 -4.5681730456e-01 0.0000000000e+00 1.9078697506e+01 
7.5200000000e-01 -4.5701656175e-01 0.0000000000e+00 1.9081479542e+01 
7.5300000000e-01 -4.5702651615e-01 0.0000000000e+00 1.9081975000e+01 
7.5400000000e-01 -4.5696395831e-01 0.0000000000e+00 1.9081600839e+01 
7.5500000000e-01 -4.5687348999e-01 0.0000000000e+00 1.9080892501e+01 
7.5600000000e-01 -4.5677217014e-01 0.0000000000e+00 1.9080054371e+01 
7.5700000000e-01 -4.5666652985e-01 0.0000000000e+00 1.9079164706e+01 
7.5800000000e-01 -4.5655907158e-01 0.0000000000e+00 1.9078253497e+01 
7.5900000000e-01 -4.5645075475e-01 0.0000000000e+00 1.9077332248e+01 
7.6000000000e-01 -4.5634194710e-01 0.0000000000e+00 1.9076405373e+01 
7.6100000000e-01 -4.5623278927e-01 0.0000000000e+00 1.9075474560e+01 
7.6200000000e-01 -4.5612333463e-01 0.0000000000e+00 1.9074540448e+01 
7.6300000000e-01 -4.5601360291e-01 0.0000000000e+00 1.9073603275e+01 
7.6400000000e-01 -4.5590360087e-01 0.0000000000e+00 1.9072663127e+01 
7.6500000000e-01 -4.5579333025e-01 0.0000000000e+00 1.9071720022e+01 
7.6600000000e-01 -4.5568279079e-01 0.0000000000e+00 1.9070773961e+01 
7.6700000000e-01 -4.5557198146e-01 0.0000000000e+00 1.9069824933e+01 
7.6800000000e-01 -4.5546090089e-01 0.0000000000e+00 1.9068872921e+01 
7.6900000000e-01 -4.5534954758e-01 0.0000000000e+00 1.9067917912e+01 
7.7000000000e-01 -4.5523791995e-01 0.0000000000e+00 1.9066959883e+01 
7.7100000000e-01 -4.5512601637e-01 0.0000000000e+00 1.9065998821e+01 
7.7200000000e-01 -4.5501383521e-01 0.0000000000e+00 1.9065034701e+01 
7.7300000000e-01 -4.5490137479e-01 0.0000000000e+00 1.9064067510e+01 
7.7400000000e-01 -4.5478863340e-01 0.0000000000e+00 1.9063097226e+01 
7.7500000000e-01 -4.5467560934e-01 0.0000000000e+00 1.9062123827e+01 
7.7600000000e-01 -4.5456230086e-01 0.0000000000e+00 1.9061147295e+01 
7.7700000000e-01 -4.5444870623e-01 0.0000000000e+00 1.9060167610e+01 
7.7800000000e-01 -4.5433482367e-01 0.0000000000e+00 1.9059184750e+01 
7.7900000000e-01 -4.5422065139e-01 0.0000000000e+00 1.9058198701e+01 
7.8000000000e-01 -4.5410618759e-01 0.0000000000e+00 1.9057209433e+01 
7.8100000000e-01 -4.5399143044e-01 0.0000000000e+00 1.9056216925e+01 
7.8200000000e-01 -4.5387637809e-01 0.0000000000e+00 1.9055221162e+01 
7.8300000000e-01 -4.5376102870e-01 0.0000000000e+00 1.9054222117e+01 
7.8400000000e-01 -4.5364538039e-01 0.0000000000e+00 1.9053219774e+01 
7.8500000000e-01 -4.5352943124e-01 0.0000000000e+00 1.9052214103e+01 
7.8600000000e-01 -4.5341317936e-01 0.0000000000e+00 1.9051205086e+01 
7.8700000000e-01 -4.5329662279e-01 0.0000000000e+00 1.9050192699e+01 
7.8800000000e-01 -4.5317975960e-01 0.0000000000e+00 1.9049176918e+01 
7.8900000000e-01 -4.5306258779e-01 0.0000000000e+00 1.9048157726e+01 
7.9000000000e-01 -4.5294510539e-01 0.0000000000e+00 1.9047135088e+01 
7.9100000000e-01 -4.5282731036e-01 0.0000000000e+00 1.9046108993e+01 
7.9200000000e-01 -4.5270920068e-01 0.0000000000e+00 1.9045079408e+01 
7.9300000000e-01 -4.5259077429e-01 0.0000000000e+00 1.9044046309e+01 
7.9400000000e-01 -4.5247202911e-01 0.0000000000e+00 1.9043009676e+01 
7.9500000000e-01 -4.5235296303e-01 0.0000000000e+00 1.9041969483e+01 
7.9600000000e-01 -4.5223357395e-01 0.0000000000e+00 1.9040925706e+01 
7.9700000000e-01 -4.5211385971e-01 0.0000000000e+00 1.9039878312e+01 
7.9800000000e-01 -4.5199381814e-01 0.0000000000e+00 1.9038827287e+01 
7.9900000000e-01 -4.5187344707e-01 0.0000000000e+00 1.9037772596e+01 
8.0000000000e-01 -4.5175274426e-01 0.0000000000e+00 1.9036714213e+01 
8.0098000000e-01 -4.5163391725e-01 0.0000000000e+00 1.9035671515e+01 
8.0202000000e-01 -4.5150813718e-01 0.0000000000e+00 1.9034566977e+01 
8.0311000000e-01 -4.5137497484e-01 0.0000000000e+00 1.9033396680e+01 
8.0427000000e-01 -4.5123397178e-01 0.0000000000e+00 1.9032156434e+01 
8.0549000000e-01 -4.5108463791e-01 0.0000000000e+00 1.9030841742e+01 
8.0677000000e-01 -4.5092644895e-01 0.0000000000e+00 1.9029447781e+01 
8.0813000000e-01 -4.5075884355e-01 0.0000000000e+00 1.9027969362e+01 
8.0956000000e-01 -4.5058122019e-01 0.0000000000e+00 1.9026400925e+01 
8.1108000000e-01 -4.5039293366e-01 0.0000000000e+00 1.9024736464e+01 
8.1267000000e-01 -4.5019329116e-01 0.0000000000e+00 1.9022969516e+01 
8.1436000000e-01 -4.4998154801e-01 0.0000000000e+00 1.9021093115e+01 
8.1614000000e-01 -4.4975690279e-01 0.0000000000e+00 1.9019099725e+01 
8.1802000000e-01 -4.4951849189e-01 0.0000000000e+00 1.9016981187e+01 
8.2000000000e-01 -4.4926538349e-01 0.0000000000e+00 1.9014728673e+01 
8.2197000000e-01 -4.4901281571e-01 0.0000000000e+00 1.9012477505e+01 
8.2416000000e-01 -4.4872960143e-01 0.0000000000e+00 1.9009949063e+01 
8.2660000000e-01 -4.4841177063e-01 0.0000000000e+00 1.9007106387e+01 
8.2932000000e-01 -4.4805477141e-01 0.0000000000e+00 1.9003906838e+01 
8.3235000000e-01 -4.4765336576e-01 0.0000000000e+00 1.9000301005e+01 
8.3573000000e-01 -4.4720150112e-01 0.0000000000e+00 1.8996231372e+01 
8.3950000000e-01 -4.4669215052e-01 0.0000000000e+00 1.8991630606e+01 
8.4369000000e-01 -4.4611711125e-01 0.0000000000e+00 1.8986419394e+01 
8.4837000000e-01 -4.4546674797e-01 0.0000000000e+00 1.8980503638e+01 
8.5357000000e-01 -4.4472966013e-01 0.0000000000e+00 1.8973770791e+01 
8.5938000000e-01 -4.4389224420e-01 0.0000000000e+00 1.8966084961e+01 
8.6585000000e-01 -4.4293810676e-01 0.0000000000e+00 1.8957280264e+01 
8.7305000000e-01 -4.4184726051e-01 0.0000000000e+00 1.8947151602e+01 
8.8108000000e-01 -4.4059499579e-01 0.0000000000e+00 1.8935441543e+01 
8.9003000000e-01 -4.3915025088e-01 0.0000000000e+00 1.8921821129e+01 
9.0000000000e-01 -4.3747318137e-01 0.0000000000e+00 1.8905860861e+01 
9.1000000000e-01 -4.3571286427e-01 0.0000000000e+00 1.8888933202e+01 
9.1945000000e-01 -4.3396601776e-01 0.0000000000e+00 1.8871955440e+01 
9.2839000000e-01 -4.3223136800e-01 0.0000000000e+00 1.8854917071e+01 
9.3685000000e-01 -4.3050755449e-01 0.0000000000e+00 1.8837806172e+01 
9.4486000000e-01 -4.2879311895e-01 0.0000000000e+00 1.8820609250e+01 
9.5243000000e-01 -4.2708648980e-01 0.0000000000e+00 1.8803311034e+01 
9.5959000000e-01 -4.2538596354e-01 0.0000000000e+00 1.8785894226e+01 
9.6636000000e-01 -4.2368968205e-01 0.0000000000e+00 1.8768339207e+01 
9.7277000000e-01 -4.2199560325e-01 0.0000000000e+00 1.8750623655e+01 
9.7883000000e-01 -4.2030145556e-01 0.0000000000e+00 1.8732722042e+01 
9.8457000000e-01 -4.1860464149e-01 0.0000000000e+00 1.8714604726e+01 
9.8999000000e-01 -4.1690201635e-01 0.0000000000e+00 1.8696236121e+01 
9.9512000000e-01 -4.1518970061e-01 0.0000000000e+00 1.8677572801e+01 
9.9997000000e-01 -4.1346317464e-01 0.0000000000e+00 1.8658563149e+01 
1.0045700000e+00 -4.1171711621e-01 0.0000000000e+00 1.8639144608e+01 
1.0089100000e+00 -4.0994437848e-01 0.0000000000e+00 1.8619231094e+01 
1.0130200000e+00 -4.0813220789e-01 0.0000000000e+00 1.8598660271e+01 
1.0169000000e+00 -4.0624566524e-01 0.0000000000e+00 1.8576953502e+01 
1.0205800000e+00 -4.0415927478e-01 0.0000000000e+00 1.8552310635e+01 
1.0240600000e+00 -4.0140865547e-01 0.0000000000e+00 1.8517916648e+01 
1.0273500000e+00 -3.9642349227e-01 0.0000000000e+00 1.8450338376e+01 
1.0304600000e+00 -3.8468783218e-01 2.2259148166e+01 1.8280696715e+01 
1.0334000000e+00 -3.5657729527e-01 2.6593844356e+01 1.7864102637e+01 
1.0361800000e+00 -3.0154060427e-01 2.8139789197e+01 1.7162074519e+01 
1.0388200000e+00 -2.1793301963e-01 2.8798874535e+01 1.6737950958e+01 
1.0413100000e+00 -1.0919467395e-01 2.9158630125e+01 1.6630959170e+01 
1.0436700000e+00 2.1269576616e-02 2.9401391958e+01 1.6547641098e+01 
1.0459000000e+00 1.7042014832e-01 2.9583244052e+01 1.6438115811e+01 
1.0480100000e+00 3.3522774084e-01 2.9716646218e+01 1.6252822998e+01 
1.0500000000e+00 5.1227627025e-01 2.9254719465e+01 1.6155582862e+01 
1.0519900000e+00 5.2863753435e-01 1.8068850736e+01 1.5876816328e+01 
1.0539900000e+00 5.3002748548e-01 4.0038876411e-12 1.5846178933e+01 
1.0560200000e+00 5.3023828805e-01 0.0000000000e+00 1.5837308281e+01 
1.0580600000e+00 5.3035893331e-01 0.0000000000e+00 1.5831534289e+01 
1.0601300000e+00 5.3047351059e-01 0.0000000000e+00 1.5826910402e+01 
1.0622200000e+00 5.3058849791e-01 0.0000000000e+00 1.5822905112e+01 
1.0643300000e+00 5.3070445818e-01 0.0000000000e+00 1.5819231725e+01 
1.0664600000e+00 5.3082148918e-01 0.0000000000e+00 1.5815722572e+01 
1.0686100000e+00 5.3093963779e-01 0.0000000000e+00 1.5812282295e+01 
1.0707900000e+00 5.3105893646e-01 0.0000000000e+00 1.5808858004e+01 
1.0729800000e+00 5.3117941012e-01 0.0000000000e+00 1.5805420763e+01 
1.0752000000e+00 5.3130107920e-01 0.0000000000e+00 1.5801954769e+01 
1.0774400000e+00 5.3142396150e-01 0.0000000000e+00 1.5798451300e+01 
1.0797100000e+00 5.3154807326e-01 0.0000000000e+00 1.5794905382e+01 
1.0820000000e+00 5.3167342978e-01 0.0000000000e+00 1.5791314009e+01 
1.0843100000e+00 5.3180004583e-01 0.0000000000e+00 1.5787675192e+01 
1.0866400000e+00 5.3192793583e-01 0.0000000000e+00 1.5783987460e+01 
1.0890000000e+00 5.3205711404e-01 0.0000000000e+00 1.5780249590e+01 
1.0913800000e+00 5.3218759466e-01 0.0000000000e+00 1.5776460479e+01 
1.0937900000e+00 5.3231939183e-01 0.0000000000e+00 1.5772619069e+01 
1.0962200000e+00 5.3245251971e-01 0.0000000000e+00 1.5768724315e+01 
1.0986700000e+00 5.3258699252e-01 0.0000000000e+00 1.5764775157e+01 
1.1011500000e+00 5.3272282452e-01 0.0000000000e+00 1.5760770518e+01 
1.1036600000e+00 5.3286003008e-01 0.0000000000e+00 1.5756709297e+01 
1.1061900000e+00 5.3299862362e-01 0.0000000000e+00 1.5752590359e+01 
1.1087500000e+00 5.3313861970e-01 0.0000000000e+00 1.5748412540e+01 
1.1113300000e+00 5.3328003297e-01 0.0000000000e+00 1.5744174639e+01 
1.1139400000e+00 5.3342287819e-01 0.0000000000e+00 1.5739875424e+01 
1.1165700000e+00 5.3356717025e-01 0.0000000000e+00 1.5735513620e+01 
1.1192400000e+00 5.3371292416e-01 0.0000000000e+00 1.5731087915e+01 
1.1219300000e+00 5.3386015508e-01 0.0000000000e+00 1.5726596954e+01 
1.1246400000e+00 5.3400887828e-01 0.0000000000e+00 1.5722039340e+01 
1.1273900000e+00 5.3415910918e-01 0.0000000000e+00 1.5717413629e+01 
1.1301600000e+00 5.3431086333e-01 0.0000000000e+00 1.5712718330e+01 
1.1329600000e+00 5.3446415644e-01 0.0000000000e+00 1.5707951902e+01 
1.1357900000e+00 5.3461900436e-01 0.0000000000e+00 1.5703112753e+01 
1.1386500000e+00 5.3477542308e-01 0.0000000000e+00 1.5698199232e+01 
1.1415300000e+00 5.3493342877e-01 0.0000000000e+00 1.5693209634e+01 
1.1444500000e+00 5.3509303772e-01 0.0000000000e+00 1.5688142192e+01 
1.1473900000e+00 5.3525426640e-01 0.0000000000e+00 1.5682995077e+01 
1.1503700000e+00 5.3541713142e-01 0.0000000000e+00 1.5677766391e+01 
1.1533800000e+00 5.3558164958e-01 0.0000000000e+00 1.5672454167e+01 
1.1564100000e+00 5.3574783782e-01 0.0000000000e+00 1.5667056362e+01 
1.1594800000e+00 5.3591571325e-01 0.0000000000e+00 1.5661570857e+01 
1.1625800000e+00 5.3608529315e-01 0.0000000000e+00 1.5655995452e+01 
1.1657100000e+00 5.3625659498e-01 0.0000000000e+00 1.5650327857e+01 
1.1688700000e+00 5.3642963635e-01 0.0000000000e+00 1.5644565693e+01 
1.1720700000e+00 5.3660443506e-01 0.0000000000e+00 1.5638706484e+01 
1.1752900000e+00 5.3678100908e-01 0.0000000000e+00 1.5632747649e+01 
1.1785500000e+00 5.3695937657e-01 0.0000000000e+00 1.5626686504e+01 
1.1818400000e+00 5.3713955584e-01 0.0000000000e+00 1.5620520247e+01 
1.1851700000e+00 5.3732156543e-01 0.0000000000e+00 1.5614245957e+01 
1.1885300000e+00 5.3750542401e-01 0.0000000000e+00 1.5607860580e+01 
1.1919200000e+00 5.3769115048e-01 0.0000000000e+00 1.5601360930e+01 
1.1953500000e+00 5.3787876391e-01 0.0000000000e+00 1.5594743676e+01 
1.1988200000e+00 5.3806828355e-01 0.0000000000e+00 1.5588005330e+01 
1.2023200000e+00 5.3825972887e-01 0.0000000000e+00 1.5581142241e+01 
1.2058500000e+00 5.3845311952e-01 0.0000000000e+00 1.5574150580e+01 
1.2094200000e+00 5.3864847533e-01 0.0000000000e+00 1.5567026339e+01 
1.2130300000e+00 5.3884581636e-01 0.0000000000e+00 1.5559765301e+01 
1.2166700000e+00 5.3904516285e-01 0.0000000000e+00 1.5552363043e+01 
1.2203500000e+00 5.3924653525e-01 0.0000000000e+00 1.5544814908e+01 
1.2240700000e+00 5.3944995422e-01 0.0000000000e+00 1.5537116000e+01 
1.2278200000e+00 5.3965544063e-01 0.0000000000e+00 1.5529261154e+01 
1.2316200000e+00 5.3986301554e-01 0.0000000000e+00 1.5521244929e+01 
1.2354500000e+00 5.4007270024e-01 0.0000000000e+00 1.5513061575e+01 
1.2393200000e+00 5.4028451624e-01 0.0000000000e+00 1.5504705019e+01 
1.2432300000e+00 5.4049848525e-01 0.0000000000e+00 1.5496168834e+01 
1.2471800000e+00 5.4071462921e-01 0.0000000000e+00 1.5487446211e+01 
1.2511700000e+00 5.4093297028e-01 0.0000000000e+00 1.5478529927e+01 
1.2552000000e+00 5.4115353084e-01 0.0000000000e+00 1.5469412314e+01 
1.2592700000e+00 5.4137633350e-01 0.0000000000e+00 1.5460085218e+01 
1.2633900000e+00 5.4160140110e-01 0.0000000000e+00 1.5450539959e+01 
1.2675400000e+00 5.4182875671e-01 0.0000000000e+00 1.5440767276e+01 
1.2717400000e+00 5.4205842363e-01 0.0000000000e+00 1.5430757285e+01 
1.2759800000e+00 5.4229042540e-01 0.0000000000e+00 1.5420499414e+01 
1.2802600000e+00 5.4252478581e-01 0.0000000000e+00 1.5409982334e+01 
1.2845900000e+00 5.4276152886e-01 0.0000000000e+00 1.5399193897e+01 
1.2889600000e+00 5.4300067882e-01 0.0000000000e+00 1.5388121038e+01 
1.2933800000e+00 5.4324226020e-01 0.0000000000e+00 1.5376749688e+01 
1.2978400000e+00 5.4348629776e-01 0.0000000000e+00 1.5365064667e+01 
1.3023400000e+00 5.4373281651e-01 0.0000000000e+00 1.5353049565e+01 
1.3069000000e+00 5.4398184170e-01 0.0000000000e+00 1.5340686600e+01 
1.3114900000e+00 5.4423339887e-01 0.0000000000e+00 1.5327956456e+01 
1.3161400000e+00 5.4448751378e-01 0.0000000000e+00 1.5314838109e+01 
1.3208300000e+00 5.4474421248e-01 0.0000000000e+00 1.5301308615e+01 
1.3255700000e+00 5.4500352128e-01 0.0000000000e+00 1.5287342864e+01 
1.3303600000e+00 5.4526546675e-01 0.0000000000e+00 1.5272913299e+01 
1.3351900000e+00 5.4553007573e-01 0.0000000000e+00 1.5257989589e+01 
1.3400800000e+00 5.4579737535e-01 0.0000000000e+00 1.5242538238e+01 
1.3450100000e+00 5.4606739298e-01 0.0000000000e+00 1.5226522122e+01 
1.3500000000e+00 5.4634015632e-01 0.0000000000e+00 1.5209899956e+01 
1.3547900000e+00 5.4660227664e-01 0.0000000000e+00 1.5193478521e+01 
1.3601300000e+00 5.4689464142e-01 0.0000000000e+00 1.5174607496e+01 
1.3660900000e+00 5.4722074041e-01 0.0000000000e+00 1.5152814152e+01 
1.3727400000e+00 5.4758446603e-01 0.0000000000e+00 1.5127493700e+01 
1.3801600000e+00 5.4799015988e-01 0.0000000000e+00 1.5097854590e+01 
1.3884300000e+00 5.4844266453e-01 0.0000000000e+00 1.5062831652e+01 
1.3976500000e+00 5.4894738138e-01 0.0000000000e+00 1.5020941134e+01 
1.4079400000e+00 5.4951033516e-01 0.0000000000e+00 1.4970023478e+01 
1.4194200000e+00 5.5013824593e-01 0.0000000000e+00 1.4906749796e+01 
1.4322200000e+00 5.5083860935e-01 0.0000000000e+00 1.4825570980e+01 
1.4465000000e+00 5.5161978634e-01 0.0000000000e+00 1.4716126351e+01 
1.4624200000e+00 5.5249110311e-01 0.0000000000e+00 1.4555224837e+01 
1.4801900000e+00 5.5346296173e-01 0.0000000000e+00 1.4269004384e+01 
1.5000000000e+00 5.5454692912e-01 0.0000000000e+00 1.8916843013e+00 
