EXPORTED XY-GRAPH DATA
227 2 2
V[1]
I[ASPLIT_drain]
0.0000000000e+00 -1.1800639744e-19 
0.0000000000e+00 5.8348044252e-20 
0.0000000000e+00 2.3745238042e-21 
0.0000000000e+00 1.1513003364e-20 
0.0000000000e+00 9.5663088345e-22 
0.0000000000e+00 -1.0325694286e-20 
0.0000000000e+00 -8.3345919758e-21 
0.0000000000e+00 -2.6101475194e-22 
0.0000000000e+00 -5.3452858705e-21 
0.0000000000e+00 1.3604507949e-22 
0.0000000000e+00 4.2628570362e-22 
0.0000000000e+00 1.0621825236e-22 
0.0000000000e+00 -3.4712660408e-21 
0.0000000000e+00 -1.5719833494e-21 
0.0000000000e+00 -2.3560163656e-21 
0.0000000000e+00 2.0661129475e-22 
0.0000000000e+00 -1.4815943865e-21 
0.0000000000e+00 1.3771928399e-22 
0.0000000000e+00 8.4753279441e-24 
0.0000000000e+00 7.3563907894e-22 
0.0000000000e+00 -7.4769069612e-22 
0.0000000000e+00 1.6713904650e-22 
0.0000000000e+00 -4.0326001939e-23 
0.0000000000e+00 -1.7596849013e-23 
0.0000000000e+00 4.9177808960e-23 
0.0000000000e+00 -2.9952802780e-22 
0.0000000000e+00 2.1255606077e-22 
0.0000000000e+00 -1.7290240423e-23 
0.0000000000e+00 -1.2742046171e-22 
0.0000000000e+00 -1.3305667624e-22 
0.0000000000e+00 7.3131205634e-24 
0.0000000000e+00 -2.3689553075e-22 
0.0000000000e+00 -1.7440011885e-12 
0.0000000000e+00 -1.1331436049e-12 
0.0000000000e+00 -1.1339987248e-12 
0.0000000000e+00 -1.1340728479e-12 
0.0000000000e+00 -1.1340144115e-12 
0.0000000000e+00 -1.1340622381e-12 
0.0000000000e+00 -1.1342198329e-12 
0.0000000000e+00 -1.1344420087e-12 
0.0000000000e+00 -1.1347089166e-12 
0.0000000000e+00 -1.1350251118e-12 
0.0000000000e+00 -1.1354033399e-12 
0.0000000000e+00 -1.1358576566e-12 
0.0000000000e+00 -1.1364036403e-12 
0.0000000000e+00 -1.1370598060e-12 
0.0000000000e+00 -1.1378485317e-12 
0.0000000000e+00 -1.1387968326e-12 
0.0000000000e+00 -1.1399372938e-12 
0.0000000000e+00 -1.1413092118e-12 
0.0000000000e+00 -1.1429599579e-12 
0.0000000000e+00 -1.1449465749e-12 
0.0000000000e+00 -1.1473376185e-12 
0.0000000000e+00 -1.1502152036e-12 
0.0000000000e+00 -1.1536771974e-12 
0.0000000000e+00 -1.1578393942e-12 
0.0000000000e+00 -1.1628374205e-12 
0.0000000000e+00 -1.1688281389e-12 
0.0000000000e+00 -1.1759903151e-12 
0.0000000000e+00 -1.1845249572e-12 
0.0000000000e+00 -1.1946569491e-12 
0.0000000000e+00 -1.2066413867e-12 
0.0000000000e+00 -1.2207791813e-12 
0.0000000000e+00 -1.2374395905e-12 
0.0000000000e+00 -1.2570602082e-12 
0.0000000000e+00 -1.2800886685e-12 
0.0000000000e+00 -1.3070653719e-12 
0.0000000000e+00 -1.3330378816e-12 
0.0000000000e+00 -1.3565696229e-12 
0.0000000000e+00 -1.3891563789e-12 
0.0000000000e+00 -1.4783111545e-12 
0.0000000000e+00 -1.7570369463e-12 
0.0000000000e+00 -2.4570264973e-12 
0.0000000000e+00 -3.5918196975e-12 
0.0000000000e+00 -4.2249557841e-12 
1.1180641057e-01 4.8267276337e-10 
1.6756555365e-01 7.1843416797e-10 
2.2645676405e-01 1.4713267098e-09 
2.5353992049e-01 2.7669335147e-09 
2.6884372819e-01 5.1879414489e-09 
2.7802601281e-01 9.9581984180e-09 
2.8326353571e-01 1.7895493185e-08 
2.8640604944e-01 2.9167277473e-08 
2.9017706593e-01 7.4723269433e-08 
2.9350760658e-01 3.3033871006e-07 
2.9591702634e-01 9.2125257673e-07 
2.9819677839e-01 1.7386672407e-06 
3.0092799664e-01 2.5438078846e-06 
3.0300191816e-01 2.9075950360e-06 
3.0532408065e-01 3.1304410698e-06 
3.0775368965e-01 3.2683521079e-06 
3.1007650260e-01 3.3724041632e-06 
3.1281504318e-01 3.4939544911e-06 
3.1610129188e-01 3.6472273334e-06 
3.2004479033e-01 3.8393872859e-06 
3.2477698846e-01 4.0776767349e-06 
3.3045562622e-01 4.3725042517e-06 
3.3726999153e-01 4.7384734219e-06 
3.4544722990e-01 5.1948466426e-06 
3.5525991594e-01 5.7665312290e-06 
3.6703513920e-01 6.4857666777e-06 
3.8116540711e-01 7.3943987702e-06 
3.9812172859e-01 8.5469145430e-06 
4.1846931438e-01 1.0014697989e-05 
4.4288641732e-01 1.1892509533e-05 
4.7218694085e-01 1.4309206292e-05 
5.0734756908e-01 1.7446697272e-05 
5.4954032297e-01 2.1573704465e-05 
6.0017162763e-01 2.7105866830e-05 
6.6092919322e-01 3.4710030996e-05 
7.3383827193e-01 4.5485055830e-05 
8.2132916638e-01 6.1284658122e-05 
9.2631823973e-01 8.5318390651e-05 
1.0523051277e+00 1.2332236599e-04 
1.2034893934e+00 1.8593951892e-04 
1.3849105121e+00 2.9306399469e-04 
1.5749031711e+00 4.5275552117e-04 
1.7624966770e+00 6.6459798753e-04 
1.9396290739e+00 9.1246672040e-04 
2.0601426418e+00 1.1042751384e-03 
2.1949770325e+00 1.3375833353e-03 
2.2802569153e+00 1.4939079664e-03 
2.3499055600e+00 1.6258850876e-03 
2.4250602129e+00 1.7722931964e-03 
2.5079213795e+00 1.9380588446e-03 
2.5949383919e+00 2.1167346301e-03 
2.6857037862e+00 2.3073318226e-03 
2.7823046449e+00 2.5148721383e-03 
2.8853520767e+00 2.7410648498e-03 
2.9959535167e+00 2.9885327654e-03 
3.1136913921e+00 3.2569247420e-03 
3.2390093250e+00 3.5475385330e-03 
3.3728309335e+00 3.8629014435e-03 
3.5163070104e+00 4.2061389937e-03 
3.6693982406e+00 4.5775116699e-03 
3.8313392078e+00 4.9753486239e-03 
3.9992161874e+00 5.3924013877e-03 
4.1740847950e+00 5.8310345240e-03 
4.3568765159e+00 6.2933258143e-03 
4.5478619934e+00 6.7796500829e-03 
4.7483634771e+00 7.2929788060e-03 
4.9629652799e+00 7.8458019775e-03 
5.1980538542e+00 8.4536103530e-03 
5.4617231023e+00 9.1356267984e-03 
5.7578753291e+00 9.8998769605e-03 
6.0809320571e+00 1.0728899410e-02 
6.4171456262e+00 1.1584065288e-02 
6.6098016636e+00 1.2069545952e-02 
6.8409889084e+00 1.2646876418e-02 
7.1184136022e+00 1.3331025089e-02 
7.4513232348e+00 1.4137825763e-02 
7.8378910197e+00 1.5052830084e-02 
8.2822032634e+00 1.6072585735e-02 
8.7956384450e+00 1.7205765959e-02 
9.0000000000e+00 1.7643156243e-02 
8.7547661340e+00 1.7117791846e-02 
8.5767792451e+00 1.6729213044e-02 
8.4532254294e+00 1.6455956522e-02 
8.3049608506e+00 1.6124298629e-02 
8.1270433560e+00 1.5720960358e-02 
7.9135423625e+00 1.5229393203e-02 
7.6573411703e+00 1.4628993064e-02 
7.4074399151e+00 1.4032870533e-02 
7.1967560769e+00 1.3522782935e-02 
7.0098333592e+00 1.3064888959e-02 
6.8334806215e+00 1.2628645190e-02 
6.6642248136e+00 1.2206407718e-02 
6.4919232885e+00 1.1773337826e-02 
6.2892987502e+00 1.1260357111e-02 
6.0461493043e+00 1.0640308482e-02 
5.7543699691e+00 9.8911976555e-03 
5.4042347670e+00 8.9873036390e-03 
5.0021667787e+00 7.9473378743e-03 
4.7788393782e+00 7.3714217202e-03 
4.6669901147e+00 7.0845682678e-03 
4.5690621981e+00 6.8340060925e-03 
4.4648489017e+00 6.5680831554e-03 
4.3606259137e+00 6.3030128810e-03 
4.2631585621e+00 6.0560282515e-03 
4.1703139921e+00 5.8216776439e-03 
4.0785256340e+00 5.5909794292e-03 
3.9867665235e+00 5.3614423535e-03 
3.8952422934e+00 5.1336892957e-03 
3.8034323589e+00 4.9065466221e-03 
3.7094868347e+00 4.6756270764e-03 
3.6113955569e+00 4.4362994326e-03 
3.5091007160e+00 4.1888456255e-03 
3.4046788306e+00 3.9387118625e-03 
3.3010132795e+00 3.6930962083e-03 
3.1987788685e+00 3.4537676862e-03 
3.0967797674e+00 3.2181278918e-03 
2.9937451569e+00 2.9835873611e-03 
2.8889680705e+00 2.7491172647e-03 
2.7818333266e+00 2.5138990278e-03 
2.6717013064e+00 2.2776881086e-03 
2.5588366582e+00 2.0421015005e-03 
2.4440924592e+00 1.8100079966e-03 
2.3333955116e+00 1.5943153720e-03 
2.2314819485e+00 1.4037930029e-03 
2.1406739556e+00 1.2414981728e-03 
2.0472265240e+00 1.0829721462e-03 
1.9506855525e+00 9.2939914220e-04 
1.8546319796e+00 7.8816150422e-04 
1.7579460008e+00 6.5889159669e-04 
1.6492628410e+00 5.3027141480e-04 
1.5188430492e+00 4.0012056726e-04 
1.3623392991e+00 2.7758890518e-04 
1.1745347990e+00 1.7234024425e-04 
9.4916939883e-01 9.1464699545e-05 
7.3713541920e-01 4.6080879707e-05 
5.6160874000e-01 2.2901186864e-05 
4.0697114288e-01 9.2717047000e-06 
3.0290038194e-01 3.1742861314e-06 
2.3320853587e-01 9.2815944823e-07 
2.0985157353e-01 5.2632378055e-07 
1.8182321873e-01 2.3704842510e-07 
1.5502120714e-01 9.9461692187e-08 
1.3642439651e-01 5.2890222901e-08 
1.2154493976e-01 3.2148495892e-08 
1.0741631591e-01 2.0426621153e-08 
9.3207191528e-02 1.3257088555e-08 
7.8738586829e-02 8.7198164336e-09 
6.3754015043e-02 5.7024028037e-09 
4.7859083238e-02 3.5631066140e-09 
3.0630601155e-02 1.9399909376e-09 
1.1716754526e-02 6.2720178580e-10 
0.0000000000e+00 -3.3445296226e-11 
