EXPORTED XY-GRAPH DATA
224 2 2
V[2]
I[ASPLIT_drain]
0.0000000000e+00 6.3350417296e-12 
0.0000000000e+00 6.3387273712e-12 
0.0000000000e+00 6.3406956426e-12 
0.0000000000e+00 6.3433489959e-12 
0.0000000000e+00 6.3462675326e-12 
0.0000000000e+00 6.3494172993e-12 
0.0000000000e+00 6.3527416894e-12 
0.0000000000e+00 6.3561563715e-12 
0.0000000000e+00 6.3595480560e-12 
0.0000000000e+00 6.3627776057e-12 
0.0000000000e+00 6.3656889930e-12 
0.0000000000e+00 6.3681249442e-12 
0.0000000000e+00 6.3699478174e-12 
0.0000000000e+00 6.3710616963e-12 
0.0000000000e+00 6.3714289631e-12 
0.0000000000e+00 6.3710738888e-12 
0.0000000000e+00 6.3700679562e-12 
0.0000000000e+00 6.3685005713e-12 
0.0000000000e+00 6.3664421890e-12 
0.0000000000e+00 6.3639168005e-12 
0.0000000000e+00 6.3608915571e-12 
0.0000000000e+00 6.3572838580e-12 
0.0000000000e+00 6.3529758075e-12 
0.0000000000e+00 6.3478249829e-12 
0.0000000000e+00 6.3416667589e-12 
0.0000000000e+00 6.3343105902e-12 
0.0000000000e+00 6.3255348794e-12 
0.0000000000e+00 6.3150832101e-12 
0.0000000000e+00 6.3026628636e-12 
0.0000000000e+00 6.2879466314e-12 
0.0000000000e+00 6.2705801020e-12 
0.0000000000e+00 6.2692182781e-12 
5.0155293003e-04 -9.1133744508e-12 
1.1034164461e-03 -3.7151601503e-12 
1.8127958935e-03 -3.7183604340e-12 
2.6640512304e-03 -3.7178834199e-12 
3.6855576347e-03 -3.7178013412e-12 
4.9113653198e-03 -3.7188749801e-12 
6.3823345420e-03 -3.7206934104e-12 
8.1474976086e-03 -3.7229502817e-12 
1.0265693289e-02 -3.7256286797e-12 
1.2807528104e-02 -3.7288371893e-12 
1.5857729884e-02 -3.7327078285e-12 
1.9517972018e-02 -3.7373858455e-12 
2.3910262580e-02 -3.7430442234e-12 
2.9181011255e-02 -3.7498947912e-12 
3.5505909664e-02 -3.7581968326e-12 
4.3095787755e-02 -3.7682664603e-12 
5.2203641464e-02 -3.7804870805e-12 
6.3133065915e-02 -3.7953196825e-12 
7.6248375256e-02 -3.8133109209e-12 
9.1986746465e-02 -3.8350959055e-12 
1.1087279192e-01 -3.8613918215e-12 
1.3353604646e-01 -3.8929804237e-12 
1.6073195191e-01 -3.9306836380e-12 
1.9336703845e-01 -3.9753520781e-12 
2.3252914230e-01 -4.0279060653e-12 
2.7952366691e-01 -4.0894565605e-12 
3.3591709645e-01 -4.1614013930e-12 
4.0358921190e-01 -4.2447805159e-12 
4.7770252414e-01 -4.3239374599e-12 
5.4582532536e-01 -4.3124710699e-12 
6.0553770707e-01 -3.8235050578e-12 
6.6018302496e-01 -1.0574377692e-12 
7.1299793482e-01 1.2642838102e-11 
7.6493939126e-01 7.5229348902e-11 
7.8943518482e-01 1.5515200009e-10 
8.0413266095e-01 2.3387505753e-10 
8.2176963232e-01 3.7153898045e-10 
8.3235181513e-01 4.8160033992e-10 
8.4505043452e-01 6.4302072114e-10 
8.5266960614e-01 7.5502773056e-10 
8.6181261210e-01 9.0271668522e-10 
8.7278421924e-01 1.0950754936e-09 
8.7936718353e-01 1.2160757420e-09 
8.8726674068e-01 1.3643077090e-09 
8.9674620925e-01 1.5434043854e-09 
9.0812157154e-01 1.7556536582e-09 
9.2177200628e-01 2.0015042967e-09 
9.3815252798e-01 2.2802383960e-09 
9.5780915401e-01 2.5925110406e-09 
9.8139710526e-01 2.9446443436e-09 
9.9554987600e-01 3.1464798570e-09 
1.0125332009e+00 3.3879246848e-09 
1.0329131908e+00 3.6857008898e-09 
1.0573691786e+00 4.0660348580e-09 
1.0720427713e+00 4.3106777068e-09 
1.0896510826e+00 4.6274873794e-09 
1.1107810561e+00 5.0490869522e-09 
1.1234590402e+00 5.3277477252e-09 
1.1386726211e+00 5.6914622145e-09 
1.1569289182e+00 6.1762884504e-09 
1.1788364747e+00 6.8411049320e-09 
1.1919810086e+00 7.2922253607e-09 
1.2077544493e+00 7.8949834168e-09 
1.2266825782e+00 8.7243528989e-09 
1.2380394555e+00 9.2887085656e-09 
1.2516677082e+00 1.0045324894e-08 
1.2680216115e+00 1.1090609533e-08 
1.2876462955e+00 1.2593019405e-08 
1.2994211059e+00 1.3655493742e-08 
1.3064859921e+00 1.4362065891e-08 
1.3149638556e+00 1.5288304579e-08 
1.3200505737e+00 1.5889253147e-08 
1.3261546354e+00 1.6659656462e-08 
1.3334795095e+00 1.7661733085e-08 
1.3378744339e+00 1.8307139967e-08 
1.3431483432e+00 1.9129081721e-08 
1.3494770344e+00 2.0189237863e-08 
1.3532742491e+00 2.0866880440e-08 
1.3578309067e+00 2.1724189534e-08 
1.3632988959e+00 2.2820475257e-08 
1.3665796894e+00 2.3516316722e-08 
1.3705166416e+00 2.4391161315e-08 
1.3752409843e+00 2.5501215689e-08 
1.3809101954e+00 2.6926974334e-08 
1.3843117221e+00 2.7834575344e-08 
1.3883935542e+00 2.8978458851e-08 
1.3932917527e+00 3.0434551156e-08 
1.3962306717e+00 3.1354292013e-08 
1.3997573746e+00 3.2505985372e-08 
1.4039894181e+00 3.3960507641e-08 
1.4090678702e+00 3.5816381096e-08 
1.4121149415e+00 3.6990908769e-08 
1.4157714271e+00 3.8463848749e-08 
1.4201592098e+00 4.0327193158e-08 
1.4254245490e+00 4.2708994945e-08 
1.4285837525e+00 4.4218505750e-08 
1.4323747967e+00 4.6113397078e-08 
1.4369240498e+00 4.8513233507e-08 
1.4423831535e+00 5.1584121865e-08 
1.4456586157e+00 5.3531819422e-08 
1.4495891703e+00 5.5978023915e-08 
1.4543058359e+00 5.9077107389e-08 
1.4599658346e+00 6.3043364075e-08 
1.4633618338e+00 6.5558949945e-08 
1.4674370329e+00 6.8717824310e-08 
1.4723272718e+00 7.2718153470e-08 
1.4781955584e+00 7.7834218630e-08 
1.4817165304e+00 8.1076241967e-08 
1.4859416968e+00 8.5143824427e-08 
1.4910118964e+00 9.0288794069e-08 
1.4970961360e+00 9.6857884561e-08 
1.5007466798e+00 1.0101399286e-07 
1.5051273323e+00 1.0622077373e-07 
1.5103841153e+00 1.1279418860e-07 
1.5166922549e+00 1.2116647412e-07 
1.5242620225e+00 1.3193698177e-07 
1.5288038830e+00 1.3879142420e-07 
1.5342541156e+00 1.4741643742e-07 
1.5407943948e+00 1.5835682359e-07 
1.5486427298e+00 1.7235965224e-07 
1.5533517308e+00 1.8123114223e-07 
1.5590025320e+00 1.9235184213e-07 
1.5657834934e+00 2.0639292867e-07 
1.5739206471e+00 2.2426455272e-07 
1.5836852315e+00 2.4721164037e-07 
1.5895439822e+00 2.6177963112e-07 
1.5965744830e+00 2.8006258826e-07 
1.6050110840e+00 3.0316660596e-07 
1.6151350052e+00 3.3258351625e-07 
1.6272837106e+00 3.7033559660e-07 
1.6345729338e+00 3.9427358409e-07 
1.6433200017e+00 4.2427216967e-07 
1.6538164831e+00 4.6209714388e-07 
1.6664122609e+00 5.1009687888e-07 
1.6739697275e+00 5.4024907710e-07 
1.6830386875e+00 5.7775497242e-07 
1.6939214395e+00 6.2464154137e-07 
1.7069807419e+00 6.8356017172e-07 
1.7148163233e+00 7.2027156922e-07 
1.7242190210e+00 7.6564330009e-07 
1.7355022583e+00 8.2194559747e-07 
1.7490421430e+00 8.9210494477e-07 
1.7652900046e+00 9.7989751860e-07 
1.7847874386e+00 1.0901902336e-06 
1.7964858990e+00 1.1588277594e-06 
1.8105240514e+00 1.2435135349e-06 
1.8273698344e+00 1.3483147072e-06 
1.8475847739e+00 1.4783673302e-06 
1.8718427014e+00 1.6401269247e-06 
1.8863974578e+00 1.7399279611e-06 
1.9038631656e+00 1.8622020360e-06 
1.9248220149e+00 2.0122603470e-06 
1.9499726341e+00 2.1966658677e-06 
1.9801533771e+00 2.4234605124e-06 
1.9982618229e+00 2.5620882753e-06 
2.0199919579e+00 2.7306590347e-06 
2.0460681198e+00 2.9357365617e-06 
2.0773595142e+00 3.1852288279e-06 
2.1149091874e+00 3.4885276665e-06 
2.1374389914e+00 3.6721197014e-06 
2.1644747561e+00 3.8936263787e-06 
2.1969176738e+00 4.1606503315e-06 
2.2358491750e+00 4.4820890276e-06 
2.2592080757e+00 4.6751784751e-06 
2.2872387566e+00 4.9068020734e-06 
2.3208755736e+00 5.1842817066e-06 
2.3612397541e+00 5.5160837296e-06 
2.4096767706e+00 5.9118225911e-06 
2.4387389805e+00 6.1477174710e-06 
2.4736136324e+00 6.4289766838e-06 
2.5154632147e+00 6.7635836598e-06 
2.5656827135e+00 7.1605450872e-06 
2.5958144127e+00 7.3961950200e-06 
2.6319724518e+00 7.6763289309e-06 
2.6753620987e+00 8.0085383667e-06 
2.7274296750e+00 8.4013302786e-06 
2.7899107666e+00 8.8640330502e-06 
2.8273994215e+00 9.1370765356e-06 
2.8723858074e+00 9.4601343789e-06 
2.9263694706e+00 9.8411559306e-06 
2.9911498663e+00 1.0288817303e-05 
3.0000000000e+00 1.0349176073e-05 
3.0000000000e+00 1.0399965158e-05 
3.0000000000e+00 1.0458742357e-05 
3.0000000000e+00 1.0524942520e-05 
3.0000000000e+00 1.0596081693e-05 
3.0000000000e+00 1.0666650062e-05 
3.0000000000e+00 1.0728109239e-05 
3.0000000000e+00 1.0772394593e-05 
3.0000000000e+00 1.0797147419e-05 
3.0000000000e+00 1.0806735171e-05 
3.0000000000e+00 1.0808063948e-05 
