EXPORTED XY-GRAPH DATA
163 2 2
V[2]
I[ASPLIT_drain]
0.0000000000e+00 1.2669984859e-11 
0.0000000000e+00 1.2677059401e-11 
0.0000000000e+00 1.2680798873e-11 
0.0000000000e+00 1.2685869245e-11 
0.0000000000e+00 1.2691422458e-11 
0.0000000000e+00 1.2697380326e-11 
0.0000000000e+00 1.2703616748e-11 
0.0000000000e+00 1.2709946973e-11 
0.0000000000e+00 1.2716124190e-11 
0.0000000000e+00 1.2721844913e-11 
0.0000000000e+00 1.2726766111e-11 
0.0000000000e+00 1.2730536054e-11 
0.0000000000e+00 1.2732835029e-11 
0.0000000000e+00 1.2733421273e-11 
0.0000000000e+00 1.2732162341e-11 
0.0000000000e+00 1.2729042645e-11 
0.0000000000e+00 1.2724132583e-11 
0.0000000000e+00 1.2717524733e-11 
0.0000000000e+00 1.2709257044e-11 
0.0000000000e+00 1.2699252217e-11 
0.0000000000e+00 1.2687294325e-11 
0.0000000000e+00 1.2673041971e-11 
0.0000000000e+00 1.2656057453e-11 
0.0000000000e+00 1.2635829269e-11 
0.0000000000e+00 1.2611779743e-11 
0.0000000000e+00 1.2583265874e-11 
0.0000000000e+00 1.2549587611e-11 
0.0000000000e+00 1.2510015637e-11 
0.0000000000e+00 1.2463849798e-11 
0.0000000000e+00 1.2410523478e-11 
0.0000000000e+00 1.2349772229e-11 
0.0000000000e+00 1.2345860702e-11 
5.0155293003e-04 -1.2336384829e-11 
1.1034164461e-03 -3.6612967332e-12 
1.8127958935e-03 -3.6617218163e-12 
2.6640512304e-03 -3.6597195702e-12 
3.6855576347e-03 -3.6593582838e-12 
4.9113653198e-03 -3.6604251927e-12 
6.3823345420e-03 -3.6620744704e-12 
8.1474976086e-03 -3.6640173981e-12 
1.0265693289e-02 -3.6663106043e-12 
1.2807528104e-02 -3.6690745978e-12 
1.5857729884e-02 -3.6724263749e-12 
1.9517972018e-02 -3.6764970756e-12 
2.3910262580e-02 -3.6814492138e-12 
2.9181011255e-02 -3.6874863346e-12 
3.5505909664e-02 -3.6948631044e-12 
4.3095787755e-02 -3.7038982165e-12 
5.2203641464e-02 -3.7149899892e-12 
6.3133065915e-02 -3.7286337914e-12 
7.6248375256e-02 -3.7454391736e-12 
9.1986746465e-02 -3.7661419892e-12 
1.1087279192e-01 -3.7916035666e-12 
1.3353604646e-01 -3.8227851307e-12 
1.6073195191e-01 -3.8606877857e-12 
1.9336703845e-01 -3.9062641076e-12 
2.3252914230e-01 -3.9603450767e-12 
2.7952366691e-01 -4.0236553075e-12 
3.3591709645e-01 -4.0968571343e-12 
4.0358921190e-01 -4.1795642755e-12 
4.7746193920e-01 -4.2495045697e-12 
5.4507218655e-01 -4.1802329245e-12 
6.0426507271e-01 -3.3861566017e-12 
6.5851330292e-01 8.2185506826e-13 
7.1098407697e-01 2.1398982812e-11 
7.6222322608e-01 1.1871910897e-10 
7.8557256375e-01 2.4717910093e-10 
8.1359176894e-01 5.9078922682e-10 
8.3039100438e-01 9.8972122973e-10 
8.4047054564e-01 1.3414042800e-09 
8.5256599515e-01 1.9097980824e-09 
8.5982326485e-01 2.3397214668e-09 
8.6853198850e-01 2.9470763558e-09 
8.7898245688e-01 3.7951668591e-09 
8.9152301893e-01 4.9340998183e-09 
9.0657169340e-01 6.3572796958e-09 
9.2463010276e-01 7.9805471685e-09 
9.4630019399e-01 9.7092971599e-09 
9.7230430346e-01 1.1560688565e-08 
1.0035092348e+00 1.3727912107e-08 
1.0409551525e+00 1.6588134316e-08 
1.0858902536e+00 2.0777741750e-08 
1.1398123751e+00 2.7454693674e-08 
1.1721656479e+00 3.2662779538e-08 
1.2109895753e+00 4.0565848873e-08 
1.2342839318e+00 4.6487316114e-08 
1.2622371595e+00 5.5245367461e-08 
1.2957810328e+00 6.9228563955e-08 
1.3008126138e+00 7.1752193695e-08 
1.3068505110e+00 7.4967004787e-08 
1.3140959876e+00 7.9117446592e-08 
1.3227905595e+00 8.4557417020e-08 
1.3280073027e+00 8.8082321020e-08 
1.3342673945e+00 9.2591966594e-08 
1.3417795047e+00 9.8437522831e-08 
1.3507940369e+00 1.0613284937e-07 
1.3562027562e+00 1.1113549466e-07 
1.3626932194e+00 1.1754893793e-07 
1.3704817752e+00 1.2587494874e-07 
1.3798280422e+00 1.3684085166e-07 
1.3854358024e+00 1.4396533407e-07 
1.3921651146e+00 1.5308539453e-07 
1.4002402893e+00 1.6489324309e-07 
1.4099304989e+00 1.8037638986e-07 
1.4157446247e+00 1.9038950897e-07 
1.4227215756e+00 2.0315041795e-07 
1.4310939167e+00 2.1957455712e-07 
1.4411407261e+00 2.4094627394e-07 
1.4531968973e+00 2.6908553348e-07 
1.4604306000e+00 2.8732213052e-07 
1.4691110432e+00 3.1058009811e-07 
1.4795275751e+00 3.4051326153e-07 
1.4920274134e+00 3.7941824292e-07 
1.4995273164e+00 4.0435806662e-07 
1.5085272000e+00 4.3588831927e-07 
1.5193270603e+00 4.7606111219e-07 
1.5322868926e+00 5.2767974563e-07 
1.5478386914e+00 5.9459925694e-07 
1.5571697707e+00 6.3738670169e-07 
1.5683670658e+00 6.9135810473e-07 
1.5818038200e+00 7.5992914286e-07 
1.5979279250e+00 8.4773610526e-07 
1.6172768510e+00 9.6110935670e-07 
1.6288862066e+00 1.0333479503e-06 
1.6428174334e+00 1.1242243247e-06 
1.6595349054e+00 1.2393267960e-06 
1.6795958719e+00 1.3861869841e-06 
1.7036690317e+00 1.5750119216e-06 
1.7181129276e+00 1.6948853782e-06 
1.7354456026e+00 1.8452327731e-06 
1.7562448127e+00 2.0349464244e-06 
1.7812038647e+00 2.2758626889e-06 
1.8111547272e+00 2.5837920670e-06 
1.8291252447e+00 2.7782048525e-06 
1.8506898657e+00 3.0208294582e-06 
1.8765674108e+00 3.3249218828e-06 
1.9076204651e+00 3.7074696746e-06 
1.9448841301e+00 4.1900375178e-06 
1.9672423291e+00 4.4909008710e-06 
1.9940721680e+00 4.8621911530e-06 
2.0262679746e+00 5.3211439837e-06 
2.0649029425e+00 5.8888490031e-06 
2.1112649040e+00 6.5905630696e-06 
2.1390820810e+00 7.0204548521e-06 
2.1724626932e+00 7.5433188909e-06 
2.2125194280e+00 8.1786514595e-06 
2.2605875097e+00 8.9490368243e-06 
2.3182692077e+00 9.8798542282e-06 
2.3874872454e+00 1.0998577955e-05 
2.4290180680e+00 1.1667849823e-05 
2.4788550551e+00 1.2466562764e-05 
2.5386594396e+00 1.3416257242e-05 
2.6104247010e+00 1.4540128593e-05 
2.6534838579e+00 1.5205078547e-05 
2.7051548461e+00 1.5992770584e-05 
2.7671600320e+00 1.6922401556e-05 
2.8415662551e+00 1.8014517065e-05 
2.9308537227e+00 1.9290248661e-05 
3.0000000000e+00 2.0251774485e-05 
3.0000000000e+00 2.0863162553e-05 
3.0000000000e+00 2.1118836180e-05 
3.0000000000e+00 2.1178063161e-05 
3.0000000000e+00 2.1176028289e-05 
