EXPORTED XY-GRAPH DATA
149 2 2
V[2]
I[ASPLIT_drain]
0.0000000000e+00 1.2668208440e-10 
0.0000000000e+00 1.2669946549e-10 
0.0000000000e+00 1.2670141812e-10 
0.0000000000e+00 1.2670965427e-10 
0.0000000000e+00 1.2671420553e-10 
0.0000000000e+00 1.2671246783e-10 
0.0000000000e+00 1.2670090476e-10 
0.0000000000e+00 1.2667482239e-10 
0.0000000000e+00 1.2662820440e-10 
0.0000000000e+00 1.2655364222e-10 
0.0000000000e+00 1.2644243288e-10 
0.0000000000e+00 1.2628491636e-10 
0.0000000000e+00 1.2607109312e-10 
0.0000000000e+00 1.2579148836e-10 
0.0000000000e+00 1.2543812090e-10 
0.0000000000e+00 1.2500535244e-10 
0.0000000000e+00 1.2449044302e-10 
0.0000000000e+00 1.2389392636e-10 
0.0000000000e+00 1.2322035914e-10 
0.0000000000e+00 1.2248022273e-10 
0.0000000000e+00 1.2169308762e-10 
0.0000000000e+00 1.2089041475e-10 
0.0000000000e+00 1.2011441628e-10 
0.0000000000e+00 1.1940937692e-10 
0.0000000000e+00 1.1880556643e-10 
0.0000000000e+00 1.1830226451e-10 
0.0000000000e+00 1.1785905322e-10 
0.0000000000e+00 1.1739632566e-10 
0.0000000000e+00 1.1695507453e-10 
0.0000000000e+00 1.1646216778e-10 
0.0000000000e+00 1.1583025112e-10 
0.0000000000e+00 1.1496808630e-10 
0.0000000000e+00 1.1379949643e-10 
3.4839886786e-03 -6.7541750658e-11 
6.8563206726e-03 -3.3526722423e-12 
1.0201034794e-02 -3.3537569905e-12 
1.4214691739e-02 -3.3555052965e-12 
1.9031080073e-02 -3.3575318810e-12 
2.4810746075e-02 -3.3599462374e-12 
3.1746345276e-02 -3.3628172202e-12 
4.0069064318e-02 -3.3662227705e-12 
5.0056327169e-02 -3.3702493444e-12 
6.2041042589e-02 -3.3749897211e-12 
7.6422701093e-02 -3.3805377659e-12 
9.3680691298e-02 -3.3869774830e-12 
1.1439027954e-01 -3.3943606970e-12 
1.3924178544e-01 -3.4026475470e-12 
1.6906359252e-01 -3.4115280251e-12 
2.0484976100e-01 -3.4197027166e-12 
2.4779316319e-01 -3.4211856868e-12 
2.9932524582e-01 -3.3798704755e-12 
3.6116374497e-01 -2.9897157183e-12 
4.3438164840e-01 1.0074975917e-12 
4.9527701630e-01 3.2743357746e-11 
5.0769813906e-01 5.6029599323e-11 
5.2260348636e-01 1.2333457145e-10 
5.3154669475e-01 2.4899842854e-10 
5.3680313453e-01 4.8148261572e-10 
5.3995699841e-01 9.4522556927e-10 
5.4184931673e-01 2.0107175215e-09 
5.4290469424e-01 4.7845144716e-09 
5.4345151886e-01 1.3089572522e-08 
5.4372449879e-01 4.6328292417e-08 
5.4385336288e-01 1.8988658962e-07 
5.4391255295e-01 4.7870931461e-07 
5.4397741982e-01 4.2893632523e-06 
5.4402163293e-01 1.7516069819e-05 
5.4405714789e-01 3.7633013666e-05 
5.4409976584e-01 6.4439876249e-05 
5.4414611329e-01 8.6048639101e-05 
5.4419672069e-01 9.8619085751e-05 
5.4425744958e-01 1.0423994353e-04 
5.4433032424e-01 1.0552691382e-04 
5.4441777384e-01 1.0520269032e-04 
5.4452271336e-01 1.0475511603e-04 
5.4464864077e-01 1.0456563298e-04 
5.4479975368e-01 1.0454247065e-04 
5.4498108916e-01 1.0455884889e-04 
5.4519869174e-01 1.0456883772e-04 
5.4545981484e-01 1.0457191216e-04 
5.4577316255e-01 1.0457374617e-04 
5.4614917981e-01 1.0457619533e-04 
5.4660040052e-01 1.0457927724e-04 
5.4714186537e-01 1.0458291179e-04 
5.4779162319e-01 1.0458715619e-04 
5.4857133258e-01 1.0459211447e-04 
5.4950698384e-01 1.0459771000e-04 
5.5062976536e-01 1.0460415564e-04 
5.5197710318e-01 1.0461171496e-04 
5.5359390856e-01 1.0462059503e-04 
5.5553407502e-01 1.0463101769e-04 
5.5786227478e-01 1.0464318700e-04 
5.6065611448e-01 1.0465685398e-04 
5.6400872212e-01 1.0467237533e-04 
5.6803185130e-01 1.0468871745e-04 
5.7285960630e-01 1.0470445741e-04 
5.7865291231e-01 1.0472477260e-04 
5.8560487952e-01 1.0475082744e-04 
5.9394724017e-01 1.0478394045e-04 
6.0395807296e-01 1.0482566678e-04 
6.1597107229e-01 1.0487811413e-04 
6.3038667150e-01 1.0494347436e-04 
6.4768539055e-01 1.0502429278e-04 
6.6844385341e-01 1.0512348256e-04 
6.9335400884e-01 1.0524432182e-04 
7.2324619535e-01 1.0539013736e-04 
7.5911681917e-01 1.0556465610e-04 
8.0216156775e-01 1.0577015622e-04 
8.5381526605e-01 1.0600784578e-04 
9.0862517807e-01 1.0624636747e-04 
9.6245045510e-01 1.0646612092e-04 
1.0156363271e+00 1.0667610430e-04 
1.0691180137e+00 1.0691078458e-04 
1.1256137256e+00 1.0725563166e-04 
1.1934085799e+00 1.0788313736e-04 
1.2747624050e+00 1.0886949597e-04 
1.3723869952e+00 1.0994389480e-04 
1.4895365034e+00 1.1008497839e-04 
1.6301159132e+00 1.0692206191e-04 
1.7988112050e+00 9.6671102856e-05 
1.9000283801e+00 8.9863234066e-05 
2.0214889902e+00 8.5688839297e-05 
2.1399527570e+00 8.4338565037e-05 
2.2258903151e+00 8.4252842065e-05 
2.2993672195e+00 8.4666271397e-05 
2.3684450632e+00 8.5447693166e-05 
2.4316606871e+00 8.6487285873e-05 
2.4897806283e+00 8.7713540785e-05 
2.5453409446e+00 8.9127216394e-05 
2.6009815823e+00 9.0779753335e-05 
2.6569292475e+00 9.2682857905e-05 
2.7125017252e+00 9.4815759433e-05 
2.7678358440e+00 9.7182472738e-05 
2.8234055836e+00 9.9805144421e-05 
2.8793878332e+00 1.0269692608e-04 
2.9356989063e+00 1.0585691364e-04 
2.9921784916e+00 1.0927548353e-04 
3.0000000000e+00 1.0976824369e-04 
3.0000000000e+00 1.1016964605e-04 
3.0000000000e+00 1.1062168301e-04 
3.0000000000e+00 1.1110625758e-04 
3.0000000000e+00 1.1159128701e-04 
3.0000000000e+00 1.1202898309e-04 
3.0000000000e+00 1.1237060486e-04 
3.0000000000e+00 1.1259080231e-04 
3.0000000000e+00 1.1270069448e-04 
3.0000000000e+00 1.1273675040e-04 
3.0000000000e+00 1.1273805190e-04 
3.0000000000e+00 1.1273281746e-04 
