EXPORTED XY-GRAPH DATA
97 2 2
V[2]
I[ASPLIT_drain]
0.0000000000e+00 1.3736977841e-11 
0.0000000000e+00 1.3744373174e-11 
0.0000000000e+00 1.3748368579e-11 
0.0000000000e+00 1.3753712897e-11 
0.0000000000e+00 1.3759567100e-11 
0.0000000000e+00 1.3765852426e-11 
0.0000000000e+00 1.3772442638e-11 
0.0000000000e+00 1.3779154691e-11 
0.0000000000e+00 1.3785747479e-11 
0.0000000000e+00 1.3791930017e-11 
0.0000000000e+00 1.3797382282e-11 
0.0000000000e+00 1.3801788682e-11 
0.0000000000e+00 1.3804881729e-11 
0.0000000000e+00 1.3806485450e-11 
0.0000000000e+00 1.3806544584e-11 
0.0000000000e+00 1.3805124511e-11 
0.0000000000e+00 1.3802374416e-11 
0.0000000000e+00 1.3798461253e-11 
0.0000000000e+00 1.3793497605e-11 
0.0000000000e+00 1.3787491914e-11 
0.0000000000e+00 1.3780337456e-11 
0.0000000000e+00 1.3771833806e-11 
0.0000000000e+00 1.3761717792e-11 
0.0000000000e+00 1.3749682999e-11 
0.0000000000e+00 1.3735382256e-11 
0.0000000000e+00 1.3718420642e-11 
0.0000000000e+00 1.3698348089e-11 
0.0000000000e+00 1.3674655273e-11 
0.0000000000e+00 1.3646772820e-11 
0.0000000000e+00 1.3614073472e-11 
0.0000000000e+00 1.3575878196e-11 
0.0000000000e+00 1.3572984741e-11 
5.0155293003e-04 -1.3569048093e-11 
1.1034164461e-03 -4.0254493026e-12 
1.8127958935e-03 -4.0249415326e-12 
2.6640512304e-03 -4.0224936944e-12 
3.6855576347e-03 -4.0218384918e-12 
4.9113653198e-03 -4.0225056981e-12 
6.3823345420e-03 -4.0236036186e-12 
8.1474976086e-03 -4.0248597283e-12 
1.0265693289e-02 -4.0263209447e-12 
1.2807528104e-02 -4.0280732590e-12 
1.5857729884e-02 -4.0301883115e-12 
1.9517972018e-02 -4.0327423483e-12 
2.3910262580e-02 -4.0358291842e-12 
2.9181011255e-02 -4.0395654302e-12 
3.5505909664e-02 -4.0440959856e-12 
4.3095787755e-02 -4.0496019806e-12 
5.2203641464e-02 -4.0563117759e-12 
6.3133065915e-02 -4.0645162413e-12 
7.6248375256e-02 -4.0745904637e-12 
9.1986746465e-02 -4.0870253628e-12 
1.1087279192e-01 -4.1024749162e-12 
1.3353604646e-01 -4.1218285003e-12 
1.6073195191e-01 -4.1463244527e-12 
1.9336703845e-01 -4.1777306634e-12 
2.3252914230e-01 -4.2186310998e-12 
2.7952366691e-01 -4.2728563563e-12 
3.3591709645e-01 -4.3460038764e-12 
4.0358921190e-01 -4.4452282437e-12 
4.7570081312e-01 -4.5540995546e-12 
5.4276629629e-01 -4.5617193236e-12 
6.0246534141e-01 -3.9602862806e-12 
6.5772883939e-01 -4.4195630904e-13 
7.1166815125e-01 1.6562844543e-11 
7.6513763972e-01 8.6546077144e-11 
8.1711282235e-01 2.8776450334e-10 
8.6951562353e-01 6.5721232468e-10 
9.3239898495e-01 1.1684412878e-09 
9.9544498290e-01 1.6217657757e-09 
1.0665015662e+00 2.0932303147e-09 
1.1476666021e+00 2.7710986684e-09 
1.2382776073e+00 4.1111722342e-09 
1.3253338224e+00 6.7300978928e-09 
1.4026595244e+00 1.1567660902e-08 
1.4787983088e+00 2.1847278435e-08 
1.5524599486e+00 4.4214698771e-08 
1.6191000803e+00 8.8019849511e-08 
1.6803555810e+00 1.6750872230e-07 
1.7398056199e+00 3.0644135762e-07 
1.7991694028e+00 5.3634487722e-07 
1.8588534960e+00 8.8916006848e-07 
1.9197649871e+00 1.3959605341e-06 
1.9845531665e+00 2.0988748644e-06 
2.0558678675e+00 3.0373864226e-06 
2.1347735253e+00 4.2159155845e-06 
2.2235311659e+00 5.6435660832e-06 
2.3254501842e+00 7.3446717170e-06 
2.4446145333e+00 9.3525849023e-06 
2.5832298298e+00 1.1657951758e-05 
2.7442562796e+00 1.4249662190e-05 
2.9316032144e+00 1.7115356278e-05 
3.0000000000e+00 1.8120214631e-05 
3.0000000000e+00 1.8719245234e-05 
3.0000000000e+00 1.8934993796e-05 
3.0000000000e+00 1.8918597861e-05 
3.0000000000e+00 1.8891903272e-05 
