EXPORTED XY-GRAPH DATA
150 2 2
V[2]
I[ASPLIT_drain]
0.0000000000e+00 9.7519779409e-12 
0.0000000000e+00 9.7530077329e-12 
0.0000000000e+00 9.7528317515e-12 
0.0000000000e+00 9.7519762050e-12 
0.0000000000e+00 9.7518614277e-12 
0.0000000000e+00 9.7517402496e-12 
0.0000000000e+00 9.7583979337e-12 
0.0000000000e+00 9.7582705121e-12 
0.0000000000e+00 9.7580733475e-12 
0.0000000000e+00 9.7578402852e-12 
0.0000000000e+00 9.7575581164e-12 
0.0000000000e+00 9.7572159999e-12 
0.0000000000e+00 9.7568022715e-12 
0.0000000000e+00 9.7563035580e-12 
0.0000000000e+00 9.7557044623e-12 
0.0000000000e+00 9.7549872307e-12 
0.0000000000e+00 9.7541314356e-12 
0.0000000000e+00 9.7531125224e-12 
0.0000000000e+00 9.7519053939e-12 
0.0000000000e+00 9.7504789481e-12 
0.0000000000e+00 9.7487997597e-12 
0.0000000000e+00 9.7468325972e-12 
0.0000000000e+00 9.7445434091e-12 
0.0000000000e+00 9.7419002933e-12 
0.0000000000e+00 9.7388862810e-12 
0.0000000000e+00 9.7355105853e-12 
0.0000000000e+00 9.7318341192e-12 
0.0000000000e+00 9.7280176802e-12 
0.0000000000e+00 9.7244146781e-12 
0.0000000000e+00 9.7148648685e-12 
0.0000000000e+00 9.7215653732e-12 
0.0000000000e+00 9.7227569352e-12 
5.0155293003e-04 -9.7138989720e-12 
1.1034164461e-03 -2.8668880838e-12 
1.8127958935e-03 -2.8626141155e-12 
2.6640512304e-03 -2.8624663150e-12 
3.6855576347e-03 -2.8625202869e-12 
4.9113653198e-03 -2.8624724767e-12 
6.3823345420e-03 -2.8624230316e-12 
8.1474976086e-03 -2.8623838136e-12 
1.0265693289e-02 -2.8623555571e-12 
1.2807528104e-02 -2.8623467366e-12 
1.5857729884e-02 -2.8623714860e-12 
1.9517972018e-02 -2.8624497621e-12 
2.3910262580e-02 -2.8626094085e-12 
2.9181011255e-02 -2.8628888407e-12 
3.5505909664e-02 -2.8633401527e-12 
4.3095787755e-02 -2.8640327444e-12 
5.2203641464e-02 -2.8650585171e-12 
6.3133065915e-02 -2.8665363980e-12 
7.6248375256e-02 -2.8686138176e-12 
9.1986746465e-02 -2.8714879763e-12 
1.1087279192e-01 -2.8754158183e-12 
1.3353604646e-01 -2.8807599241e-12 
1.6073195191e-01 -2.8880328530e-12 
1.9336703845e-01 -2.8980380442e-12 
2.3252914230e-01 -2.9121240030e-12 
2.7952366691e-01 -2.9327590951e-12 
3.3591709645e-01 -2.9649931029e-12 
4.0358921190e-01 -3.0207825323e-12 
4.8479575044e-01 -3.1317357974e-12 
5.6859877374e-01 -3.3061030208e-12 
6.4586918380e-01 -2.7498723989e-12 
7.1340665584e-01 6.8760235407e-12 
7.7412315734e-01 7.1930656050e-11 
8.3141527592e-01 3.3439613512e-10 
8.8639525666e-01 8.9709705269e-10 
9.4834082748e-01 1.6428920796e-09 
1.0116485796e+00 2.2663813911e-09 
1.0744363075e+00 2.8130471763e-09 
1.1435374358e+00 3.5125420670e-09 
1.1835520671e+00 4.0288222520e-09 
1.2315696245e+00 4.9250022887e-09 
1.2603801590e+00 5.6806813613e-09 
1.2949528004e+00 6.8890702373e-09 
1.3364399701e+00 8.9548593597e-09 
1.3862245737e+00 1.2865596246e-08 
1.4160953358e+00 1.6435068580e-08 
1.4340177931e+00 1.9237388294e-08 
1.4555247419e+00 2.3497681753e-08 
1.4813330804e+00 3.0380151781e-08 
1.4890755819e+00 3.2930177483e-08 
1.4937210829e+00 3.4589353868e-08 
1.4992956840e+00 3.6721129266e-08 
1.5059852053e+00 3.9500566384e-08 
1.5099989181e+00 4.1293906479e-08 
1.5148153735e+00 4.3580678243e-08 
1.5205951199e+00 4.6534194630e-08 
1.5240629678e+00 4.8424016913e-08 
1.5282243852e+00 5.0816811457e-08 
1.5332180861e+00 5.3880618718e-08 
1.5392105272e+00 5.7857430067e-08 
1.5428059919e+00 6.0412954389e-08 
1.5471205495e+00 6.3660270997e-08 
1.5522980186e+00 6.7836337815e-08 
1.5585109816e+00 7.3285352227e-08 
1.5622387593e+00 7.6802750169e-08 
1.5667120926e+00 8.1289184947e-08 
1.5720800926e+00 8.7084978909e-08 
1.5785216926e+00 9.4688634158e-08 
1.5862516126e+00 1.0485269543e-07 
1.5908895645e+00 1.1155199930e-07 
1.5964551069e+00 1.2024775026e-07 
1.6031337578e+00 1.3172102693e-07 
1.6111481388e+00 1.4715963543e-07 
1.6159567674e+00 1.5739046788e-07 
1.6217271218e+00 1.7072695690e-07 
1.6286515470e+00 1.8840781959e-07 
1.6369608572e+00 2.1232177675e-07 
1.6469320295e+00 2.4543572544e-07 
1.6588974363e+00 2.9254638281e-07 
1.6660766803e+00 3.2520204264e-07 
1.6746917732e+00 3.6928352008e-07 
1.6850298846e+00 4.2997212871e-07 
1.6974356183e+00 5.1518819279e-07 
1.7048790586e+00 5.7331612336e-07 
1.7138111869e+00 6.5033262190e-07 
1.7245297408e+00 7.5338515869e-07 
1.7373920055e+00 8.9216153574e-07 
1.7528267232e+00 1.0791652998e-06 
1.7713483844e+00 1.3295470122e-06 
1.7824613811e+00 1.4915966913e-06 
1.7957969772e+00 1.6957842320e-06 
1.8117996925e+00 1.9528138994e-06 
1.8310029508e+00 2.2760465581e-06 
1.8540468608e+00 2.6817448773e-06 
1.8816995528e+00 3.1889412635e-06 
1.9148827832e+00 3.8189054417e-06 
1.9347927215e+00 4.2047089847e-06 
1.9586846474e+00 4.6729099464e-06 
1.9873549584e+00 5.2395558862e-06 
2.0217593317e+00 5.9228653964e-06 
2.0630445797e+00 6.7432361009e-06 
2.1125868772e+00 7.7231609683e-06 
2.1423122557e+00 8.3071584119e-06 
2.1779827099e+00 9.0028592877e-06 
2.2207872550e+00 9.8292776190e-06 
2.2721527091e+00 1.0807623681e-05 
2.3337912540e+00 1.1961073638e-05 
2.4077575078e+00 1.3314325123e-05 
2.4965170125e+00 1.4892924276e-05 
2.5497727153e+00 1.5816598270e-05 
2.6136795586e+00 1.6902025215e-05 
2.6903677707e+00 1.8172158111e-05 
2.7823936251e+00 1.9651299264e-05 
2.8928246504e+00 2.1364322778e-05 
3.0000000000e+00 2.2965205130e-05 
3.0000000000e+00 2.3798228071e-05 
3.0000000000e+00 2.3992988190e-05 
3.0000000000e+00 2.3993239268e-05 
