# generated by 1007_ddsplit/analyze_ddsplit.py from DDS_*.log_tr.log
# name n_up_latches V_on_right dec_right V_on_left dec_left V_off_left(Is<1e-8) V_off_right(Itap<1e-9) dV_turnoff_left(1e-6->1e-8) n_fall_jumps_left Vmax up_events
DDS_BASE               2   2.2511   3.55   3.3000   2.53   2.2358   1.2001   0.264 0  6.00 2.251r;3.300l
DDS_BASE_SNAP          2   2.2517   3.28   3.3010   2.53   2.2332   1.2005   0.242 0  6.00 2.252r;3.301l
DDS_NL4e17             2   2.2524   2.76   2.2823   0.61   2.0987   1.2014   0.328 0  6.00 2.252r;2.282l
DDS_NL5e17             2   2.2509   3.77   2.7239   1.80   2.1770   1.2004   0.323 0  6.00 2.251r;2.724l
DDS_NL5p5e17           2   2.2512   3.50   2.9950   2.22   2.2069   1.2008   0.293 0  6.00 2.251r;2.995l
DDS_NL5p5e17_R3e6      2   2.2516   4.28   2.9748   1.68   2.2594   1.1879   0.225 0  6.00 2.252r;2.975l
DDS_NL5p5e17_R3e7      2   2.2513   3.04   2.9861   2.67   2.1683   1.2339   0.332 0  6.00 2.251r;2.986l
DDS_NL6p5e17           2   2.2521   3.28   3.6085   2.77   2.2557   1.2009   0.244 0  6.00 2.252r;3.609l
DDS_NL6p5e17_R3e6      2   2.2515   4.02   3.5992   2.25   2.3038   1.1880   0.196 0  6.00 2.252r;3.599l
DDS_NL6p5e17_R3e7      2   2.2523   3.08   3.5893   3.23   2.2184   1.2337   0.282 0  6.00 2.252r;3.589l
DDS_NL7e17             2   2.2526   2.81   3.8477   2.94   2.2786   1.2003   0.221 0  6.00 2.253r;3.848l
DDS_NL8e17             2   2.2503   3.78   4.0098   3.04   2.3226   1.2001   0.305 0  6.00 2.250r;4.010l
DDS_NR1e18             2   2.5073   2.96   3.5769   2.63   2.5042   1.5755   0.229 0  6.00 2.507r;3.577l
DDS_NR5e17             2   1.2367   2.53   3.1049   2.46   2.0382   0.9075   0.334 0  6.00 1.237r;3.105l
DDS_NR6e17             2   1.8070   3.25   3.2046   2.49   2.1369   1.0634   0.257 0  6.00 1.807r;3.205l
DDS_NR6p5e17           2   2.0756   3.09   3.2535   2.51   2.1881   1.1334   0.265 0  6.00 2.076r;3.253l
DDS_NR7p5e17           2   2.3435   3.57   3.3477   2.54   2.2779   1.2659   0.274 0  6.00 2.343r;3.348l
DDS_NR8e17             2   2.4041   3.69   3.3955   2.56   2.3287   1.3300   0.263 0  6.00 2.404r;3.395l
DDS_NR9e17             2   2.4753   3.71   3.4867   2.60   2.4156   1.4530   0.298 0  6.00 2.475r;3.487l
DDS_R1e6               2   2.2519   4.30   3.1980   1.46   2.3500   1.1837   0.216 0  6.00 2.252r;3.198l
DDS_R1e8               2   2.2524   2.42   3.2658   3.48   2.1678   1.3449   0.310 0  6.00 2.252r;3.266l
DDS_R3e5               2   2.2525   4.14   2.9574   0.72   2.4526   1.1829   0.150 0  6.00 2.252r;2.957l
DDS_R3e6               2   2.2517   4.12   3.2843   2.00   2.2817   1.1879   0.218 0  6.00 2.252r;3.284l
DDS_R3e7               2   2.2506   3.30   3.2861   2.98   2.1942   1.2336   0.306 0  6.00 2.251r;3.286l
DDS_R3e8               2   2.2530   1.92   3.2479   3.93   2.1606   1.6314   0.339 0  6.00 2.253r;3.248l
DDS_RATE0p07           2   2.1520   4.39   3.2263   2.46   2.2341   1.2018   0.266 0  6.00 2.152r;3.226l
DDS_RATE7              2   2.0515   2.20   3.2422   2.47   2.2271   1.1933   0.273 0  6.00 2.052r;3.242l
DDS_RD1e4              2   2.2510   3.65   3.3019   2.19   2.2311   1.2005   0.269 0  6.00 2.251r;3.302l
DDS_RD1e5              2   2.2525   3.24   3.3170   1.56   2.2382   1.2003   0.368 0  6.00 2.253r;3.317l
DDS_RD3e4              2   2.2525   3.24   3.3046   1.92   2.2323   1.2006   0.356 0  6.00 2.253r;3.305l
DDS_RD3e4_TE1em8       2   2.9527   3.19   3.9479   2.04   2.7627   1.7197   0.094 1  6.00 2.953r;3.948l
DDS_TAU1em10           2   2.2512   3.45   3.2295   2.53   2.1775   1.1634   0.259 0  6.00 2.251r;3.230l
DDS_TAU1em11           2   2.2508   3.71   3.2937   2.53   2.2250   1.1974   0.244 0  6.00 2.251r;3.294l
DDS_TAU1em13           2   2.2509   3.84   3.3005   2.53   2.2349   1.2009   0.243 0  6.00 2.251r;3.300l
DDS_TAU1em9            2   2.2482   3.45   2.2502   2.05   1.8639   0.9970   0.317 0  6.00 2.248r;2.250l
DDS_TE1em8             2   2.9527   3.19   3.9404   2.88   2.7516   1.7195   0.044 1  6.00 2.953r;3.940l
DDS_TE1em9             1   4.6314   1.37      nan    nan      nan   4.2983     nan 0  6.00 4.631r
DDS_TSI30              2   1.8189   3.40   2.6989   1.26   2.2812   1.0737   0.329 0  6.00 1.819r;2.699l
DDS_TSI70              2   2.3470   3.74   3.5328   2.98   2.1746   1.2669   0.195 0  6.00 2.347r;3.533l
DDS_VG0                2   1.8389   3.24   2.8107   2.04   2.1010   1.0382   0.342 0  6.00 1.839r;2.811l
DDS_VGm0p1             2   2.0897   3.56   3.0762   2.33   2.1744   1.1276   0.270 0  6.00 2.090r;3.076l
DDS_VGm0p3             2   2.3319   3.56   3.4654   2.65   2.2794   1.2591   0.271 0  6.00 2.332r;3.465l
DDS_VGm0p5             2   2.3716   3.74   3.6421   2.78   2.3470   1.3438   0.288 0  6.00 2.372r;3.642l
DDS_VGm1p0             2   2.3069   3.32   3.7020   2.78   2.4349   1.4472   0.281 0  6.00 2.307r;3.702l
DDS_VGp0p2             2   1.3079   2.20   2.2738   1.16   1.8919   0.8114   0.485 0  6.00 1.308r;2.274l
DDS_WISL100            1   0.8825   1.96      nan    nan   1.4372   0.7258   0.341 0  6.00 0.883r
DDS_WISL20             2   2.3553   3.10   3.5333   2.63   2.3270   1.2589   0.253 0  6.00 2.355r;3.533l
DDS_WISL50             2   1.9215   3.37   2.7929   2.23   2.0270   1.0759   0.277 0  6.00 1.921r;2.793l
DDS_XS40               2   2.6470   3.44   2.6590   1.42   2.3156   1.5326   0.276 0  6.00 2.647r;2.659l
DDS_XS60               2   1.0781   2.03   3.7150   2.91   2.0215   0.8040   0.291 0  6.00 1.078r;3.715l
