# generated by analyze_ddsplit.py: name loop1_width(V_on_r-V_off_r) loop2_width(V_on_l-V_off_l) sep(V_off_l-V_on_r) off_w_left off_w_right flat_stateII_dec flat_stateIII_dec
DDS_BASE                     1.051   1.064  -0.015   0.264   0.203   0.34   2.66
DDS_BASE_SNAP                1.051   1.068  -0.018   0.242   0.202   0.35   2.47
DDS_NL4e17                   1.051   0.184  -0.154   0.328   0.203    nan   0.44
DDS_NL5e17                   1.051   0.547  -0.074   0.323   0.201   0.18   1.67
DDS_NL5p5e17                 1.050   0.788  -0.044   0.293   0.203   0.26   2.31
DDS_NL5p5e17_R3e6            1.064   0.715   0.008   0.225   0.105   0.27   1.70
DDS_NL5p5e17_R3e7            1.017   0.818  -0.083   0.332   0.461   0.25   2.57
DDS_NL6p5e17                 1.051   1.353   0.004   0.244   0.203   0.41   2.88
DDS_NL6p5e17_R3e6            1.064   1.295   0.052   0.196   0.105   0.42   2.54
DDS_NL6p5e17_R3e7            1.019   1.371  -0.034   0.282   0.461   0.40   3.21
DDS_NL7e17                   1.052   1.569   0.026   0.221   0.203   0.46   3.17
DDS_NL8e17                   1.050   1.687   0.072   0.305   0.202   0.49   3.04
DDS_NR1e18                   0.932   1.073  -0.003   0.229   0.127   0.35   2.77
DDS_NR5e17                   0.329   1.067   0.802   0.334   0.299   1.03   2.58
DDS_NR6e17                   0.744   1.068   0.330   0.257   0.245   0.55   2.44
DDS_NR6p5e17                 0.942   1.065   0.112   0.265   0.223   0.41   2.58
DDS_NR7p5e17                 1.078   1.070  -0.066   0.274   0.190   0.32   2.68
DDS_NR8e17                   1.074   1.067  -0.075   0.263   0.175   0.31   2.65
DDS_NR9e17                   1.022   1.071  -0.060   0.298   0.151   0.32   2.57
DDS_R1e6                     1.068   0.848   0.098   0.216   0.078   0.34   1.67
DDS_R1e8                     0.907   1.098  -0.085   0.310   1.674   0.32   3.13
DDS_R3e5                     1.070   0.505   0.200   0.150   0.066   0.28   0.76
DDS_R3e6                     1.064   1.003   0.030   0.218   0.104   0.35   2.14
DDS_R3e7                     1.017   1.092  -0.056   0.306   0.461   0.33   2.96
DDS_R3e8                     0.622   1.087  -0.092   0.339     nan   0.31   3.28
DDS_RATE0p07                 0.950   0.992   0.082   0.266   0.191   0.38   2.39
DDS_RATE7                    0.858   1.015   0.176   0.273   0.241   0.44   2.63
DDS_RD1e4                    1.051   1.071  -0.020   0.269   0.202   0.34   2.35
DDS_RD1e5                    1.052   1.079  -0.014   0.368   0.204   0.35   1.70
DDS_RD3e4                    1.052   1.072  -0.020   0.356   0.203   0.34   2.04
DDS_RD3e4_TE1em8             1.233   1.185  -0.190   0.094   0.016   0.24   1.39
DDS_TAU1em10                 1.088   1.052  -0.074   0.259   0.191   0.31   2.62
DDS_TAU1em11                 1.053   1.069  -0.026   0.244   0.201   0.34   2.70
DDS_TAU1em13                 1.050   1.066  -0.016   0.243   0.204   0.34   2.63
DDS_TAU1em9                  1.251   0.386  -0.384   0.317   0.149    nan   1.32
DDS_TE1em8                   1.233   1.189  -0.201   0.044   0.010   0.24   2.18
DDS_TE1em9                   0.333     nan     nan     nan   0.248    nan    nan
DDS_TE2em8                   1.162   1.176  -0.119   0.203   0.055   0.28   2.33
DDS_TE2em8_XS60              0.260   2.096   1.033   0.158   0.078   1.08   3.10
DDS_TE5em8                   1.098   1.139  -0.058   0.300   0.132   0.32   2.63
DDS_TE5em9                   1.338   1.207  -0.365   0.000   0.000   0.16   1.88
DDS_TE5em9_XS60              0.142   2.369   1.246   0.001   0.008   1.11   3.02
DDS_TE8_NL5e17               1.233   0.636  -0.272   0.105   0.012   0.09   1.48
DDS_TE8_NL5p5e17             1.233   0.906  -0.235   0.097   0.013   0.16   1.82
DDS_TE8_NL6p5e17             1.233   1.461  -0.170   0.030   0.011   0.29   2.28
DDS_TE8_NR5e17               0.340   1.163   0.856   0.056   0.056   0.81   1.82
DDS_TE8_NR5e17_NL5e17        0.340   0.616   0.782   0.081   0.056   0.66   1.59
DDS_TE8_NR6e17               0.846   1.175   0.258   0.203   0.028   0.41   2.17
DDS_TE8_NR6e17_NL5p5e17      0.846   0.894   0.224   0.094   0.025   0.34   1.85
DDS_TE8_R3e6                 1.343   1.186  -0.187   0.047   0.000   0.23   2.01
DDS_TE8_R3e7                 1.081   1.210  -0.205   0.033   0.143   0.24   2.13
DDS_TE8_SNAP                 1.233   1.187  -0.201   0.048   0.009   0.23   2.15
DDS_TE8_TAU1em11             1.237   1.189  -0.207   0.047   0.009   0.23   2.00
DDS_TE8_VG0                  0.949   0.898   0.114   0.043   0.025   0.30   1.74
DDS_TE8_VG0_NL5p5e17         0.949   0.614   0.068   0.062   0.028   0.22   1.44
DDS_TE8_VGm0p1               1.113   1.070  -0.068   0.048   0.016   0.26   2.13
DDS_TE8_WISL50               0.914   0.820   0.039   0.080   0.016   0.26   1.78
DDS_TE8_XS55                 0.725   1.763   0.462   0.075   0.018   0.57   2.66
DDS_TE8_XS60                 0.221   2.214   1.117   0.056   0.032   1.06   3.08
DDS_TE8_XS60_NL5e17          0.221   1.585   1.047   0.093   0.032   0.97   2.55
DDS_TE8_XS60_NL5p5e17        0.221   1.940   1.083   0.201   0.033   1.02   2.81
DDS_TE8_XS60_NL5p5e17_RD3e5   0.219   1.949   1.167   0.308   0.035   1.03   1.19
DDS_TE8_XS60_NR1e18          1.029   2.251   0.097   0.019   0.001   0.46   3.03
DDS_TE8_XS60_NR8e17          0.489   2.226   0.778   0.080   0.018   0.77   2.80
DDS_TE8_XS60_RD1e5           0.220   2.212   1.153   0.115   0.035   1.07   1.52
DDS_TE8_XS60_RD1e6           0.218   2.310   1.362   0.945   0.036   1.09   0.93
DDS_TE8_XS60_RD3e5           0.219   2.226   1.209   0.344   0.034   1.08   1.16
DDS_TE8_XS60_SNAP            0.221   2.216   1.117   0.035   0.034   1.06   3.04
DDS_TE8_XS60_VG0             0.073   1.900   1.307   0.085   0.068   1.38   2.71
DDS_TE8_XS60_VGm0p1          0.147   2.098   1.207   0.067   0.044   1.19   2.91
DDS_TE8_XS65                   nan   2.496     nan   0.067   0.184    nan   3.10
DDS_TE8_XS65_NL5e17_RD3e5      nan   2.025     nan   0.328   0.186    nan   1.16
DDS_TE8_XS70                   nan   2.664     nan   0.054   0.405    nan   3.48
DDS_TSI30                    0.745   0.418   0.462   0.329   0.269   0.41   1.04
DDS_TSI70                    1.080   1.358  -0.172   0.195   0.166   0.35   3.17
DDS_VG0                      0.801   0.710   0.262   0.342   0.259   0.43   1.98
DDS_VGm0p1                   0.962   0.902   0.085   0.270   0.227   0.36   2.39
DDS_VGm0p3                   1.073   1.186  -0.053   0.271   0.183   0.35   2.63
DDS_VGm0p5                   1.028   1.295  -0.025   0.288   0.158   0.37   2.84
DDS_VGm1p0                   0.860   1.267   0.128   0.281   0.136   0.43   2.92
DDS_VGp0p2                   0.496   0.382   0.584   0.485   0.323   0.59   1.04
DDS_WISL100                  0.157     nan   0.555   0.341   0.239    nan    nan
DDS_WISL20                   1.096   1.206  -0.028   0.253   0.204   0.36   2.85
DDS_WISL50                   0.846   0.766   0.106   0.277   0.206   0.35   2.01
DDS_XS40                     1.114   0.343  -0.331   0.276   0.198    nan   1.16
DDS_XS60                     0.274   1.693   0.943   0.291   0.228   1.19   3.03
