# DDS_BASE: snapshot sweep Vd barrier_left_eV p_left_cm3 barrier_right_eV p_right_cm3  (mech_ddsplit.py, y = 25 nm)
 1 up    1.50   0.979  8.619e+16   0.727  9.451e+16
 2 up    2.00   0.979  8.619e+16   0.692  7.187e+16
 3 up    2.50   0.705  7.909e+16   0.270  2.600e+17
 4 up    3.00   0.679  4.283e+16   0.259  2.677e+17
 5 up    3.50   0.092  7.469e+17   0.097  6.434e+17
 6 up    4.00   0.067  1.517e+18   0.076  1.135e+18
 7 up    5.00   0.010  8.763e+18   0.022  5.551e+18
 8 up    6.00  -0.019  1.664e+19  -0.020  1.046e+19
 9 down  5.00   0.010  8.763e+18   0.022  5.551e+18
10 down  4.00   0.067  1.517e+18   0.076  1.135e+18
11 down  3.50   0.092  7.469e+17   0.097  6.434e+17
12 down  3.00   0.126  4.176e+17   0.127  3.997e+17
13 down  2.50   0.203  2.883e+17   0.199  2.834e+17
14 down  2.00   0.737  1.147e+17   0.287  2.504e+17
15 down  1.50   0.838  1.219e+17   0.321  2.382e+17
16 down  1.00   0.895  1.223e+17   0.740  1.274e+17
17 down  0.00   0.907  1.172e+17   1.039  1.225e+17
