# DDS_TE8_XS60_SNAP: snapshot sweep Vd barrier_left_eV p_left_cm3 barrier_right_eV p_right_cm3  (mech_ddsplit.py, y = 25 nm)
 1 up    1.30   0.987  1.688e+17   0.601  4.591e+15
 2 up    1.40   0.987  1.689e+17   0.561  1.284e+16
 3 up    1.44   0.987  1.689e+17   0.527  2.578e+16
 4 up    1.46   0.900  1.685e+17   0.320  1.567e+17
 5 up    1.50   0.887  1.692e+17   0.317  1.589e+17
 6 up    2.00   0.796  1.579e+17   0.290  1.764e+17
 7 up    3.00   0.755  1.019e+17   0.266  1.949e+17
 8 up    4.00   0.673  6.932e+16   0.252  2.053e+17
 9 up    4.60   0.604  5.917e+16   0.246  2.096e+17
10 up    4.75   0.574  6.090e+16   0.245  2.106e+17
11 up    4.80   0.026  5.489e+18   0.039  3.165e+18
12 up    5.00   0.015  7.628e+18   0.025  4.454e+18
13 down  5.00   0.015  7.628e+18   0.025  4.454e+18
14 down  4.00   0.070  1.434e+18   0.081  8.318e+17
15 down  3.00   0.125  4.417e+17   0.137  2.999e+17
16 down  2.70   0.169  3.312e+17   0.182  2.341e+17
17 down  2.60   0.202  3.033e+17   0.213  2.141e+17
18 down  2.58   0.215  2.963e+17   0.224  2.089e+17
19 down  2.56   0.645  1.618e+17   0.274  1.882e+17
20 down  2.54   0.727  1.395e+17   0.275  1.878e+17
21 down  2.50   0.767  1.305e+17   0.275  1.871e+17
22 down  2.00   0.835  1.457e+17   0.290  1.764e+17
23 down  1.50   0.897  1.658e+17   0.317  1.589e+17
24 down  1.30   0.937  1.706e+17   0.342  1.440e+17
25 down  1.25   0.951  1.713e+17   0.357  1.352e+17
26 down  1.22   0.979  1.716e+17   0.619  5.315e+15
27 down  1.20   0.979  1.716e+17   0.630  2.163e+15
28 down  1.00   0.980  1.712e+17   0.685  8.119e+14
