# k sweep Vd | LEFT: E_peak(V/cm) I_ii(A) R_body(A) R_source(A) I_e(A) M-1 | RIGHT: E_peak I_ii R_body R_island I_e M-1   (mech2_ddsplit.py)
 1 up    2.00  3.556e+05  1.362e-20  3.400e-20 -6.791e-21  3.100e-19  4.395e-02  1.076e+06  2.903e-14 -3.255e-13  3.771e-16  1.553e-13  1.870e-01
 2 up    2.20  3.556e+05  6.176e-20  8.350e-20 -6.791e-21  1.627e-18  3.795e-02  1.144e+06  1.549e-13 -1.169e-12  2.709e-15  6.437e-13  2.406e-01
 3 up    2.24  3.556e+05  1.827e-19  2.147e-19 -6.791e-21  2.624e-17  6.960e-03  1.155e+06  5.247e-13 -1.288e-12  1.302e-14  2.063e-12  2.544e-01
 4 up    2.26  4.624e+05  7.531e-15  1.809e-14  2.020e-18  4.448e-14  1.693e-01  1.040e+06  9.388e-09  5.114e-09  4.808e-09  7.509e-08  1.250e-01
 5 up    2.30  4.707e+05  8.526e-15  2.137e-14  2.833e-18  5.190e-14  1.643e-01  1.050e+06  9.884e-09  5.383e-09  5.064e-09  7.857e-08  1.258e-01
 6 up    2.50  5.169e+05  1.668e-14  3.460e-14  7.574e-18  9.545e-14  1.748e-01  1.101e+06  1.247e-08  6.782e-09  6.395e-09  9.628e-08  1.295e-01
 7 up    3.00  6.425e+05  8.814e-14  4.343e-14  1.410e-17  2.695e-13  3.271e-01  1.223e+06  1.958e-08  1.060e-08  1.002e-08  1.423e-07  1.376e-01
 8 up    3.20  6.920e+05  1.917e-13  7.604e-14  4.197e-17  7.776e-13  2.465e-01  1.271e+06  2.264e-08  1.222e-08  1.157e-08  1.611e-07  1.405e-01
 9 up    3.28  7.099e+05  4.192e-13  2.135e-13  2.716e-16  2.887e-12  1.452e-01  1.290e+06  2.390e-08  1.288e-08  1.220e-08  1.687e-07  1.417e-01
10 up    3.32  5.518e+05  3.376e-06  3.381e-07  2.830e-07  6.009e-05  5.619e-02  1.366e+06  1.231e-05  6.450e-06  6.622e-06  6.021e-05  2.045e-01
11 up    3.40  5.668e+05  4.546e-06  4.445e-07  3.790e-07  7.360e-05  6.176e-02  1.393e+06  1.573e-05  8.224e-06  8.460e-06  7.372e-05  2.133e-01
12 up    4.00  7.189e+05  3.585e-05  3.067e-06  2.774e-06  2.834e-04  1.265e-01  1.599e+06  7.992e-05  4.127e-05  4.337e-05  2.836e-04  2.818e-01
13 down  4.00  7.189e+05  3.585e-05  3.067e-06  2.774e-06  2.834e-04  1.265e-01  1.599e+06  7.992e-05  4.127e-05  4.337e-05  2.836e-04  2.818e-01
14 down  3.00  4.991e+05  9.022e-07  1.021e-07  7.647e-08  2.299e-05  3.924e-02  1.261e+06  3.962e-06  2.092e-06  2.134e-06  2.310e-05  1.715e-01
15 down  2.80  4.704e+05  3.242e-07  4.082e-08  2.744e-08  1.007e-05  3.220e-02  1.197e+06  1.566e-06  8.305e-07  8.443e-07  1.017e-05  1.540e-01
16 down  2.60  4.442e+05  8.226e-08  1.197e-08  6.901e-09  3.008e-06  2.735e-02  1.136e+06  4.339e-07  2.314e-07  2.340e-07  3.099e-06  1.400e-01
17 down  2.50  4.321e+05  3.302e-08  5.291e-09  2.744e-09  1.289e-06  2.562e-02  1.107e+06  1.851e-07  9.899e-08  9.960e-08  1.375e-06  1.346e-01
18 down  2.40  4.207e+05  1.066e-08  1.938e-09  8.707e-10  4.389e-07  2.428e-02  1.079e+06  6.771e-08  3.637e-08  3.622e-08  5.198e-07  1.303e-01
19 down  2.30  4.104e+05  2.348e-09  5.060e-10  1.840e-10  1.009e-07  2.326e-02  1.051e+06  2.239e-08  1.211e-08  1.177e-08  1.768e-07  1.267e-01
20 down  2.20  4.339e+05  3.199e-14  3.607e-13  6.770e-16  1.485e-12  2.154e-02  1.025e+06  8.658e-09  4.719e-09  4.432e-09  6.994e-08  1.238e-01
21 down  2.10  4.225e+05  5.136e-15  4.525e-14  1.109e-17  6.243e-14  8.227e-02  9.988e+05  7.482e-09  4.081e-09  3.823e-09  6.150e-08  1.217e-01
22 down  2.00  4.045e+05  3.749e-15  2.177e-14  2.633e-18  1.811e-14  2.070e-01  9.725e+05  6.361e-09  3.472e-09  3.243e-09  5.327e-08  1.194e-01
23 down  1.60  3.592e+05  1.388e-15  5.003e-15  1.021e-19  4.766e-15  2.913e-01  8.639e+05  2.524e-09  1.388e-09  1.261e-09  2.335e-08  1.081e-01
24 down  1.40  3.425e+05  6.718e-16  2.669e-15  2.080e-20  6.468e-15  1.039e-01  8.078e+05  1.088e-09  6.071e-10  5.294e-10  1.083e-08  1.004e-01
25 down  1.30  3.378e+05  3.582e-16  2.013e-15  7.278e-21  6.436e-15  5.565e-02  7.797e+05  5.284e-10  3.012e-10  2.496e-10  5.498e-09  9.609e-02
26 down  1.20  3.408e+05  6.984e-17  1.662e-15  6.245e-22  7.280e-15  9.593e-03  7.542e+05  9.293e-11  5.815e-11  3.879e-11  9.989e-10  9.303e-02
27 down  1.10  3.417e+05  2.911e-22  1.572e-15 -7.231e-22  2.250e-16  1.294e-06  7.513e+05  6.541e-15  7.462e-14  6.904e-16  8.683e-14  7.533e-02
28 down  1.00  3.419e+05  1.026e-25  1.523e-15 -1.064e-21  2.185e-16  4.698e-10  7.212e+05  1.135e-15  2.317e-14  7.491e-17  9.847e-15  1.152e-01
