# DDS_TE8_SNAP: snapshot sweep Vd barrier_left_eV p_left_cm3 barrier_right_eV p_right_cm3  (mech_ddsplit.py, y = 25 nm)
 1 up    2.80   0.979  8.620e+16   0.596  5.402e+16
 2 up    2.90   0.979  8.620e+16   0.572  5.599e+16
 3 up    2.94   0.979  8.620e+16   0.554  5.971e+16
 4 up    2.97   0.708  4.753e+16   0.264  2.555e+17
 5 up    3.00   0.738  3.200e+16   0.263  2.560e+17
 6 up    3.50   0.686  4.109e+15   0.254  2.636e+17
 7 up    3.90   0.579  1.503e+16   0.248  2.684e+17
 8 up    3.93   0.556  2.254e+16   0.247  2.687e+17
 9 up    3.96   0.080  9.955e+17   0.085  8.602e+17
10 up    4.00   0.078  1.055e+18   0.083  9.016e+17
11 up    4.50   0.050  2.437e+18   0.061  1.818e+18
12 down  4.50   0.050  2.437e+18   0.061  1.818e+18
13 down  4.00   0.078  1.055e+18   0.083  9.016e+17
14 down  3.50   0.105  5.396e+17   0.107  5.261e+17
15 down  3.20   0.129  3.835e+17   0.128  3.954e+17
16 down  3.00   0.153  3.151e+17   0.151  3.320e+17
17 down  2.90   0.172  2.882e+17   0.168  3.061e+17
18 down  2.80   0.204  2.628e+17   0.197  2.824e+17
19 down  2.78   0.214  2.567e+17   0.206  2.773e+17
20 down  2.76   0.230  2.484e+17   0.219  2.709e+17
21 down  2.74   0.692  7.561e+16   0.269  2.512e+17
22 down  2.72   0.739  5.943e+16   0.270  2.508e+17
23 down  2.70   0.761  5.288e+16   0.270  2.504e+17
24 down  2.60   0.804  4.533e+16   0.273  2.482e+17
25 down  2.00   0.895  7.196e+16   0.300  2.305e+17
26 down  1.80   0.934  7.944e+16   0.321  2.189e+17
27 down  1.72   0.970  8.073e+16   0.354  2.005e+17
28 down  1.60   0.992  8.075e+16   0.773  7.280e+16
