# k sweep Vd | LEFT: E_peak(V/cm) I_ii(A) R_body(A) R_source(A) I_e(A) M-1 | RIGHT: E_peak I_ii R_body R_island I_e M-1   (mech2_ddsplit.py)
 1 up    1.30  3.600e+05  8.881e-19 -2.357e-19 -3.882e-20  1.254e-17  7.085e-02  8.143e+05  9.318e-13  9.630e-13  1.047e-15  7.899e-12  1.180e-01
 2 up    1.40  3.600e+05  2.741e-18 -1.274e-18 -3.881e-20  6.050e-17  4.531e-02  8.468e+05  3.330e-12  3.436e-12  1.272e-14  2.597e-11  1.282e-01
 3 up    1.44  3.599e+05  6.884e-18 -4.533e-18 -3.881e-20  4.313e-16  1.596e-02  8.580e+05  8.931e-12  9.109e-12  8.905e-14  6.816e-11  1.310e-01
 4 up    1.46  3.805e+05  1.980e-15  3.259e-15 -4.292e-21  2.014e-14  9.835e-02  8.040e+05  2.462e-09  1.776e-09  8.288e-10  2.863e-08  8.598e-02
 5 up    1.50  3.848e+05  2.207e-15  5.043e-15  1.803e-20  2.217e-14  9.953e-02  8.138e+05  2.772e-09  1.980e-09  9.564e-10  3.209e-08  8.639e-02
 6 up    2.00  4.777e+05  8.512e-15  4.887e-14  1.937e-18  6.595e-14  1.291e-01  9.364e+05  7.038e-09  4.683e-09  2.801e-09  7.653e-08  9.196e-02
 7 up    3.00  7.383e+05  2.072e-13  6.624e-14  8.653e-18  1.425e-13  1.454e+00  1.169e+06  1.746e-08  1.105e-08  7.418e-09  1.707e-07  1.023e-01
 8 up    4.00  9.975e+05  1.585e-12 -6.349e-13  1.737e-16  8.086e-13  1.960e+00  1.388e+06  2.984e-08  1.823e-08  1.277e-08  2.668e-07  1.118e-01
 9 up    4.60  1.152e+06  4.263e-12 -1.186e-11  2.297e-15  4.490e-12  9.494e-01  1.512e+06  3.807e-08  2.235e-08  1.625e-08  3.248e-07  1.172e-01
10 up    4.75  1.190e+06  6.327e-12 -1.977e-11  7.643e-15  1.043e-11  6.066e-01  1.543e+06  4.022e-08  2.327e-08  1.714e-08  3.394e-07  1.185e-01
11 up    4.80  1.193e+06  4.755e-04  5.135e-05  1.492e-04  1.626e-03  2.924e-01  1.940e+06  5.519e-04  2.814e-04  3.069e-04  1.627e-03  3.393e-01
12 up    5.00  1.353e+06  8.167e-04  8.350e-05  2.308e-04  2.550e-03  3.203e-01  2.111e+06  9.103e-04  4.619e-04  5.119e-04  2.550e-03  3.569e-01
13 down  5.00  1.353e+06  8.167e-04  8.350e-05  2.308e-04  2.550e-03  3.203e-01  2.111e+06  9.103e-04  4.619e-04  5.119e-04  2.550e-03  3.569e-01
14 down  4.00  8.213e+05  3.833e-05  6.649e-06  1.476e-05  2.380e-04  1.610e-01  1.534e+06  5.490e-05  2.874e-05  2.946e-05  2.382e-04  2.305e-01
15 down  3.00  6.235e+05  1.309e-06  3.573e-07  5.167e-07  2.001e-05  6.541e-02  1.195e+06  2.497e-06  1.363e-06  1.307e-06  2.016e-05  1.239e-01
16 down  2.70  5.801e+05  1.918e-07  7.000e-08  6.914e-08  3.644e-06  5.263e-02  1.104e+06  3.896e-07  2.196e-07  1.999e-07  3.776e-06  1.032e-01
17 down  2.60  5.707e+05  5.441e-08  2.383e-08  1.791e-08  1.060e-06  5.133e-02  1.076e+06  1.165e-07  6.768e-08  5.801e-08  1.188e-06  9.807e-02
18 down  2.58  5.704e+05  3.478e-08  1.627e-08  1.100e-08  6.733e-07  5.166e-02  1.070e+06  7.784e-08  4.582e-08  3.813e-08  8.007e-07  9.722e-02
19 down  2.56  6.134e+05  6.102e-14  1.395e-12  6.801e-16  1.055e-12  5.782e-02  1.069e+06  1.261e-08  8.117e-09  5.268e-09  1.287e-07  9.796e-02
20 down  2.54  6.143e+05  5.276e-14  2.255e-13  2.746e-17  1.870e-13  2.822e-01  1.064e+06  1.240e-08  7.987e-09  5.175e-09  1.269e-07  9.775e-02
21 down  2.50  6.066e+05  4.745e-14  7.901e-14  5.793e-18  8.674e-14  5.470e-01  1.055e+06  1.198e-08  7.730e-09  4.989e-09  1.231e-07  9.733e-02
22 down  2.00  4.810e+05  8.857e-15  1.314e-14  3.843e-19  2.100e-14  4.219e-01  9.364e+05  7.038e-09  4.683e-09  2.801e-09  7.653e-08  9.196e-02
23 down  1.50  3.860e+05  2.218e-15  3.015e-15 -9.068e-22  5.437e-16  4.080e+00  8.138e+05  2.772e-09  1.980e-09  9.564e-10  3.209e-08  8.639e-02
24 down  1.30  3.611e+05  1.064e-15  9.019e-16 -3.147e-20  7.807e-15  1.363e-01  7.661e+05  1.228e-09  9.480e-10  3.474e-10  1.443e-08  8.512e-02
25 down  1.25  3.539e+05  7.087e-16  5.458e-16 -3.511e-20  1.318e-14  5.378e-02  7.565e+05  7.888e-10  6.373e-10  1.936e-10  9.154e-09  8.617e-02
26 down  1.22  3.587e+05  3.827e-19  6.823e-16 -3.838e-20  9.820e-17  3.897e-03  7.872e+05  4.535e-13  7.052e-13  5.881e-16  4.230e-12  1.072e-01
27 down  1.20  3.587e+05  2.639e-19  6.719e-16 -3.839e-20  1.326e-16  1.990e-03  7.810e+05  3.311e-13  3.469e-13  1.612e-16  3.060e-12  1.082e-01
28 down  1.00  3.589e+05  1.296e-20  5.760e-16 -3.846e-20  1.157e-16  1.121e-04  7.143e+05  4.654e-14  4.870e-14  7.318e-18  5.176e-13  8.992e-02
