# DDS_BASE_SNAP: snapshot sweep Vd barrier_left_eV p_left_cm3 barrier_right_eV p_right_cm3  (mech_ddsplit.py, y = 25 nm)
 1 up    2.00   0.979  8.619e+16   0.692  7.179e+16
 2 up    2.20   0.979  8.619e+16   0.642  7.510e+16
 3 up    2.24   0.979  8.619e+16   0.603  8.486e+16
 4 up    2.26   0.741  8.827e+16   0.277  2.556e+17
 5 up    2.30   0.732  8.781e+16   0.276  2.564e+17
 6 up    2.50   0.705  7.909e+16   0.270  2.600e+17
 7 up    3.00   0.679  4.283e+16   0.259  2.677e+17
 8 up    3.20   0.648  3.705e+16   0.255  2.704e+17
 9 up    3.28   0.605  4.749e+16   0.254  2.714e+17
10 up    3.32   0.103  5.954e+17   0.106  5.367e+17
11 up    3.40   0.098  6.571e+17   0.102  5.809e+17
12 up    4.00   0.067  1.517e+18   0.076  1.135e+18
13 down  4.00   0.067  1.517e+18   0.076  1.135e+18
14 down  3.00   0.126  4.176e+17   0.127  3.997e+17
15 down  2.80   0.147  3.489e+17   0.147  3.405e+17
16 down  2.60   0.180  3.039e+17   0.178  2.986e+17
17 down  2.50   0.203  2.883e+17   0.199  2.834e+17
18 down  2.40   0.232  2.756e+17   0.225  2.715e+17
19 down  2.30   0.273  2.624e+17   0.254  2.617e+17
20 down  2.20   0.595  1.480e+17   0.279  2.545e+17
21 down  2.10   0.700  1.191e+17   0.283  2.525e+17
22 down  2.00   0.737  1.148e+17   0.287  2.504e+17
23 down  1.60   0.820  1.202e+17   0.311  2.411e+17
24 down  1.40   0.855  1.231e+17   0.334  2.347e+17
25 down  1.30   0.872  1.237e+17   0.353  2.296e+17
26 down  1.20   0.889  1.235e+17   0.401  2.163e+17
27 down  1.10   0.894  1.229e+17   0.683  1.371e+17
28 down  1.00   0.895  1.223e+17   0.740  1.274e+17
