# k sweep Vd | LEFT: E_peak(V/cm) I_ii(A) R_body(A) R_source(A) I_e(A) M-1 | RIGHT: E_peak I_ii R_body R_island I_e M-1   (mech2_ddsplit.py)
 1 up    2.80  3.556e+05  5.125e-19  4.795e-19 -3.880e-20  7.395e-18  6.930e-02  1.355e+06  1.946e-12 -2.385e-11  1.331e-14  6.514e-12  2.988e-01
 2 up    2.90  3.556e+05  9.589e-19  6.686e-19 -3.880e-20  2.011e-17  4.769e-02  1.389e+06  3.948e-12 -3.446e-11  3.351e-14  1.229e-11  3.213e-01
 3 up    2.94  3.556e+05  1.576e-18  6.857e-19 -3.880e-20  7.708e-17  2.044e-02  1.402e+06  6.732e-12 -3.788e-11  7.019e-14  2.028e-11  3.319e-01
 4 up    2.97  5.996e+05  4.898e-14  2.311e-13  3.179e-17  2.615e-13  1.873e-01  1.240e+06  1.939e-08  1.223e-08  8.198e-09  1.260e-07  1.539e-01
 5 up    3.00  6.096e+05  5.256e-14  8.311e-14  7.226e-18  1.389e-13  3.784e-01  1.247e+06  1.988e-08  1.253e-08  8.415e-09  1.288e-07  1.544e-01
 6 up    3.50  7.368e+05  2.436e-13  4.921e-14  8.405e-18  4.860e-13  5.013e-01  1.366e+06  2.847e-08  1.759e-08  1.219e-08  1.767e-07  1.611e-01
 7 up    3.90  8.349e+05  2.222e-12  1.771e-12  1.811e-15  1.391e-11  1.598e-01  1.459e+06  3.581e-08  2.177e-08  1.538e-08  2.152e-07  1.664e-01
 8 up    3.93  8.415e+05  3.963e-12  3.791e-12  6.275e-15  2.736e-11  1.449e-01  1.466e+06  3.638e-08  2.208e-08  1.562e-08  2.181e-07  1.668e-01
 9 up    3.96  6.952e+05  1.946e-05  3.758e-06  7.367e-06  1.716e-04  1.134e-01  1.568e+06  4.508e-05  2.372e-05  2.389e-05  1.717e-04  2.625e-01
10 up    4.00  7.059e+05  2.223e-05  4.227e-06  8.392e-06  1.876e-04  1.185e-01  1.582e+06  5.016e-05  2.636e-05  2.662e-05  1.878e-04  2.671e-01
11 up    4.50  8.944e+05  1.242e-04  1.905e-05  4.377e-05  6.123e-04  2.029e-01  1.769e+06  1.983e-04  1.025e-04  1.076e-04  6.125e-04  3.237e-01
12 down  4.50  8.944e+05  1.242e-04  1.905e-05  4.377e-05  6.123e-04  2.029e-01  1.769e+06  1.983e-04  1.025e-04  1.076e-04  6.125e-04  3.237e-01
13 down  4.00  7.059e+05  2.223e-05  4.227e-06  8.392e-06  1.876e-04  1.185e-01  1.582e+06  5.016e-05  2.636e-05  2.662e-05  1.878e-04  2.671e-01
14 down  3.50  5.961e+05  3.923e-06  9.132e-07  1.503e-06  5.724e-05  6.853e-02  1.413e+06  1.205e-05  6.467e-06  6.304e-06  5.738e-05  2.101e-01
15 down  3.20  5.476e+05  1.122e-06  3.072e-07  4.206e-07  2.222e-05  5.050e-02  1.315e+06  3.995e-06  2.181e-06  2.071e-06  2.234e-05  1.788e-01
16 down  3.00  5.199e+05  3.693e-07  1.183e-07  1.325e-07  8.690e-06  4.250e-02  1.251e+06  1.417e-06  7.871e-07  7.267e-07  8.805e-06  1.610e-01
17 down  2.90  5.076e+05  1.712e-07  6.123e-08  5.895e-08  4.309e-06  3.974e-02  1.221e+06  6.788e-07  3.819e-07  3.442e-07  4.420e-06  1.536e-01
18 down  2.80  4.974e+05  5.314e-08  2.257e-08  1.683e-08  1.392e-06  3.819e-02  1.192e+06  2.215e-07  1.276e-07  1.097e-07  1.499e-06  1.478e-01
19 down  2.78  4.961e+05  3.678e-08  1.653e-08  1.126e-08  9.631e-07  3.818e-02  1.187e+06  1.572e-07  9.135e-08  7.705e-08  1.069e-06  1.470e-01
20 down  2.76  4.958e+05  2.127e-08  1.042e-08  6.146e-09  5.516e-07  3.856e-02  1.182e+06  9.628e-08  5.675e-08  4.634e-08  6.572e-07  1.465e-01
21 down  2.74  5.382e+05  2.382e-14  4.161e-13  7.708e-17  3.437e-13  6.930e-02  1.184e+06  1.570e-08  1.001e-08  6.568e-09  1.043e-07  1.506e-01
22 down  2.72  5.367e+05  2.079e-14  1.278e-13  1.093e-17  1.130e-13  1.840e-01  1.179e+06  1.539e-08  9.821e-09  6.430e-09  1.024e-07  1.503e-01
23 down  2.70  5.332e+05  1.948e-14  6.986e-14  4.396e-18  6.880e-14  2.832e-01  1.174e+06  1.508e-08  9.632e-09  6.292e-09  1.005e-07  1.500e-01
24 down  2.60  5.108e+05  1.431e-14  1.627e-14  6.984e-19  2.613e-14  5.475e-01  1.149e+06  1.355e-08  8.697e-09  5.614e-09  9.120e-08  1.485e-01
25 down  2.00  3.930e+05  2.480e-15  1.325e-15 -1.038e-20  2.123e-15  1.168e+00  9.968e+05  5.161e-09  3.512e-09  1.930e-09  3.694e-08  1.397e-01
26 down  1.80  3.668e+05  1.216e-15  3.969e-17 -3.308e-20  9.556e-15  1.273e-01  9.468e+05  2.596e-09  1.868e-09  8.590e-10  1.876e-08  1.384e-01
27 down  1.72  3.536e+05  5.067e-16 -9.594e-16  4.816e-18  4.492e-13  1.128e-03  9.353e+05  9.438e-10  7.522e-10  2.407e-10  6.481e-09  1.456e-01
28 down  1.60  3.577e+05  1.120e-17 -1.067e-15  2.887e-19  1.867e-16  5.999e-02  9.398e+05  2.034e-14 -1.900e-16  1.650e-17  1.196e-13  1.700e-01
