EXPORTED XY-GRAPH DATA
2769 2 2
Drain Voltage
Drain Current
0.0000000000e+00 1.5249180440e-17 
5.0000000000e-02 9.2741840370e-17 
1.0000000000e-01 1.6035003170e-16 
1.5000000000e-01 2.4037787290e-16 
2.0000000000e-01 3.0462543610e-16 
2.5000000000e-01 2.7829546100e-16 
3.0000000000e-01 3.9818185690e-16 
3.5000000000e-01 4.9647511070e-16 
4.0000000000e-01 5.7784701630e-16 
4.5000000000e-01 7.7510455790e-16 
5.0000000000e-01 7.8524807620e-16 
5.5000000000e-01 8.8858999760e-16 
6.0000000000e-01 1.0459356030e-15 
6.5000000000e-01 1.1106549300e-15 
7.0000000000e-01 1.1928540190e-15 
7.5000000000e-01 1.4059968010e-15 
8.0000000000e-01 1.4558072470e-15 
8.5000000000e-01 1.6396784000e-15 
9.0000000000e-01 1.7999938310e-15 
9.5000000000e-01 1.9057038640e-15 
1.0000000000e+00 2.1910067250e-15 
1.0500000000e+00 2.3927164840e-15 
1.1000000000e+00 2.5195533620e-15 
1.1500000000e+00 2.7386966490e-15 
1.2000000000e+00 2.9756868460e-15 
1.2500000000e+00 3.2357539240e-15 
1.3000000000e+00 3.5342234360e-15 
1.3500000000e+00 3.8151230510e-15 
1.4000000000e+00 4.0625401720e-15 
1.4500000000e+00 4.2858481450e-15 
1.5000000000e+00 4.7128374840e-15 
1.5500000000e+00 5.0464679390e-15 
1.6000000000e+00 5.3269205470e-15 
1.6500000000e+00 5.7067008640e-15 
1.7000000000e+00 6.1636942610e-15 
1.7500000000e+00 6.7573448620e-15 
1.8000000000e+00 7.1571417710e-15 
1.8500000000e+00 7.8674757630e-15 
1.9000000000e+00 8.4287673860e-15 
1.9500000000e+00 9.1966084510e-15 
2.0000000000e+00 1.0033467170e-14 
2.0500000000e+00 1.0980590030e-14 
2.1000000000e+00 1.2199545190e-14 
2.1500000000e+00 1.3712032970e-14 
2.2000000000e+00 1.5444760340e-14 
2.2500000000e+00 1.7469236610e-14 
2.3000000000e+00 2.0134155790e-14 
2.3500000000e+00 2.3349925120e-14 
2.4000000000e+00 2.7515762360e-14 
2.4500000000e+00 3.2554401530e-14 
2.5000000000e+00 3.8314789770e-14 
2.5500000000e+00 4.5297194920e-14 
2.6000000000e+00 5.3274258210e-14 
2.6500000000e+00 6.2385769280e-14 
2.7000000000e+00 7.3247833300e-14 
2.7500000000e+00 8.5582223840e-14 
2.8000000000e+00 9.9532877600e-14 
2.8500000000e+00 1.1572372370e-13 
2.9000000000e+00 1.3430882360e-13 
2.9500000000e+00 1.5597657410e-13 
3.0000000000e+00 1.8129852190e-13 
3.0010000000e+00 1.8188223780e-13 
3.0020000000e+00 1.8238179110e-13 
3.0030000000e+00 1.8289033740e-13 
3.0040000000e+00 1.8346700390e-13 
3.0050000000e+00 1.8397017540e-13 
3.0060000000e+00 1.8455564730e-13 
3.0070000000e+00 1.8519125730e-13 
3.0080000000e+00 1.8563012620e-13 
3.0090000000e+00 1.8627160490e-13 
3.0100000000e+00 1.8682265490e-13 
3.0110000000e+00 1.8742133610e-13 
3.0120000000e+00 1.8793460110e-13 
3.0130000000e+00 1.8853309290e-13 
3.0140000000e+00 1.8904449730e-13 
3.0150000000e+00 1.8959977300e-13 
3.0160000000e+00 1.9023150090e-13 
3.0170000000e+00 1.9076339970e-13 
3.0180000000e+00 1.9138393060e-13 
3.0190000000e+00 1.9197216190e-13 
3.0200000000e+00 1.9248584360e-13 
3.0210000000e+00 1.9306909280e-13 
3.0220000000e+00 1.9368118020e-13 
3.0230000000e+00 1.9427928010e-13 
3.0240000000e+00 1.9487321060e-13 
3.0250000000e+00 1.9544355370e-13 
3.0260000000e+00 1.9601855480e-13 
3.0270000000e+00 1.9664918370e-13 
3.0280000000e+00 1.9720191760e-13 
3.0290000000e+00 1.9777325180e-13 
3.0300000000e+00 1.9834459750e-13 
3.0310000000e+00 1.9899260800e-13 
3.0320000000e+00 1.9952074080e-13 
3.0330000000e+00 2.0019362850e-13 
3.0340000000e+00 2.0067082020e-13 
3.0350000000e+00 2.0130676040e-13 
3.0360000000e+00 2.0190991960e-13 
3.0370000000e+00 2.0258932520e-13 
3.0380000000e+00 2.0318227110e-13 
3.0390000000e+00 2.0377314040e-13 
3.0400000000e+00 2.0441665440e-13 
3.0410000000e+00 2.0497349950e-13 
3.0420000000e+00 2.0556189290e-13 
3.0430000000e+00 2.0619269620e-13 
3.0440000000e+00 2.0682518030e-13 
3.0450000000e+00 2.0751177040e-13 
3.0460000000e+00 2.0806302540e-13 
3.0470000000e+00 2.0868300690e-13 
3.0480000000e+00 2.0927668080e-13 
3.0490000000e+00 2.0995599900e-13 
3.0500000000e+00 2.1059355360e-13 
3.0510000000e+00 2.1112564030e-13 
3.0520000000e+00 2.1180018250e-13 
3.0530000000e+00 2.1248308240e-13 
3.0540000000e+00 2.1311711200e-13 
3.0550000000e+00 2.1374154230e-13 
3.0560000000e+00 2.1435950620e-13 
3.0570000000e+00 2.1493695850e-13 
3.0580000000e+00 2.1555182970e-13 
3.0590000000e+00 2.1633281430e-13 
3.0600000000e+00 2.1693209510e-13 
3.0610000000e+00 2.1756542570e-13 
3.0620000000e+00 2.1825013400e-13 
3.0630000000e+00 2.1878175240e-13 
3.0640000000e+00 2.1954668210e-13 
3.0650000000e+00 2.2020803950e-13 
3.0660000000e+00 2.2080634840e-13 
3.0670000000e+00 2.2139067120e-13 
3.0680000000e+00 2.2217572160e-13 
3.0690000000e+00 2.2266732390e-13 
3.0700000000e+00 2.2347870690e-13 
3.0710000000e+00 2.2412634710e-13 
3.0720000000e+00 2.2476647570e-13 
3.0730000000e+00 2.2540995370e-13 
3.0740000000e+00 2.2606325570e-13 
3.0750000000e+00 2.2678256660e-13 
3.0760000000e+00 2.2743463670e-13 
3.0770000000e+00 2.2819934570e-13 
3.0780000000e+00 2.2873885290e-13 
3.0790000000e+00 2.2949953630e-13 
3.0800000000e+00 2.3018089130e-13 
3.0810000000e+00 2.3080001570e-13 
3.0820000000e+00 2.3156408830e-13 
3.0830000000e+00 2.3219656370e-13 
3.0840000000e+00 2.3295707090e-13 
3.0850000000e+00 2.3360389800e-13 
3.0860000000e+00 2.3423913410e-13 
3.0870000000e+00 2.3491321950e-13 
3.0880000000e+00 2.3566630310e-13 
3.0890000000e+00 2.3635297020e-13 
3.0900000000e+00 2.3706365670e-13 
3.0910000000e+00 2.3776369030e-13 
3.0920000000e+00 2.3852951550e-13 
3.0930000000e+00 2.3915333580e-13 
3.0940000000e+00 2.3988419380e-13 
3.0950000000e+00 2.4058019940e-13 
3.0960000000e+00 2.4131797550e-13 
3.0970000000e+00 2.4210002860e-13 
3.0980000000e+00 2.4270186680e-13 
3.0990000000e+00 2.4341503260e-13 
3.1000000000e+00 2.4413738520e-13 
3.1010000000e+00 2.4486412040e-13 
3.1020000000e+00 2.4563617570e-13 
3.1030000000e+00 2.4632885850e-13 
3.1040000000e+00 2.4710967870e-13 
3.1050000000e+00 2.4780966400e-13 
3.1060000000e+00 2.4850129070e-13 
3.1070000000e+00 2.4922194560e-13 
3.1080000000e+00 2.4996118310e-13 
3.1090000000e+00 2.5076181090e-13 
3.1100000000e+00 2.5144818430e-13 
3.1110000000e+00 2.5215212820e-13 
3.1120000000e+00 2.5289621120e-13 
3.1130000000e+00 2.5366502290e-13 
3.1140000000e+00 2.5437604340e-13 
3.1150000000e+00 2.5515367960e-13 
3.1160000000e+00 2.5600253060e-13 
3.1170000000e+00 2.5669973670e-13 
3.1180000000e+00 2.5747797320e-13 
3.1190000000e+00 2.5814194110e-13 
3.1200000000e+00 2.5895252310e-13 
3.1210000000e+00 2.5974826520e-13 
3.1220000000e+00 2.6048781210e-13 
3.1230000000e+00 2.6126390080e-13 
3.1240000000e+00 2.6198442120e-13 
3.1250000000e+00 2.6278221190e-13 
3.1260000000e+00 2.6349289590e-13 
3.1270000000e+00 2.6438737150e-13 
3.1280000000e+00 2.6510639010e-13 
3.1290000000e+00 2.6584252550e-13 
3.1300000000e+00 2.6659013510e-13 
3.1310000000e+00 2.6735025360e-13 
3.1320000000e+00 2.6811892170e-13 
3.1330000000e+00 2.6893081380e-13 
3.1340000000e+00 2.6974896060e-13 
3.1350000000e+00 2.7052365210e-13 
3.1360000000e+00 2.7125259060e-13 
3.1370000000e+00 2.7216009770e-13 
3.1380000000e+00 2.7286582930e-13 
3.1390000000e+00 2.7368371000e-13 
3.1400000000e+00 2.7457426430e-13 
3.1410000000e+00 2.7528727130e-13 
3.1420000000e+00 2.7613832660e-13 
3.1430000000e+00 2.7692879920e-13 
3.1440000000e+00 2.7786337710e-13 
3.1450000000e+00 2.7858406500e-13 
3.1460000000e+00 2.7938473660e-13 
3.1470000000e+00 2.8021588090e-13 
3.1480000000e+00 2.8095969730e-13 
3.1490000000e+00 2.8185470950e-13 
3.1500000000e+00 2.8261749650e-13 
3.1510000000e+00 2.8348177870e-13 
3.1520000000e+00 2.8428338780e-13 
3.1530000000e+00 2.8515307360e-13 
3.1540000000e+00 2.8600666320e-13 
3.1550000000e+00 2.8677982600e-13 
3.1560000000e+00 2.8767954770e-13 
3.1570000000e+00 2.8856171100e-13 
3.1580000000e+00 2.8936344760e-13 
3.1590000000e+00 2.9013154310e-13 
3.1600000000e+00 2.9098651290e-13 
3.1610000000e+00 2.9187990040e-13 
3.1620000000e+00 2.9268888470e-13 
3.1630000000e+00 2.9355006270e-13 
3.1640000000e+00 2.9441958090e-13 
3.1650000000e+00 2.9525399510e-13 
3.1660000000e+00 2.9610133000e-13 
3.1670000000e+00 2.9697496670e-13 
3.1680000000e+00 2.9794434660e-13 
3.1690000000e+00 2.9866175080e-13 
3.1700000000e+00 2.9955666980e-13 
3.1710000000e+00 3.0045929590e-13 
3.1720000000e+00 3.0137213260e-13 
3.1730000000e+00 3.0220953410e-13 
3.1740000000e+00 3.0302999580e-13 
3.1750000000e+00 3.0393379820e-13 
3.1760000000e+00 3.0488647080e-13 
3.1770000000e+00 3.0568329910e-13 
3.1780000000e+00 3.0659372190e-13 
3.1790000000e+00 3.0758494980e-13 
3.1800000000e+00 3.0842534020e-13 
3.1810000000e+00 3.0930079590e-13 
3.1820000000e+00 3.1018165800e-13 
3.1830000000e+00 3.1124189740e-13 
3.1840000000e+00 3.1198315830e-13 
3.1850000000e+00 3.1301470390e-13 
3.1860000000e+00 3.1390314900e-13 
3.1870000000e+00 3.1467502050e-13 
3.1880000000e+00 3.1568518080e-13 
3.1890000000e+00 3.1661515440e-13 
3.1900000000e+00 3.1755095510e-13 
3.1910000000e+00 3.1838459280e-13 
3.1920000000e+00 3.1938529490e-13 
3.1930000000e+00 3.2039432360e-13 
3.1940000000e+00 3.2118714820e-13 
3.1950000000e+00 3.2211946670e-13 
3.1960000000e+00 3.2300622370e-13 
3.1970000000e+00 3.2408260190e-13 
3.1980000000e+00 3.2494737040e-13 
3.1990000000e+00 3.2585346430e-13 
3.2000000000e+00 3.2691805790e-13 
3.2010000000e+00 3.2780466890e-13 
3.2020000000e+00 3.2867349690e-13 
3.2030000000e+00 3.2967868460e-13 
3.2040000000e+00 3.3073355260e-13 
3.2050000000e+00 3.3156010090e-13 
3.2060000000e+00 3.3250609040e-13 
3.2070000000e+00 3.3353768460e-13 
3.2080000000e+00 3.3450888660e-13 
3.2090000000e+00 3.3542721530e-13 
3.2100000000e+00 3.3643824980e-13 
3.2110000000e+00 3.3734878940e-13 
3.2120000000e+00 3.3834221780e-13 
3.2130000000e+00 3.3937345360e-13 
3.2140000000e+00 3.4029024260e-13 
3.2150000000e+00 3.4127780500e-13 
3.2160000000e+00 3.4232891310e-13 
3.2170000000e+00 3.4325737990e-13 
3.2180000000e+00 3.4427500550e-13 
3.2190000000e+00 3.4524205890e-13 
3.2200000000e+00 3.4625044080e-13 
3.2210000000e+00 3.4728949890e-13 
3.2220000000e+00 3.4825814230e-13 
3.2230000000e+00 3.4928419650e-13 
3.2240000000e+00 3.5039544060e-13 
3.2250000000e+00 3.5130551990e-13 
3.2260000000e+00 3.5231833350e-13 
3.2270000000e+00 3.5326327690e-13 
3.2280000000e+00 3.5431606660e-13 
3.2290000000e+00 3.5533289800e-13 
3.2300000000e+00 3.5633967040e-13 
3.2310000000e+00 3.5743329730e-13 
3.2320000000e+00 3.5841217570e-13 
3.2330000000e+00 3.5947042910e-13 
3.2340000000e+00 3.6047977160e-13 
3.2350000000e+00 3.6153231270e-13 
3.2360000000e+00 3.6255578480e-13 
3.2370000000e+00 3.6359989770e-13 
3.2380000000e+00 3.6470162050e-13 
3.2390000000e+00 3.6574336180e-13 
3.2400000000e+00 3.6671050090e-13 
3.2410000000e+00 3.6775947780e-13 
3.2420000000e+00 3.6885311340e-13 
3.2430000000e+00 3.6990848850e-13 
3.2440000000e+00 3.7095465540e-13 
3.2450000000e+00 3.7202755720e-13 
3.2460000000e+00 3.7309504650e-13 
3.2470000000e+00 3.7421409620e-13 
3.2480000000e+00 3.7524475600e-13 
3.2490000000e+00 3.7630231940e-13 
3.2500000000e+00 3.7744947310e-13 
3.2510000000e+00 3.7843064480e-13 
3.2520000000e+00 3.7949575990e-13 
3.2530000000e+00 3.8062651790e-13 
3.2540000000e+00 3.8170960200e-13 
3.2550000000e+00 3.8282646970e-13 
3.2560000000e+00 3.8395226570e-13 
3.2570000000e+00 3.8509095820e-13 
3.2580000000e+00 3.8611117060e-13 
3.2590000000e+00 3.8733330240e-13 
3.2600000000e+00 3.8848248650e-13 
3.2610000000e+00 3.8946891050e-13 
3.2620000000e+00 3.9060357470e-13 
3.2630000000e+00 3.9168053740e-13 
3.2640000000e+00 3.9284934630e-13 
3.2650000000e+00 3.9395627640e-13 
3.2660000000e+00 3.9506168930e-13 
3.2670000000e+00 3.9625811250e-13 
3.2680000000e+00 3.9746304370e-13 
3.2690000000e+00 3.9856605940e-13 
3.2700000000e+00 3.9952856520e-13 
3.2710000000e+00 4.0089348790e-13 
3.2720000000e+00 4.0193710550e-13 
3.2730000000e+00 4.0303684230e-13 
3.2740000000e+00 4.0424261690e-13 
3.2750000000e+00 4.0535851320e-13 
3.2760000000e+00 4.0666002430e-13 
3.2770000000e+00 4.0769808930e-13 
3.2780000000e+00 4.0889900210e-13 
3.2790000000e+00 4.1005389700e-13 
3.2800000000e+00 4.1123107280e-13 
3.2810000000e+00 4.1246561840e-13 
3.2820000000e+00 4.1361132730e-13 
3.2830000000e+00 4.1488938800e-13 
3.2840000000e+00 4.1602723090e-13 
3.2850000000e+00 4.1716263770e-13 
3.2860000000e+00 4.1839192410e-13 
3.2870000000e+00 4.1961048140e-13 
3.2880000000e+00 4.2089370990e-13 
3.2890000000e+00 4.2203692080e-13 
3.2900000000e+00 4.2327759400e-13 
3.2910000000e+00 4.2448915660e-13 
3.2920000000e+00 4.2569917850e-13 
3.2930000000e+00 4.2695778710e-13 
3.2940000000e+00 4.2811752290e-13 
3.2950000000e+00 4.2935049090e-13 
3.2960000000e+00 4.3062997560e-13 
3.2970000000e+00 4.3184486910e-13 
3.2980000000e+00 4.3320191870e-13 
3.2990000000e+00 4.3431054550e-13 
3.3000000000e+00 4.3569061540e-13 
3.3010000000e+00 4.3682790140e-13 
3.3020000000e+00 4.3807705850e-13 
3.3030000000e+00 4.3934497380e-13 
3.3040000000e+00 4.4059860130e-13 
3.3050000000e+00 4.4194884840e-13 
3.3060000000e+00 4.4316658940e-13 
3.3070000000e+00 4.4445442320e-13 
3.3080000000e+00 4.4576702580e-13 
3.3090000000e+00 4.4696153280e-13 
3.3100000000e+00 4.4825641700e-13 
3.3110000000e+00 4.4954181490e-13 
3.3120000000e+00 4.5096727330e-13 
3.3130000000e+00 4.5215432770e-13 
3.3140000000e+00 4.5341627630e-13 
3.3150000000e+00 4.5479280290e-13 
3.3160000000e+00 4.5606257290e-13 
3.3170000000e+00 4.5732900960e-13 
3.3180000000e+00 4.5872067900e-13 
3.3190000000e+00 4.5998527160e-13 
3.3200000000e+00 4.6129572750e-13 
3.3210000000e+00 4.6257581040e-13 
3.3220000000e+00 4.6396650430e-13 
3.3230000000e+00 4.6523805930e-13 
3.3240000000e+00 4.6658680910e-13 
3.3250000000e+00 4.6802277590e-13 
3.3260000000e+00 4.6924916140e-13 
3.3270000000e+00 4.7057821920e-13 
3.3280000000e+00 4.7196608700e-13 
3.3290000000e+00 4.7334571880e-13 
3.3300000000e+00 4.7468014490e-13 
3.3310000000e+00 4.7603954380e-13 
3.3320000000e+00 4.7744208640e-13 
3.3330000000e+00 4.7877247760e-13 
3.3340000000e+00 4.8009279680e-13 
3.3350000000e+00 4.8152751410e-13 
3.3360000000e+00 4.8294438350e-13 
3.3370000000e+00 4.8420680640e-13 
3.3380000000e+00 4.8569951680e-13 
3.3390000000e+00 4.8702322980e-13 
3.3400000000e+00 4.8837128260e-13 
3.3410000000e+00 4.8979798000e-13 
3.3420000000e+00 4.9123505470e-13 
3.3430000000e+00 4.9254841910e-13 
3.3440000000e+00 4.9399126420e-13 
3.3450000000e+00 4.9542211420e-13 
3.3460000000e+00 4.9680231720e-13 
3.3470000000e+00 4.9819662100e-13 
3.3480000000e+00 4.9962444980e-13 
3.3490000000e+00 5.0112381670e-13 
3.3500000000e+00 5.0250611560e-13 
3.3510000000e+00 5.0392131170e-13 
3.3520000000e+00 5.0543185530e-13 
3.3530000000e+00 5.0683116720e-13 
3.3540000000e+00 5.0824248530e-13 
3.3550000000e+00 5.0972847120e-13 
3.3560000000e+00 5.1121903760e-13 
3.3570000000e+00 5.1258331240e-13 
3.3580000000e+00 5.1404252220e-13 
3.3590000000e+00 5.1557138880e-13 
3.3600000000e+00 5.1699174950e-13 
3.3610000000e+00 5.1841743580e-13 
3.3620000000e+00 5.1986849820e-13 
3.3630000000e+00 5.2142221650e-13 
3.3640000000e+00 5.2286115550e-13 
3.3650000000e+00 5.2428619350e-13 
3.3660000000e+00 5.2586568390e-13 
3.3670000000e+00 5.2727943580e-13 
3.3680000000e+00 5.2882925940e-13 
3.3690000000e+00 5.3034376510e-13 
3.3700000000e+00 5.3184167590e-13 
3.3710000000e+00 5.3324423250e-13 
3.3720000000e+00 5.3483423830e-13 
3.3730000000e+00 5.3637525710e-13 
3.3740000000e+00 5.3787522540e-13 
3.3750000000e+00 5.3937299190e-13 
3.3760000000e+00 5.4099596380e-13 
3.3770000000e+00 5.4246405230e-13 
3.3780000000e+00 5.4397379940e-13 
3.3790000000e+00 5.4548510230e-13 
3.3800000000e+00 5.4720308550e-13 
3.3810000000e+00 5.4859810860e-13 
3.3820000000e+00 5.5013169130e-13 
3.3830000000e+00 5.5180801340e-13 
3.3840000000e+00 5.5337226460e-13 
3.3850000000e+00 5.5487728720e-13 
3.3860000000e+00 5.5637054500e-13 
3.3870000000e+00 5.5800629530e-13 
3.3880000000e+00 5.5963779080e-13 
3.3890000000e+00 5.6112403480e-13 
3.3900000000e+00 5.6274467240e-13 
3.3910000000e+00 5.6435913650e-13 
3.3920000000e+00 5.6588805770e-13 
3.3930000000e+00 5.6745988830e-13 
3.3940000000e+00 5.6912371110e-13 
3.3950000000e+00 5.7071765510e-13 
3.3960000000e+00 5.7231586700e-13 
3.3970000000e+00 5.7399583560e-13 
3.3980000000e+00 5.7558190450e-13 
3.3990000000e+00 5.7713861290e-13 
3.4000000000e+00 5.7881864110e-13 
3.4010000000e+00 5.8048309270e-13 
3.4020000000e+00 5.8211484080e-13 
3.4030000000e+00 5.8372140420e-13 
3.4040000000e+00 5.8542789280e-13 
3.4050000000e+00 5.8703274870e-13 
3.4060000000e+00 5.8865251810e-13 
3.4070000000e+00 5.9028863740e-13 
3.4080000000e+00 5.9205621780e-13 
3.4090000000e+00 5.9364947660e-13 
3.4100000000e+00 5.9536188590e-13 
3.4110000000e+00 5.9709345870e-13 
3.4120000000e+00 5.9873465630e-13 
3.4130000000e+00 6.0039514480e-13 
3.4140000000e+00 6.0209330490e-13 
3.4150000000e+00 6.0390523720e-13 
3.4160000000e+00 6.0549501690e-13 
3.4170000000e+00 6.0721917070e-13 
3.4180000000e+00 6.0896679050e-13 
3.4190000000e+00 6.1057851140e-13 
3.4200000000e+00 6.1230746260e-13 
3.4210000000e+00 6.1412069620e-13 
3.4220000000e+00 6.1573520340e-13 
3.4230000000e+00 6.1751123000e-13 
3.4240000000e+00 6.1927249300e-13 
3.4250000000e+00 6.2108039860e-13 
3.4260000000e+00 6.2276973340e-13 
3.4270000000e+00 6.2463290880e-13 
3.4280000000e+00 6.2628546750e-13 
3.4290000000e+00 6.2804837390e-13 
3.4300000000e+00 6.2986167900e-13 
3.4310000000e+00 6.3156372060e-13 
3.4320000000e+00 6.3337299760e-13 
3.4330000000e+00 6.3508294040e-13 
3.4340000000e+00 6.3700054720e-13 
3.4350000000e+00 6.3871561320e-13 
3.4360000000e+00 6.4050089600e-13 
3.4370000000e+00 6.4234200200e-13 
3.4380000000e+00 6.4407058540e-13 
3.4390000000e+00 6.4601560940e-13 
3.4400000000e+00 6.4772049350e-13 
3.4410000000e+00 6.4961675340e-13 
3.4420000000e+00 6.5136456440e-13 
3.4430000000e+00 6.5318511460e-13 
3.4440000000e+00 6.5506273860e-13 
3.4450000000e+00 6.5688527130e-13 
3.4460000000e+00 6.5877603580e-13 
3.4470000000e+00 6.6062309110e-13 
3.4480000000e+00 6.6244221600e-13 
3.4490000000e+00 6.6429322680e-13 
3.4500000000e+00 6.6613468350e-13 
3.4510000000e+00 6.6807404730e-13 
3.4520000000e+00 6.6991905960e-13 
3.4530000000e+00 6.7178521810e-13 
3.4540000000e+00 6.7366918030e-13 
3.4550000000e+00 6.7556843950e-13 
3.4560000000e+00 6.7750638140e-13 
3.4570000000e+00 6.7936229200e-13 
3.4580000000e+00 6.8129041490e-13 
3.4590000000e+00 6.8320342830e-13 
3.4600000000e+00 6.8500536830e-13 
3.4610000000e+00 6.8698426000e-13 
3.4620000000e+00 6.8895776310e-13 
3.4630000000e+00 6.9085778710e-13 
3.4640000000e+00 6.9276599790e-13 
3.4650000000e+00 6.9473690870e-13 
3.4660000000e+00 6.9669595410e-13 
3.4670000000e+00 6.9854475790e-13 
3.4680000000e+00 7.0057385150e-13 
3.4690000000e+00 7.0248287300e-13 
3.4700000000e+00 7.0447985490e-13 
3.4710000000e+00 7.0643071330e-13 
3.4720000000e+00 7.0844092440e-13 
3.4730000000e+00 7.1050858470e-13 
3.4740000000e+00 7.1237159020e-13 
3.4750000000e+00 7.1444328500e-13 
3.4760000000e+00 7.1638739670e-13 
3.4770000000e+00 7.1848568720e-13 
3.4780000000e+00 7.2035745340e-13 
3.4790000000e+00 7.2239683620e-13 
3.4800000000e+00 7.2451252770e-13 
3.4810000000e+00 7.2647222920e-13 
3.4820000000e+00 7.2859366680e-13 
3.4830000000e+00 7.3056123180e-13 
3.4840000000e+00 7.3259753450e-13 
3.4850000000e+00 7.3464133030e-13 
3.4860000000e+00 7.3665297910e-13 
3.4870000000e+00 7.3874965290e-13 
3.4880000000e+00 7.4075655330e-13 
3.4890000000e+00 7.4290720470e-13 
3.4900000000e+00 7.4496262860e-13 
3.4910000000e+00 7.4692679260e-13 
3.4920000000e+00 7.4912197580e-13 
3.4930000000e+00 7.5113126660e-13 
3.4940000000e+00 7.5329614790e-13 
3.4950000000e+00 7.5543074710e-13 
3.4960000000e+00 7.5744526100e-13 
3.4970000000e+00 7.5950115390e-13 
3.4980000000e+00 7.6168047920e-13 
3.4990000000e+00 7.6380556100e-13 
3.5000000000e+00 7.6592886990e-13 
3.5010000000e+00 7.6797260540e-13 
3.5020000000e+00 7.7020265330e-13 
3.5030000000e+00 7.7238090710e-13 
3.5040000000e+00 7.7457858900e-13 
3.5050000000e+00 7.7662672650e-13 
3.5060000000e+00 7.7880634380e-13 
3.5070000000e+00 7.8094021680e-13 
3.5080000000e+00 7.8312233590e-13 
3.5090000000e+00 7.8537371360e-13 
3.5100000000e+00 7.8750221480e-13 
3.5110000000e+00 7.8975875170e-13 
3.5120000000e+00 7.9190111110e-13 
3.5130000000e+00 7.9412870240e-13 
3.5140000000e+00 7.9635023650e-13 
3.5150000000e+00 7.9852790780e-13 
3.5160000000e+00 8.0080311750e-13 
3.5170000000e+00 8.0298955660e-13 
3.5180000000e+00 8.0534392000e-13 
3.5190000000e+00 8.0744325440e-13 
3.5200000000e+00 8.0974351210e-13 
3.5210000000e+00 8.1198131300e-13 
3.5220000000e+00 8.1421275060e-13 
3.5230000000e+00 8.1650164790e-13 
3.5240000000e+00 8.1873100760e-13 
3.5250000000e+00 8.2105309190e-13 
3.5260000000e+00 8.2334592230e-13 
3.5270000000e+00 8.2562056800e-13 
3.5280000000e+00 8.2797561240e-13 
3.5290000000e+00 8.3024145600e-13 
3.5300000000e+00 8.3257453810e-13 
3.5310000000e+00 8.3489966620e-13 
3.5320000000e+00 8.3718425650e-13 
3.5330000000e+00 8.3959665360e-13 
3.5340000000e+00 8.4187702800e-13 
3.5350000000e+00 8.4425471310e-13 
3.5360000000e+00 8.4655467860e-13 
3.5370000000e+00 8.4896532040e-13 
3.5380000000e+00 8.5130388020e-13 
3.5390000000e+00 8.5364220690e-13 
3.5400000000e+00 8.5606990280e-13 
3.5410000000e+00 8.5842196320e-13 
3.5420000000e+00 8.6086277350e-13 
3.5430000000e+00 8.6317976260e-13 
3.5440000000e+00 8.6560867400e-13 
3.5450000000e+00 8.6804862470e-13 
3.5460000000e+00 8.7043653630e-13 
3.5470000000e+00 8.7291276560e-13 
3.5480000000e+00 8.7534530800e-13 
3.5490000000e+00 8.7768675060e-13 
3.5500000000e+00 8.8027315710e-13 
3.5510000000e+00 8.8265541590e-13 
3.5520000000e+00 8.8512500170e-13 
3.5530000000e+00 8.8756383230e-13 
3.5540000000e+00 8.9008198400e-13 
3.5550000000e+00 8.9258112670e-13 
3.5560000000e+00 8.9517901310e-13 
3.5570000000e+00 8.9766087350e-13 
3.5580000000e+00 9.0012764630e-13 
3.5590000000e+00 9.0267731930e-13 
3.5600000000e+00 9.0513816200e-13 
3.5610000000e+00 9.0777793750e-13 
3.5620000000e+00 9.1034537960e-13 
3.5630000000e+00 9.1285385470e-13 
3.5640000000e+00 9.1538001550e-13 
3.5650000000e+00 9.1805565480e-13 
3.5660000000e+00 9.2050147210e-13 
3.5670000000e+00 9.2310720910e-13 
3.5680000000e+00 9.2576343070e-13 
3.5690000000e+00 9.2827135900e-13 
3.5700000000e+00 9.3094610090e-13 
3.5710000000e+00 9.3346213700e-13 
3.5720000000e+00 9.3610110050e-13 
3.5730000000e+00 9.3879799980e-13 
3.5740000000e+00 9.4149857600e-13 
3.5750000000e+00 9.4407646470e-13 
3.5760000000e+00 9.4664633170e-13 
3.5770000000e+00 9.4936294530e-13 
3.5780000000e+00 9.5210432710e-13 
3.5790000000e+00 9.5472907380e-13 
3.5800000000e+00 9.5740970730e-13 
3.5810000000e+00 9.6008753520e-13 
3.5820000000e+00 9.6272454290e-13 
3.5830000000e+00 9.6543163680e-13 
3.5840000000e+00 9.6826771590e-13 
3.5850000000e+00 9.7083802320e-13 
3.5860000000e+00 9.7352185740e-13 
3.5870000000e+00 9.7628391140e-13 
3.5880000000e+00 9.7911896040e-13 
3.5890000000e+00 9.8186451400e-13 
3.5900000000e+00 9.8458907950e-13 
3.5910000000e+00 9.8744554510e-13 
3.5920000000e+00 9.9018911940e-13 
3.5930000000e+00 9.9293906340e-13 
3.5940000000e+00 9.9568723000e-13 
3.5950000000e+00 9.9851936630e-13 
3.5960000000e+00 1.0012901070e-12 
3.5970000000e+00 1.0042115350e-12 
3.5980000000e+00 1.0070277830e-12 
3.5990000000e+00 1.0098445360e-12 
3.6000000000e+00 1.0126835140e-12 
3.6010000000e+00 1.0155620520e-12 
3.6020000000e+00 1.0184457920e-12 
3.6030000000e+00 1.0213176460e-12 
3.6040000000e+00 1.0242378170e-12 
3.6050000000e+00 1.0272027530e-12 
3.6060000000e+00 1.0300455700e-12 
3.6070000000e+00 1.0330083410e-12 
3.6080000000e+00 1.0359674160e-12 
3.6090000000e+00 1.0389451430e-12 
3.6100000000e+00 1.0418320480e-12 
3.6110000000e+00 1.0448180090e-12 
3.6120000000e+00 1.0477996420e-12 
3.6130000000e+00 1.0507819580e-12 
3.6140000000e+00 1.0537749820e-12 
3.6150000000e+00 1.0567713810e-12 
3.6160000000e+00 1.0597955990e-12 
3.6170000000e+00 1.0627939710e-12 
3.6180000000e+00 1.0658647360e-12 
3.6190000000e+00 1.0688394700e-12 
3.6200000000e+00 1.0719800890e-12 
3.6210000000e+00 1.0749994030e-12 
3.6220000000e+00 1.0781229830e-12 
3.6230000000e+00 1.0811723560e-12 
3.6240000000e+00 1.0842186630e-12 
3.6250000000e+00 1.0873003070e-12 
3.6260000000e+00 1.0904667860e-12 
3.6270000000e+00 1.0935952870e-12 
3.6280000000e+00 1.0966780800e-12 
3.6290000000e+00 1.0997861780e-12 
3.6300000000e+00 1.1028870050e-12 
3.6310000000e+00 1.1060748040e-12 
3.6320000000e+00 1.1091886980e-12 
3.6330000000e+00 1.1123780190e-12 
3.6340000000e+00 1.1155579660e-12 
3.6350000000e+00 1.1187352210e-12 
3.6360000000e+00 1.1218999660e-12 
3.6370000000e+00 1.1250730850e-12 
3.6380000000e+00 1.1283069980e-12 
3.6390000000e+00 1.1315764290e-12 
3.6400000000e+00 1.1347560640e-12 
3.6410000000e+00 1.1380219740e-12 
3.6420000000e+00 1.1412237740e-12 
3.6430000000e+00 1.1445776390e-12 
3.6440000000e+00 1.1477825950e-12 
3.6450000000e+00 1.1510017620e-12 
3.6460000000e+00 1.1543370640e-12 
3.6470000000e+00 1.1576702820e-12 
3.6480000000e+00 1.1609821990e-12 
3.6490000000e+00 1.1642502570e-12 
3.6500000000e+00 1.1676095890e-12 
3.6510000000e+00 1.1709156600e-12 
3.6520000000e+00 1.1742935780e-12 
3.6530000000e+00 1.1776900800e-12 
3.6540000000e+00 1.1810617210e-12 
3.6550000000e+00 1.1844104400e-12 
3.6560000000e+00 1.1877844530e-12 
3.6570000000e+00 1.1911544810e-12 
3.6580000000e+00 1.1945432750e-12 
3.6590000000e+00 1.1980348160e-12 
3.6600000000e+00 1.2013797150e-12 
3.6610000000e+00 1.2047200010e-12 
3.6620000000e+00 1.2082637010e-12 
3.6630000000e+00 1.2117179840e-12 
3.6640000000e+00 1.2151494780e-12 
3.6650000000e+00 1.2186471560e-12 
3.6660000000e+00 1.2221337380e-12 
3.6670000000e+00 1.2256989290e-12 
3.6680000000e+00 1.2292174110e-12 
3.6690000000e+00 1.2327126540e-12 
3.6700000000e+00 1.2363214610e-12 
3.6710000000e+00 1.2398906100e-12 
3.6720000000e+00 1.2434504690e-12 
3.6730000000e+00 1.2470628830e-12 
3.6740000000e+00 1.2506917190e-12 
3.6750000000e+00 1.2542995900e-12 
3.6760000000e+00 1.2580084730e-12 
3.6770000000e+00 1.2616339370e-12 
3.6780000000e+00 1.2652743550e-12 
3.6790000000e+00 1.2690078420e-12 
3.6800000000e+00 1.2726587400e-12 
3.6810000000e+00 1.2763218720e-12 
3.6820000000e+00 1.2799849490e-12 
3.6830000000e+00 1.2837747830e-12 
3.6840000000e+00 1.2874352340e-12 
3.6850000000e+00 1.2912294700e-12 
3.6860000000e+00 1.2950054340e-12 
3.6870000000e+00 1.2987364480e-12 
3.6880000000e+00 1.3026076590e-12 
3.6890000000e+00 1.3064027370e-12 
3.6900000000e+00 1.3100888850e-12 
3.6910000000e+00 1.3139482560e-12 
3.6920000000e+00 1.3178215490e-12 
3.6930000000e+00 1.3216262010e-12 
3.6940000000e+00 1.3254361470e-12 
3.6950000000e+00 1.3294232810e-12 
3.6960000000e+00 1.3332870440e-12 
3.6970000000e+00 1.3370994930e-12 
3.6980000000e+00 1.3410534080e-12 
3.6990000000e+00 1.3449785620e-12 
3.7000000000e+00 1.3489263340e-12 
3.7010000000e+00 1.3528397010e-12 
3.7020000000e+00 1.3567838260e-12 
3.7030000000e+00 1.3607618410e-12 
3.7040000000e+00 1.3647710290e-12 
3.7050000000e+00 1.3687771320e-12 
3.7060000000e+00 1.3727783060e-12 
3.7070000000e+00 1.3768159050e-12 
3.7080000000e+00 1.3808616910e-12 
3.7090000000e+00 1.3849075160e-12 
3.7100000000e+00 1.3889506630e-12 
3.7110000000e+00 1.3930882470e-12 
3.7120000000e+00 1.3970946720e-12 
3.7130000000e+00 1.4012318760e-12 
3.7140000000e+00 1.4053216940e-12 
3.7150000000e+00 1.4094838020e-12 
3.7160000000e+00 1.4135308890e-12 
3.7170000000e+00 1.4177903270e-12 
3.7180000000e+00 1.4218471800e-12 
3.7190000000e+00 1.4260714210e-12 
3.7200000000e+00 1.4301922700e-12 
3.7210000000e+00 1.4344144160e-12 
3.7220000000e+00 1.4386317270e-12 
3.7230000000e+00 1.4429171440e-12 
3.7240000000e+00 1.4471622310e-12 
3.7250000000e+00 1.4514482330e-12 
3.7260000000e+00 1.4557137410e-12 
3.7270000000e+00 1.4600489820e-12 
3.7280000000e+00 1.4643747950e-12 
3.7290000000e+00 1.4686826120e-12 
3.7300000000e+00 1.4730254820e-12 
3.7310000000e+00 1.4773981830e-12 
3.7320000000e+00 1.4817073470e-12 
3.7330000000e+00 1.4861445020e-12 
3.7340000000e+00 1.4905999910e-12 
3.7350000000e+00 1.4949359600e-12 
3.7360000000e+00 1.4994162030e-12 
3.7370000000e+00 1.5038516950e-12 
3.7380000000e+00 1.5083510420e-12 
3.7390000000e+00 1.5127590550e-12 
3.7400000000e+00 1.5172296640e-12 
3.7410000000e+00 1.5217714320e-12 
3.7420000000e+00 1.5263120870e-12 
3.7430000000e+00 1.5308042140e-12 
3.7440000000e+00 1.5354144850e-12 
3.7450000000e+00 1.5398655230e-12 
3.7460000000e+00 1.5444735490e-12 
3.7470000000e+00 1.5490633220e-12 
3.7480000000e+00 1.5537413380e-12 
3.7490000000e+00 1.5582780660e-12 
3.7500000000e+00 1.5629253740e-12 
3.7510000000e+00 1.5675757040e-12 
3.7520000000e+00 1.5723478760e-12 
3.7530000000e+00 1.5770209330e-12 
3.7540000000e+00 1.5817546530e-12 
3.7550000000e+00 1.5864844950e-12 
3.7560000000e+00 1.5912096200e-12 
3.7570000000e+00 1.5960077220e-12 
3.7580000000e+00 1.6007879420e-12 
3.7590000000e+00 1.6055216630e-12 
3.7600000000e+00 1.6103762330e-12 
3.7610000000e+00 1.6152029500e-12 
3.7620000000e+00 1.6200934390e-12 
3.7630000000e+00 1.6249407560e-12 
3.7640000000e+00 1.6297636970e-12 
3.7650000000e+00 1.6347418830e-12 
3.7660000000e+00 1.6395741700e-12 
3.7670000000e+00 1.6445308300e-12 
3.7680000000e+00 1.6495009040e-12 
3.7690000000e+00 1.6543624120e-12 
3.7700000000e+00 1.6593559640e-12 
3.7710000000e+00 1.6643556110e-12 
3.7720000000e+00 1.6693512990e-12 
3.7730000000e+00 1.6743637170e-12 
3.7740000000e+00 1.6794271230e-12 
3.7750000000e+00 1.6845009950e-12 
3.7760000000e+00 1.6895813610e-12 
3.7770000000e+00 1.6945533420e-12 
3.7780000000e+00 1.6997252200e-12 
3.7790000000e+00 1.7049094310e-12 
3.7800000000e+00 1.7099470080e-12 
3.7810000000e+00 1.7150483760e-12 
3.7820000000e+00 1.7203567190e-12 
3.7830000000e+00 1.7254787430e-12 
3.7840000000e+00 1.7307068590e-12 
3.7850000000e+00 1.7359462390e-12 
3.7860000000e+00 1.7412052340e-12 
3.7870000000e+00 1.7464025920e-12 
3.7880000000e+00 1.7516742810e-12 
3.7890000000e+00 1.7570142400e-12 
3.7900000000e+00 1.7623470650e-12 
3.7910000000e+00 1.7676029760e-12 
3.7920000000e+00 1.7730263350e-12 
3.7930000000e+00 1.7783587910e-12 
3.7940000000e+00 1.7837377750e-12 
3.7950000000e+00 1.7891649500e-12 
3.7960000000e+00 1.7946202940e-12 
3.7970000000e+00 1.7999990670e-12 
3.7980000000e+00 1.8054834450e-12 
3.7990000000e+00 1.8110115030e-12 
3.8000000000e+00 1.8165517970e-12 
3.8010000000e+00 1.8220857130e-12 
3.8020000000e+00 1.8276826050e-12 
3.8030000000e+00 1.8332438870e-12 
3.8040000000e+00 1.8387990040e-12 
3.8050000000e+00 1.8443508760e-12 
3.8060000000e+00 1.8500080760e-12 
3.8070000000e+00 1.8556214980e-12 
3.8080000000e+00 1.8612606900e-12 
3.8090000000e+00 1.8670229830e-12 
3.8100000000e+00 1.8727279140e-12 
3.8110000000e+00 1.8783921860e-12 
3.8120000000e+00 1.8842004340e-12 
3.8130000000e+00 1.8900145750e-12 
3.8140000000e+00 1.8956929910e-12 
3.8150000000e+00 1.9015815750e-12 
3.8160000000e+00 1.9073500870e-12 
3.8170000000e+00 1.9131673260e-12 
3.8180000000e+00 1.9190276870e-12 
3.8190000000e+00 1.9249135610e-12 
3.8200000000e+00 1.9308815470e-12 
3.8210000000e+00 1.9367868680e-12 
3.8220000000e+00 1.9427327100e-12 
3.8230000000e+00 1.9486375940e-12 
3.8240000000e+00 1.9546285360e-12 
3.8250000000e+00 1.9606569660e-12 
3.8260000000e+00 1.9666897480e-12 
3.8270000000e+00 1.9728183780e-12 
3.8280000000e+00 1.9788237240e-12 
3.8290000000e+00 1.9849109170e-12 
3.8300000000e+00 1.9910465480e-12 
3.8310000000e+00 1.9972233040e-12 
3.8320000000e+00 2.0033824860e-12 
3.8330000000e+00 2.0095412610e-12 
3.8340000000e+00 2.0157999330e-12 
3.8350000000e+00 2.0220069610e-12 
3.8360000000e+00 2.0282993560e-12 
3.8370000000e+00 2.0346182130e-12 
3.8380000000e+00 2.0409073400e-12 
3.8390000000e+00 2.0472640650e-12 
3.8400000000e+00 2.0536603930e-12 
3.8410000000e+00 2.0600773130e-12 
3.8420000000e+00 2.0663765500e-12 
3.8430000000e+00 2.0728613730e-12 
3.8440000000e+00 2.0792871940e-12 
3.8450000000e+00 2.0858244030e-12 
3.8460000000e+00 2.0923484400e-12 
3.8470000000e+00 2.0988568990e-12 
3.8480000000e+00 2.1053036170e-12 
3.8490000000e+00 2.1118979370e-12 
3.8500000000e+00 2.1185635940e-12 
3.8510000000e+00 2.1252090570e-12 
3.8520000000e+00 2.1317371970e-12 
3.8530000000e+00 2.1384251730e-12 
3.8540000000e+00 2.1451315770e-12 
3.8550000000e+00 2.1518156750e-12 
3.8560000000e+00 2.1584910370e-12 
3.8570000000e+00 2.1654586320e-12 
3.8580000000e+00 2.1720697960e-12 
3.8590000000e+00 2.1788422550e-12 
3.8600000000e+00 2.1856778040e-12 
3.8610000000e+00 2.1925486560e-12 
3.8620000000e+00 2.1994525080e-12 
3.8630000000e+00 2.2062471180e-12 
3.8640000000e+00 2.2132708400e-12 
3.8650000000e+00 2.2202815930e-12 
3.8660000000e+00 2.2271258560e-12 
3.8670000000e+00 2.2341238120e-12 
3.8680000000e+00 2.2411388590e-12 
3.8690000000e+00 2.2482582370e-12 
3.8700000000e+00 2.2553447710e-12 
3.8710000000e+00 2.2624989200e-12 
3.8720000000e+00 2.2695139000e-12 
3.8730000000e+00 2.2767121920e-12 
3.8740000000e+00 2.2839494630e-12 
3.8750000000e+00 2.2910611220e-12 
3.8760000000e+00 2.2982434950e-12 
3.8770000000e+00 2.3055297860e-12 
3.8780000000e+00 2.3128090800e-12 
3.8790000000e+00 2.3200887670e-12 
3.8800000000e+00 2.3274789930e-12 
3.8810000000e+00 2.3349055790e-12 
3.8820000000e+00 2.3423835240e-12 
3.8830000000e+00 2.3497272160e-12 
3.8840000000e+00 2.3572240500e-12 
3.8850000000e+00 2.3647509970e-12 
3.8860000000e+00 2.3722915070e-12 
3.8870000000e+00 2.3797736340e-12 
3.8880000000e+00 2.3874044820e-12 
3.8890000000e+00 2.3949801940e-12 
3.8900000000e+00 2.4026885330e-12 
3.8910000000e+00 2.4102661120e-12 
3.8920000000e+00 2.4179462260e-12 
3.8930000000e+00 2.4256967010e-12 
3.8940000000e+00 2.4335687030e-12 
3.8950000000e+00 2.4412470460e-12 
3.8960000000e+00 2.4491012050e-12 
3.8970000000e+00 2.4569367190e-12 
3.8980000000e+00 2.4648076750e-12 
3.8990000000e+00 2.4726518240e-12 
3.9000000000e+00 2.4805796480e-12 
3.9010000000e+00 2.4886276900e-12 
3.9020000000e+00 2.4965427980e-12 
3.9030000000e+00 2.5046378430e-12 
3.9040000000e+00 2.5125800960e-12 
3.9050000000e+00 2.5206932080e-12 
3.9060000000e+00 2.5288507180e-12 
3.9070000000e+00 2.5369089870e-12 
3.9080000000e+00 2.5451149170e-12 
3.9090000000e+00 2.5533539200e-12 
3.9100000000e+00 2.5615263330e-12 
3.9110000000e+00 2.5698268120e-12 
3.9120000000e+00 2.5780918060e-12 
3.9130000000e+00 2.5865061510e-12 
3.9140000000e+00 2.5947782620e-12 
3.9150000000e+00 2.6031915610e-12 
3.9160000000e+00 2.6115975370e-12 
3.9170000000e+00 2.6200183200e-12 
3.9180000000e+00 2.6285409980e-12 
3.9190000000e+00 2.6371333970e-12 
3.9200000000e+00 2.6457526910e-12 
3.9210000000e+00 2.6541872890e-12 
3.9220000000e+00 2.6628231020e-12 
3.9230000000e+00 2.6715418720e-12 
3.9240000000e+00 2.6802522400e-12 
3.9250000000e+00 2.6890013470e-12 
3.9260000000e+00 2.6976943570e-12 
3.9270000000e+00 2.7065539110e-12 
3.9280000000e+00 2.7154114430e-12 
3.9290000000e+00 2.7243018260e-12 
3.9300000000e+00 2.7332522030e-12 
3.9310000000e+00 2.7421595920e-12 
3.9320000000e+00 2.7512092470e-12 
3.9330000000e+00 2.7602536990e-12 
3.9340000000e+00 2.7692031210e-12 
3.9350000000e+00 2.7782832900e-12 
3.9360000000e+00 2.7873951850e-12 
3.9370000000e+00 2.7967062970e-12 
3.9380000000e+00 2.8058437920e-12 
3.9390000000e+00 2.8151272310e-12 
3.9400000000e+00 2.8244210580e-12 
3.9410000000e+00 2.8336569630e-12 
3.9420000000e+00 2.8429951360e-12 
3.9430000000e+00 2.8524464460e-12 
3.9440000000e+00 2.8618967040e-12 
3.9450000000e+00 2.8712142220e-12 
3.9460000000e+00 2.8807755730e-12 
3.9470000000e+00 2.8902965590e-12 
3.9480000000e+00 2.8997739830e-12 
3.9490000000e+00 2.9094912360e-12 
3.9500000000e+00 2.9191151680e-12 
3.9510000000e+00 2.9287963580e-12 
3.9520000000e+00 2.9385857570e-12 
3.9530000000e+00 2.9482632760e-12 
3.9540000000e+00 2.9580137330e-12 
3.9550000000e+00 2.9678857300e-12 
3.9560000000e+00 2.9777572780e-12 
3.9570000000e+00 2.9877250420e-12 
3.9580000000e+00 2.9976616160e-12 
3.9590000000e+00 3.0076735820e-12 
3.9600000000e+00 3.0177249080e-12 
3.9610000000e+00 3.0277062870e-12 
3.9620000000e+00 3.0378469340e-12 
3.9630000000e+00 3.0480410220e-12 
3.9640000000e+00 3.0582834300e-12 
3.9650000000e+00 3.0684496640e-12 
3.9660000000e+00 3.0787840810e-12 
3.9670000000e+00 3.0890541400e-12 
3.9680000000e+00 3.0995116780e-12 
3.9690000000e+00 3.1098549400e-12 
3.9700000000e+00 3.1203585860e-12 
3.9710000000e+00 3.1309816660e-12 
3.9720000000e+00 3.1415380680e-12 
3.9730000000e+00 3.1521470380e-12 
3.9740000000e+00 3.1627450690e-12 
3.9750000000e+00 3.1734608060e-12 
3.9760000000e+00 3.1842384790e-12 
3.9770000000e+00 3.1950059100e-12 
3.9780000000e+00 3.2058064140e-12 
3.9790000000e+00 3.2167360540e-12 
3.9800000000e+00 3.2276550840e-12 
3.9810000000e+00 3.2385507480e-12 
3.9820000000e+00 3.2496694930e-12 
3.9830000000e+00 3.2607376910e-12 
3.9840000000e+00 3.2717778830e-12 
3.9850000000e+00 3.2830749470e-12 
3.9860000000e+00 3.2941902490e-12 
3.9870000000e+00 3.3054234970e-12 
3.9880000000e+00 3.3167510730e-12 
3.9890000000e+00 3.3280980010e-12 
3.9900000000e+00 3.3394501210e-12 
3.9910000000e+00 3.3509387110e-12 
3.9920000000e+00 3.3624528480e-12 
3.9930000000e+00 3.3739304810e-12 
3.9940000000e+00 3.3854998380e-12 
3.9950000000e+00 3.3971485800e-12 
3.9960000000e+00 3.4088286500e-12 
3.9970000000e+00 3.4206430020e-12 
3.9980000000e+00 3.4323614500e-12 
3.9990000000e+00 3.4442233370e-12 
4.0000000000e+00 3.4562002380e-12 
4.0010000000e+00 3.4680717850e-12 
4.0020000000e+00 3.4800510020e-12 
4.0030000000e+00 3.4921875810e-12 
4.0040000000e+00 3.5041842890e-12 
4.0050000000e+00 3.5162902590e-12 
4.0060000000e+00 3.5285425050e-12 
4.0070000000e+00 3.5408350750e-12 
4.0080000000e+00 3.5531719190e-12 
4.0090000000e+00 3.5654911940e-12 
4.0100000000e+00 3.5778463520e-12 
4.0110000000e+00 3.5903397170e-12 
4.0120000000e+00 3.6028114880e-12 
4.0130000000e+00 3.6154955760e-12 
4.0140000000e+00 3.6280352180e-12 
4.0150000000e+00 3.6407239670e-12 
4.0160000000e+00 3.6535448390e-12 
4.0170000000e+00 3.6663587400e-12 
4.0180000000e+00 3.6792193850e-12 
4.0190000000e+00 3.6921635330e-12 
4.0200000000e+00 3.7051015470e-12 
4.0210000000e+00 3.7182922760e-12 
4.0220000000e+00 3.7313137200e-12 
4.0230000000e+00 3.7443977100e-12 
4.0240000000e+00 3.7577541880e-12 
4.0250000000e+00 3.7710630930e-12 
4.0260000000e+00 3.7844729220e-12 
4.0270000000e+00 3.7979304750e-12 
4.0280000000e+00 3.8114254480e-12 
4.0290000000e+00 3.8249598440e-12 
4.0300000000e+00 3.8386366110e-12 
4.0310000000e+00 3.8523462790e-12 
4.0320000000e+00 3.8661051170e-12 
4.0330000000e+00 3.8799176970e-12 
4.0340000000e+00 3.8938171590e-12 
4.0350000000e+00 3.9078137690e-12 
4.0360000000e+00 3.9216904810e-12 
4.0370000000e+00 3.9358177990e-12 
4.0380000000e+00 3.9500185800e-12 
4.0390000000e+00 3.9641584990e-12 
4.0400000000e+00 3.9784050410e-12 
4.0410000000e+00 3.9928164170e-12 
4.0420000000e+00 4.0071490950e-12 
4.0430000000e+00 4.0216190230e-12 
4.0440000000e+00 4.0361528620e-12 
4.0450000000e+00 4.0508857240e-12 
4.0460000000e+00 4.0654558250e-12 
4.0470000000e+00 4.0803038470e-12 
4.0480000000e+00 4.0950680060e-12 
4.0490000000e+00 4.1098986580e-12 
4.0500000000e+00 4.1248864250e-12 
4.0510000000e+00 4.1398859080e-12 
4.0520000000e+00 4.1550570700e-12 
4.0530000000e+00 4.1701901830e-12 
4.0540000000e+00 4.1854153690e-12 
4.0550000000e+00 4.2007636650e-12 
4.0560000000e+00 4.2161790930e-12 
4.0570000000e+00 4.2316284160e-12 
4.0580000000e+00 4.2471372930e-12 
4.0590000000e+00 4.2627127970e-12 
4.0600000000e+00 4.2784127540e-12 
4.0610000000e+00 4.2942895570e-12 
4.0620000000e+00 4.3100474220e-12 
4.0630000000e+00 4.3260397780e-12 
4.0640000000e+00 4.3419903030e-12 
4.0650000000e+00 4.3581241860e-12 
4.0660000000e+00 4.3743100440e-12 
4.0670000000e+00 4.3905808430e-12 
4.0680000000e+00 4.4069223580e-12 
4.0690000000e+00 4.4233254620e-12 
4.0700000000e+00 4.4399662800e-12 
4.0710000000e+00 4.4564119950e-12 
4.0720000000e+00 4.4730799590e-12 
4.0730000000e+00 4.4899014470e-12 
4.0740000000e+00 4.5067140630e-12 
4.0750000000e+00 4.5236069540e-12 
4.0760000000e+00 4.5406428580e-12 
4.0770000000e+00 4.5576577140e-12 
4.0780000000e+00 4.5749286020e-12 
4.0790000000e+00 4.5921743510e-12 
4.0800000000e+00 4.6095104270e-12 
4.0810000000e+00 4.6269368240e-12 
4.0820000000e+00 4.6444648700e-12 
4.0830000000e+00 4.6620839630e-12 
4.0840000000e+00 4.6797881520e-12 
4.0850000000e+00 4.6975870720e-12 
4.0860000000e+00 4.7154163480e-12 
4.0870000000e+00 4.7334125360e-12 
4.0880000000e+00 4.7514262580e-12 
4.0890000000e+00 4.7696993980e-12 
4.0900000000e+00 4.7879442470e-12 
4.0910000000e+00 4.8063180480e-12 
4.0920000000e+00 4.8247253080e-12 
4.0930000000e+00 4.8432775180e-12 
4.0940000000e+00 4.8619197030e-12 
4.0950000000e+00 4.8807583410e-12 
4.0960000000e+00 4.8995663100e-12 
4.0970000000e+00 4.9183581970e-12 
4.0980000000e+00 4.9374714610e-12 
4.0990000000e+00 4.9566287460e-12 
4.1000000000e+00 4.9759441340e-12 
4.1010000000e+00 4.9951526290e-12 
4.1020000000e+00 5.0146735850e-12 
4.1030000000e+00 5.0341583570e-12 
4.1040000000e+00 5.0539302210e-12 
4.1050000000e+00 5.0736064850e-12 
4.1060000000e+00 5.0935423480e-12 
4.1070000000e+00 5.1135489810e-12 
4.1080000000e+00 5.1335388120e-12 
4.1090000000e+00 5.1538165240e-12 
4.1100000000e+00 5.1740723180e-12 
4.1110000000e+00 5.1945147960e-12 
4.1120000000e+00 5.2149653270e-12 
4.1130000000e+00 5.2356287510e-12 
4.1140000000e+00 5.2563702970e-12 
4.1150000000e+00 5.2772362760e-12 
4.1160000000e+00 5.2982379120e-12 
4.1170000000e+00 5.3194133700e-12 
4.1180000000e+00 5.3406109550e-12 
4.1190000000e+00 5.3619596140e-12 
4.1200000000e+00 5.3834603960e-12 
4.1210000000e+00 5.4049298680e-12 
4.1220000000e+00 5.4266205590e-12 
4.1230000000e+00 5.4484652490e-12 
4.1240000000e+00 5.4704501250e-12 
4.1250000000e+00 5.4925172650e-12 
4.1260000000e+00 5.5147610150e-12 
4.1270000000e+00 5.5370270150e-12 
4.1280000000e+00 5.5594288510e-12 
4.1290000000e+00 5.5820093330e-12 
4.1300000000e+00 5.6047611560e-12 
4.1310000000e+00 5.6274722430e-12 
4.1320000000e+00 5.6504909110e-12 
4.1330000000e+00 5.6736057190e-12 
4.1340000000e+00 5.6969337700e-12 
4.1350000000e+00 5.7202475370e-12 
4.1360000000e+00 5.7437835490e-12 
4.1370000000e+00 5.7674433460e-12 
4.1380000000e+00 5.7912202220e-12 
4.1390000000e+00 5.8151103390e-12 
4.1400000000e+00 5.8392864710e-12 
4.1410000000e+00 5.8634536910e-12 
4.1420000000e+00 5.8877798770e-12 
4.1430000000e+00 5.9123774990e-12 
4.1440000000e+00 5.9370065140e-12 
4.1450000000e+00 5.9617814840e-12 
4.1460000000e+00 5.9867010830e-12 
4.1470000000e+00 6.0119469400e-12 
4.1480000000e+00 6.0371603460e-12 
4.1490000000e+00 6.0625393440e-12 
4.1500000000e+00 6.0881483350e-12 
4.1510000000e+00 6.1139241800e-12 
4.1520000000e+00 6.1397574080e-12 
4.1530000000e+00 6.1658463810e-12 
4.1540000000e+00 6.1920234100e-12 
4.1550000000e+00 6.2184793610e-12 
4.1560000000e+00 6.2451635780e-12 
4.1570000000e+00 6.2719085680e-12 
4.1580000000e+00 6.2988572930e-12 
4.1590000000e+00 6.3260993570e-12 
4.1600000000e+00 6.3533593670e-12 
4.1610000000e+00 6.3807445530e-12 
4.1620000000e+00 6.4084172940e-12 
4.1630000000e+00 6.4361932950e-12 
4.1640000000e+00 6.4643214040e-12 
4.1650000000e+00 6.4924247160e-12 
4.1660000000e+00 6.5207988700e-12 
4.1670000000e+00 6.5494554460e-12 
4.1680000000e+00 6.5781564540e-12 
4.1690000000e+00 6.6069973450e-12 
4.1700000000e+00 6.6362353850e-12 
4.1710000000e+00 6.6655931840e-12 
4.1720000000e+00 6.6951972500e-12 
4.1730000000e+00 6.7249877780e-12 
4.1740000000e+00 6.7549844200e-12 
4.1750000000e+00 6.7851153400e-12 
4.1760000000e+00 6.8155559190e-12 
4.1770000000e+00 6.8462251390e-12 
4.1780000000e+00 6.8770834130e-12 
4.1790000000e+00 6.9081047000e-12 
4.1800000000e+00 6.9393337580e-12 
4.1810000000e+00 6.9708619250e-12 
4.1820000000e+00 7.0025754310e-12 
4.1830000000e+00 7.0344432150e-12 
4.1840000000e+00 7.0666566500e-12 
4.1850000000e+00 7.0990334490e-12 
4.1860000000e+00 7.1317554840e-12 
4.1870000000e+00 7.1644702870e-12 
4.1880000000e+00 7.1975994390e-12 
4.1890000000e+00 7.2309017390e-12 
4.1900000000e+00 7.2644676640e-12 
4.1910000000e+00 7.2983475840e-12 
4.1920000000e+00 7.3324741060e-12 
4.1930000000e+00 7.3667551990e-12 
4.1940000000e+00 7.4013028200e-12 
4.1950000000e+00 7.4362102230e-12 
4.1960000000e+00 7.4712583610e-12 
4.1970000000e+00 7.5065888740e-12 
4.1980000000e+00 7.5422218220e-12 
4.1990000000e+00 7.5781338170e-12 
4.2000000000e+00 7.6143117030e-12 
4.2010000000e+00 7.6507431550e-12 
4.2020000000e+00 7.6873976690e-12 
4.2030000000e+00 7.7245183560e-12 
4.2040000000e+00 7.7618017180e-12 
4.2050000000e+00 7.7993981170e-12 
4.2060000000e+00 7.8372782880e-12 
4.2070000000e+00 7.8754555680e-12 
4.2080000000e+00 7.9140276720e-12 
4.2090000000e+00 7.9528410410e-12 
4.2100000000e+00 7.9918839340e-12 
4.2110000000e+00 8.0313609900e-12 
4.2120000000e+00 8.0711451620e-12 
4.2130000000e+00 8.1112558120e-12 
4.2140000000e+00 8.1516903700e-12 
4.2150000000e+00 8.1924680800e-12 
4.2160000000e+00 8.2334901030e-12 
4.2170000000e+00 8.2749346020e-12 
4.2180000000e+00 8.3166855140e-12 
4.2190000000e+00 8.3589088210e-12 
4.2200000000e+00 8.4014124680e-12 
4.2210000000e+00 8.4442798880e-12 
4.2220000000e+00 8.4876371140e-12 
4.2230000000e+00 8.5311586640e-12 
4.2240000000e+00 8.5751047240e-12 
4.2250000000e+00 8.6195620940e-12 
4.2260000000e+00 8.6643921550e-12 
4.2270000000e+00 8.7096045620e-12 
4.2280000000e+00 8.7551082860e-12 
4.2290000000e+00 8.8011303920e-12 
4.2300000000e+00 8.8476928270e-12 
4.2310000000e+00 8.8945468410e-12 
4.2320000000e+00 8.9418501230e-12 
4.2330000000e+00 8.9895347800e-12 
4.2340000000e+00 9.0377935680e-12 
4.2350000000e+00 9.0864601950e-12 
4.2360000000e+00 9.1356743370e-12 
4.2370000000e+00 9.1852274620e-12 
4.2380000000e+00 9.2352015100e-12 
4.2390000000e+00 9.2858178670e-12 
4.2400000000e+00 9.3367731790e-12 
4.2410000000e+00 9.3884666820e-12 
4.2420000000e+00 9.4405153940e-12 
4.2430000000e+00 9.4931581120e-12 
4.2440000000e+00 9.5463263730e-12 
4.2450000000e+00 9.6000381700e-12 
4.2460000000e+00 9.6542945590e-12 
4.2470000000e+00 9.7090685890e-12 
4.2480000000e+00 9.7644992750e-12 
4.2490000000e+00 9.8204979320e-12 
4.2500000000e+00 9.8770619250e-12 
4.2510000000e+00 9.9342699080e-12 
4.2520000000e+00 9.9921033920e-12 
4.2530000000e+00 1.0050623440e-11 
4.2540000000e+00 1.0109660090e-11 
4.2550000000e+00 1.0169467350e-11 
4.2560000000e+00 1.0229906100e-11 
4.2570000000e+00 1.0291023330e-11 
4.2580000000e+00 1.0352856820e-11 
4.2590000000e+00 1.0415408700e-11 
4.2600000000e+00 1.0478699150e-11 
4.2610000000e+00 1.0542654360e-11 
4.2620000000e+00 1.0607555390e-11 
4.2630000000e+00 1.0673106910e-11 
4.2640000000e+00 1.0739667470e-11 
4.2650000000e+00 1.0806918870e-11 
4.2660000000e+00 1.0874978370e-11 
4.2670000000e+00 1.0943967330e-11 
4.2680000000e+00 1.1013814190e-11 
4.2690000000e+00 1.1084621050e-11 
4.2700000000e+00 1.1156371760e-11 
4.2710000000e+00 1.1228872300e-11 
4.2720000000e+00 1.1302649010e-11 
4.2730000000e+00 1.1377220880e-11 
4.2740000000e+00 1.1452960200e-11 
4.2750000000e+00 1.1529770810e-11 
4.2760000000e+00 1.1607656740e-11 
4.2770000000e+00 1.1686734850e-11 
4.2780000000e+00 1.1766906090e-11 
4.2790000000e+00 1.1848334410e-11 
4.2800000000e+00 1.1930850500e-11 
4.2810000000e+00 1.2014740290e-11 
4.2820000000e+00 1.2099956990e-11 
4.2830000000e+00 1.2186460560e-11 
4.2840000000e+00 1.2274461640e-11 
4.2850000000e+00 1.2363696370e-11 
4.2860000000e+00 1.2454605360e-11 
4.2870000000e+00 1.2546882850e-11 
4.2880000000e+00 1.2640760560e-11 
4.2890000000e+00 1.2736379460e-11 
4.2900000000e+00 1.2833590200e-11 
4.2910000000e+00 1.2932550890e-11 
4.2920000000e+00 1.3033495810e-11 
4.2930000000e+00 1.3136173430e-11 
4.2940000000e+00 1.3240914750e-11 
4.2950000000e+00 1.3347461090e-11 
4.2960000000e+00 1.3456351560e-11 
4.2970000000e+00 1.3567434530e-11 
4.2980000000e+00 1.3680876020e-11 
4.2990000000e+00 1.3796726490e-11 
4.3000000000e+00 1.3915102520e-11 
4.3010000000e+00 1.4036095800e-11 
4.3020000000e+00 1.4160103740e-11 
4.3030000000e+00 1.4286898190e-11 
4.3040000000e+00 1.4416779970e-11 
4.3050000000e+00 1.4549814930e-11 
4.3060000000e+00 1.4686074730e-11 
4.3070000000e+00 1.4826123230e-11 
4.3080000000e+00 1.4969980610e-11 
4.3090000000e+00 1.5118308480e-11 
4.3100000000e+00 1.5270749600e-11 
4.3110000000e+00 1.5427544780e-11 
4.3120000000e+00 1.5589634430e-11 
4.3130000000e+00 1.5756945510e-11 
4.3140000000e+00 1.5929608030e-11 
4.3150000000e+00 1.6108739960e-11 
4.3160000000e+00 1.6294694080e-11 
4.3170000000e+00 1.6487776780e-11 
4.3180000000e+00 1.6688291970e-11 
4.3190000000e+00 1.6898352080e-11 
4.3200000000e+00 1.7117183190e-11 
4.3210000000e+00 1.7347154120e-11 
4.3220000000e+00 1.7589760970e-11 
4.3230000000e+00 1.7845027470e-11 
4.3240000000e+00 1.8116148190e-11 
4.3230000000e+00 1.7845389010e-11 
4.3220000000e+00 1.7589732860e-11 
4.3210000000e+00 1.7347235910e-11 
4.3200000000e+00 1.7117490330e-11 
4.3190000000e+00 1.6897864060e-11 
4.3180000000e+00 1.6688640310e-11 
4.3170000000e+00 1.6487292930e-11 
4.3160000000e+00 1.6294388570e-11 
4.3150000000e+00 1.6108915150e-11 
4.3140000000e+00 1.5929893160e-11 
4.3130000000e+00 1.5756666000e-11 
4.3120000000e+00 1.5589469320e-11 
4.3110000000e+00 1.5427757660e-11 
4.3100000000e+00 1.5270501590e-11 
4.3090000000e+00 1.5118100760e-11 
4.3080000000e+00 1.4970304090e-11 
4.3070000000e+00 1.4826322110e-11 
4.3060000000e+00 1.4686223710e-11 
4.3050000000e+00 1.4549504700e-11 
4.3040000000e+00 1.4416521830e-11 
4.3030000000e+00 1.4286669860e-11 
4.3020000000e+00 1.4159956210e-11 
4.3010000000e+00 1.4036319490e-11 
4.3000000000e+00 1.3915371880e-11 
4.2990000000e+00 1.3796915330e-11 
4.2980000000e+00 1.3681094930e-11 
4.2970000000e+00 1.3567592290e-11 
4.2960000000e+00 1.3456506880e-11 
4.2950000000e+00 1.3347360980e-11 
4.2940000000e+00 1.3240723660e-11 
4.2930000000e+00 1.3135995450e-11 
4.2920000000e+00 1.3033335320e-11 
4.2910000000e+00 1.2932400180e-11 
4.2900000000e+00 1.2833504730e-11 
4.2890000000e+00 1.2736253840e-11 
4.2880000000e+00 1.2640644000e-11 
4.2870000000e+00 1.2546880810e-11 
4.2860000000e+00 1.2454464660e-11 
4.2850000000e+00 1.2363616210e-11 
4.2840000000e+00 1.2274483130e-11 
4.2830000000e+00 1.2186662420e-11 
4.2820000000e+00 1.2100140360e-11 
4.2810000000e+00 1.2014926400e-11 
4.2800000000e+00 1.1931024590e-11 
4.2790000000e+00 1.1848493120e-11 
4.2780000000e+00 1.1767056200e-11 
4.2770000000e+00 1.1686925020e-11 
4.2760000000e+00 1.1607840760e-11 
4.2750000000e+00 1.1529899980e-11 
4.2740000000e+00 1.1453139750e-11 
4.2730000000e+00 1.1377338410e-11 
4.2720000000e+00 1.1302754200e-11 
4.2710000000e+00 1.1228967210e-11 
4.2700000000e+00 1.1156414790e-11 
4.2690000000e+00 1.1084743040e-11 
4.2680000000e+00 1.1013937530e-11 
4.2670000000e+00 1.0944045890e-11 
4.2660000000e+00 1.0875105610e-11 
4.2650000000e+00 1.0806970720e-11 
4.2640000000e+00 1.0739648700e-11 
4.2630000000e+00 1.0673171240e-11 
4.2620000000e+00 1.0607538070e-11 
4.2610000000e+00 1.0542650850e-11 
4.2600000000e+00 1.0478593790e-11 
4.2590000000e+00 1.0415304800e-11 
4.2580000000e+00 1.0352728270e-11 
4.2570000000e+00 1.0290827530e-11 
4.2560000000e+00 1.0229705960e-11 
4.2550000000e+00 1.0169287720e-11 
4.2540000000e+00 1.0109515410e-11 
4.2530000000e+00 1.0050406170e-11 
4.2520000000e+00 9.9919749860e-12 
4.2510000000e+00 9.9341210820e-12 
4.2500000000e+00 9.8768988210e-12 
4.2490000000e+00 9.8202909050e-12 
4.2480000000e+00 9.7643928730e-12 
4.2470000000e+00 9.7089564470e-12 
4.2460000000e+00 9.6541617140e-12 
4.2450000000e+00 9.5999280780e-12 
4.2440000000e+00 9.5462227510e-12 
4.2430000000e+00 9.4930003990e-12 
4.2420000000e+00 9.4404418670e-12 
4.2410000000e+00 9.3884184490e-12 
4.2400000000e+00 9.3367055500e-12 
4.2390000000e+00 9.2857243750e-12 
4.2380000000e+00 9.2351500440e-12 
4.2370000000e+00 9.1851221560e-12 
4.2360000000e+00 9.1355243900e-12 
4.2350000000e+00 9.0863867540e-12 
4.2340000000e+00 9.0377937160e-12 
4.2330000000e+00 8.9895193360e-12 
4.2320000000e+00 8.9417762750e-12 
4.2310000000e+00 8.8944125050e-12 
4.2300000000e+00 8.8476366940e-12 
4.2290000000e+00 8.8010891810e-12 
4.2280000000e+00 8.7550454500e-12 
4.2270000000e+00 8.7095297650e-12 
4.2260000000e+00 8.6643682220e-12 
4.2250000000e+00 8.6195029750e-12 
4.2240000000e+00 8.5750350690e-12 
4.2230000000e+00 8.5311125210e-12 
4.2220000000e+00 8.4875435360e-12 
4.2210000000e+00 8.4441492620e-12 
4.2200000000e+00 8.4013611350e-12 
4.2190000000e+00 8.3588753760e-12 
4.2180000000e+00 8.3166622320e-12 
4.2170000000e+00 8.2749269160e-12 
4.2160000000e+00 8.2334338930e-12 
4.2150000000e+00 8.1923848620e-12 
4.2140000000e+00 8.1516833250e-12 
4.2130000000e+00 8.1111833310e-12 
4.2120000000e+00 8.0711062480e-12 
4.2110000000e+00 8.0313520970e-12 
4.2100000000e+00 7.9918463700e-12 
4.2090000000e+00 7.9528255630e-12 
4.2080000000e+00 7.9138976830e-12 
4.2070000000e+00 7.8753560230e-12 
4.2060000000e+00 7.8372766510e-12 
4.2050000000e+00 7.7993210320e-12 
4.2040000000e+00 7.7617688660e-12 
4.2030000000e+00 7.7244524580e-12 
4.2020000000e+00 7.6874499460e-12 
4.2010000000e+00 7.6506813480e-12 
4.2000000000e+00 7.6142624270e-12 
4.1990000000e+00 7.5780592410e-12 
4.1980000000e+00 7.5422729220e-12 
4.1970000000e+00 7.5066901420e-12 
4.1960000000e+00 7.4713085080e-12 
4.1950000000e+00 7.4362533180e-12 
4.1940000000e+00 7.4013902440e-12 
4.1930000000e+00 7.3668143410e-12 
4.1920000000e+00 7.3324892360e-12 
4.1910000000e+00 7.2984666900e-12 
4.1900000000e+00 7.2646002640e-12 
4.1890000000e+00 7.2309759810e-12 
4.1880000000e+00 7.1976800680e-12 
4.1870000000e+00 7.1646030430e-12 
4.1860000000e+00 7.1318121200e-12 
4.1850000000e+00 7.0991678950e-12 
4.1840000000e+00 7.0667824350e-12 
4.1830000000e+00 7.0345732850e-12 
4.1820000000e+00 7.0026467080e-12 
4.1810000000e+00 6.9709527290e-12 
4.1800000000e+00 6.9394328100e-12 
4.1790000000e+00 6.9082055230e-12 
4.1780000000e+00 6.8771830790e-12 
4.1770000000e+00 6.8462852160e-12 
4.1760000000e+00 6.8156831360e-12 
4.1750000000e+00 6.7852058890e-12 
4.1740000000e+00 6.7550527130e-12 
4.1730000000e+00 6.7250945930e-12 
4.1720000000e+00 6.6952728180e-12 
4.1710000000e+00 6.6657072680e-12 
4.1700000000e+00 6.6362394830e-12 
4.1690000000e+00 6.6070702460e-12 
4.1680000000e+00 6.5782643130e-12 
4.1670000000e+00 6.5494380620e-12 
4.1660000000e+00 6.5208460990e-12 
4.1650000000e+00 6.4925584890e-12 
4.1640000000e+00 6.4643537410e-12 
4.1630000000e+00 6.4362480510e-12 
4.1620000000e+00 6.4084900820e-12 
4.1610000000e+00 6.3808714950e-12 
4.1600000000e+00 6.3534009600e-12 
4.1590000000e+00 6.3261021630e-12 
4.1580000000e+00 6.2988891940e-12 
4.1570000000e+00 6.2719858510e-12 
4.1560000000e+00 6.2451690800e-12 
4.1550000000e+00 6.2185958250e-12 
4.1540000000e+00 6.1921353410e-12 
4.1530000000e+00 6.1658593730e-12 
4.1520000000e+00 6.1398293600e-12 
4.1510000000e+00 6.1139872040e-12 
4.1500000000e+00 6.0882891140e-12 
4.1490000000e+00 6.0625907760e-12 
4.1480000000e+00 6.0372627980e-12 
4.1470000000e+00 6.0119947200e-12 
4.1460000000e+00 5.9867850490e-12 
4.1450000000e+00 5.9618684240e-12 
4.1440000000e+00 5.9370586230e-12 
4.1430000000e+00 5.9124409590e-12 
4.1420000000e+00 5.8878398330e-12 
4.1410000000e+00 5.8634652380e-12 
4.1400000000e+00 5.8393143500e-12 
4.1390000000e+00 5.8151635390e-12 
4.1380000000e+00 5.7912836990e-12 
4.1370000000e+00 5.7674918290e-12 
4.1360000000e+00 5.7438322810e-12 
4.1350000000e+00 5.7203080100e-12 
4.1340000000e+00 5.6970040980e-12 
4.1330000000e+00 5.6736370300e-12 
4.1320000000e+00 5.6505107740e-12 
4.1310000000e+00 5.6275418550e-12 
4.1300000000e+00 5.6047846480e-12 
4.1290000000e+00 5.5820681610e-12 
4.1280000000e+00 5.5594478230e-12 
4.1270000000e+00 5.5370650300e-12 
4.1260000000e+00 5.5147836100e-12 
4.1250000000e+00 5.4925469970e-12 
4.1240000000e+00 5.4704627650e-12 
4.1230000000e+00 5.4485213680e-12 
4.1220000000e+00 5.4266639690e-12 
4.1210000000e+00 5.4049430290e-12 
4.1200000000e+00 5.3834788070e-12 
4.1190000000e+00 5.3620106370e-12 
4.1180000000e+00 5.3406139730e-12 
4.1170000000e+00 5.3194406470e-12 
4.1160000000e+00 5.2982794230e-12 
4.1150000000e+00 5.2772692540e-12 
4.1140000000e+00 5.2563870130e-12 
4.1130000000e+00 5.2356482120e-12 
4.1120000000e+00 5.2149875310e-12 
4.1110000000e+00 5.1944662240e-12 
4.1100000000e+00 5.1741507640e-12 
4.1090000000e+00 5.1538732760e-12 
4.1080000000e+00 5.1335688560e-12 
4.1070000000e+00 5.1135203600e-12 
4.1060000000e+00 5.0935432040e-12 
4.1050000000e+00 5.0736560320e-12 
4.1040000000e+00 5.0538724360e-12 
4.1030000000e+00 5.0342115050e-12 
4.1020000000e+00 5.0147108840e-12 
4.1010000000e+00 4.9952006040e-12 
4.1000000000e+00 4.9760126020e-12 
4.0990000000e+00 4.9566510790e-12 
4.0980000000e+00 4.9375773610e-12 
4.0970000000e+00 4.9184338360e-12 
4.0960000000e+00 4.8995335680e-12 
4.0950000000e+00 4.8807834780e-12 
4.0940000000e+00 4.8619519630e-12 
4.0930000000e+00 4.8432857800e-12 
4.0920000000e+00 4.8247012170e-12 
4.0910000000e+00 4.8062398820e-12 
4.0900000000e+00 4.7878999380e-12 
4.0890000000e+00 4.7697300930e-12 
4.0880000000e+00 4.7514601080e-12 
4.0870000000e+00 4.7334432730e-12 
4.0860000000e+00 4.7155168650e-12 
4.0850000000e+00 4.6975681380e-12 
4.0840000000e+00 4.6797681920e-12 
4.0830000000e+00 4.6621116430e-12 
4.0820000000e+00 4.6444702200e-12 
4.0810000000e+00 4.6270075670e-12 
4.0800000000e+00 4.6095227060e-12 
4.0790000000e+00 4.5922348950e-12 
4.0780000000e+00 4.5749998150e-12 
4.0770000000e+00 4.5577164130e-12 
4.0760000000e+00 4.5407136880e-12 
4.0750000000e+00 4.5236892890e-12 
4.0740000000e+00 4.5067078540e-12 
4.0730000000e+00 4.4899092820e-12 
4.0720000000e+00 4.4731644620e-12 
4.0710000000e+00 4.4564572470e-12 
4.0700000000e+00 4.4399417860e-12 
4.0690000000e+00 4.4233930910e-12 
4.0680000000e+00 4.4069258810e-12 
4.0670000000e+00 4.3906106980e-12 
4.0660000000e+00 4.3743823130e-12 
4.0650000000e+00 4.3580870230e-12 
4.0640000000e+00 4.3420122610e-12 
4.0630000000e+00 4.3259936620e-12 
4.0620000000e+00 4.3100635630e-12 
4.0610000000e+00 4.2942587170e-12 
4.0600000000e+00 4.2784612960e-12 
4.0590000000e+00 4.2628039610e-12 
4.0580000000e+00 4.2471449240e-12 
4.0570000000e+00 4.2316462940e-12 
4.0560000000e+00 4.2161725470e-12 
4.0550000000e+00 4.2008421390e-12 
4.0540000000e+00 4.1853958970e-12 
4.0530000000e+00 4.1701997830e-12 
4.0520000000e+00 4.1550875680e-12 
4.0510000000e+00 4.1399047210e-12 
4.0500000000e+00 4.1248776790e-12 
4.0490000000e+00 4.1098734230e-12 
4.0480000000e+00 4.0950168830e-12 
4.0470000000e+00 4.0803082930e-12 
4.0460000000e+00 4.0654592370e-12 
4.0450000000e+00 4.0509027220e-12 
4.0440000000e+00 4.0362400500e-12 
4.0430000000e+00 4.0216136940e-12 
4.0420000000e+00 4.0072287840e-12 
4.0410000000e+00 3.9928551780e-12 
4.0400000000e+00 3.9784360850e-12 
4.0390000000e+00 3.9641436010e-12 
4.0380000000e+00 3.9500362750e-12 
4.0370000000e+00 3.9358939870e-12 
4.0360000000e+00 3.9218019760e-12 
4.0350000000e+00 3.9078110240e-12 
4.0340000000e+00 3.8938254930e-12 
4.0330000000e+00 3.8799546550e-12 
4.0320000000e+00 3.8660863160e-12 
4.0310000000e+00 3.8523878490e-12 
4.0300000000e+00 3.8386209610e-12 
4.0290000000e+00 3.8249550640e-12 
4.0280000000e+00 3.8114319560e-12 
4.0270000000e+00 3.7979867010e-12 
4.0260000000e+00 3.7844750600e-12 
4.0250000000e+00 3.7710850820e-12 
4.0240000000e+00 3.7577465260e-12 
4.0230000000e+00 3.7444385150e-12 
4.0220000000e+00 3.7313735390e-12 
4.0210000000e+00 3.7182393160e-12 
4.0200000000e+00 3.7051576220e-12 
4.0190000000e+00 3.6921417090e-12 
4.0180000000e+00 3.6791699970e-12 
4.0170000000e+00 3.6663659630e-12 
4.0160000000e+00 3.6535721210e-12 
4.0150000000e+00 3.6407543890e-12 
4.0140000000e+00 3.6281278900e-12 
4.0130000000e+00 3.6154600120e-12 
4.0120000000e+00 3.6028540470e-12 
4.0110000000e+00 3.5903258890e-12 
4.0100000000e+00 3.5779265200e-12 
4.0090000000e+00 3.5654723670e-12 
4.0080000000e+00 3.5531528890e-12 
4.0070000000e+00 3.5408152160e-12 
4.0060000000e+00 3.5285637990e-12 
4.0050000000e+00 3.5163341170e-12 
4.0040000000e+00 3.5041955710e-12 
4.0030000000e+00 3.4921984520e-12 
4.0020000000e+00 3.4800677270e-12 
4.0010000000e+00 3.4680621990e-12 
4.0000000000e+00 3.4560830930e-12 
3.9990000000e+00 3.4442229530e-12 
3.9980000000e+00 3.4323543890e-12 
3.9970000000e+00 3.4205734960e-12 
3.9960000000e+00 3.4088067710e-12 
3.9950000000e+00 3.3971519790e-12 
3.9940000000e+00 3.3854476850e-12 
3.9930000000e+00 3.3739460060e-12 
3.9920000000e+00 3.3624608590e-12 
3.9910000000e+00 3.3508924230e-12 
3.9900000000e+00 3.3394986640e-12 
3.9890000000e+00 3.3280960030e-12 
3.9880000000e+00 3.3167739350e-12 
3.9870000000e+00 3.3054286110e-12 
3.9860000000e+00 3.2941930710e-12 
3.9850000000e+00 3.2829760560e-12 
3.9840000000e+00 3.2717704810e-12 
3.9830000000e+00 3.2606849180e-12 
3.9820000000e+00 3.2496810550e-12 
3.9810000000e+00 3.2385997000e-12 
3.9800000000e+00 3.2276491070e-12 
3.9790000000e+00 3.2166776530e-12 
3.9780000000e+00 3.2058242330e-12 
3.9770000000e+00 3.1949282660e-12 
3.9760000000e+00 3.1842297490e-12 
3.9750000000e+00 3.1735049080e-12 
3.9740000000e+00 3.1626818020e-12 
3.9730000000e+00 3.1521144630e-12 
3.9720000000e+00 3.1414300810e-12 
3.9710000000e+00 3.1309187840e-12 
3.9700000000e+00 3.1203522950e-12 
3.9690000000e+00 3.1098494730e-12 
3.9680000000e+00 3.0994930420e-12 
3.9670000000e+00 3.0890960640e-12 
3.9660000000e+00 3.0787718320e-12 
3.9650000000e+00 3.0684173510e-12 
3.9640000000e+00 3.0581840600e-12 
3.9630000000e+00 3.0480180850e-12 
3.9620000000e+00 3.0378298340e-12 
3.9610000000e+00 3.0277376320e-12 
3.9600000000e+00 3.0177011010e-12 
3.9590000000e+00 3.0076211500e-12 
3.9580000000e+00 2.9976764800e-12 
3.9570000000e+00 2.9876933090e-12 
3.9560000000e+00 2.9777453560e-12 
3.9550000000e+00 2.9677981790e-12 
3.9540000000e+00 2.9580435400e-12 
3.9530000000e+00 2.9482093040e-12 
3.9520000000e+00 2.9385083690e-12 
3.9510000000e+00 2.9287300160e-12 
3.9500000000e+00 2.9190598730e-12 
3.9490000000e+00 2.9094682930e-12 
3.9480000000e+00 2.8997677260e-12 
3.9470000000e+00 2.8902616650e-12 
3.9460000000e+00 2.8807337640e-12 
3.9450000000e+00 2.8711913970e-12 
3.9440000000e+00 2.8618556870e-12 
3.9430000000e+00 2.8523753300e-12 
3.9420000000e+00 2.8429361130e-12 
3.9410000000e+00 2.8335751520e-12 
3.9400000000e+00 2.8242957810e-12 
3.9390000000e+00 2.8150996820e-12 
3.9380000000e+00 2.8057967980e-12 
3.9370000000e+00 2.7966862260e-12 
3.9360000000e+00 2.7873241300e-12 
3.9350000000e+00 2.7782888680e-12 
3.9340000000e+00 2.7692101410e-12 
3.9330000000e+00 2.7601867600e-12 
3.9320000000e+00 2.7511871940e-12 
3.9310000000e+00 2.7420633720e-12 
3.9300000000e+00 2.7332259340e-12 
3.9290000000e+00 2.7242600820e-12 
3.9280000000e+00 2.7154214780e-12 
3.9270000000e+00 2.7065234070e-12 
3.9260000000e+00 2.6976914040e-12 
3.9250000000e+00 2.6889177530e-12 
3.9240000000e+00 2.6802124900e-12 
3.9230000000e+00 2.6714757860e-12 
3.9220000000e+00 2.6627492660e-12 
3.9210000000e+00 2.6542122250e-12 
3.9200000000e+00 2.6456600180e-12 
3.9190000000e+00 2.6371033670e-12 
3.9180000000e+00 2.6285397730e-12 
3.9170000000e+00 2.6199861650e-12 
3.9160000000e+00 2.6115839540e-12 
3.9150000000e+00 2.6031397390e-12 
3.9140000000e+00 2.5947316450e-12 
3.9130000000e+00 2.5865276070e-12 
3.9120000000e+00 2.5781036360e-12 
3.9110000000e+00 2.5698129350e-12 
3.9100000000e+00 2.5615249720e-12 
3.9090000000e+00 2.5533199600e-12 
3.9080000000e+00 2.5450786430e-12 
3.9070000000e+00 2.5369019380e-12 
3.9060000000e+00 2.5288000060e-12 
3.9050000000e+00 2.5206675420e-12 
3.9040000000e+00 2.5125757180e-12 
3.9030000000e+00 2.5045338270e-12 
3.9020000000e+00 2.4965469580e-12 
3.9010000000e+00 2.4886046820e-12 
3.9000000000e+00 2.4805969360e-12 
3.8990000000e+00 2.4726427790e-12 
3.8980000000e+00 2.4648209640e-12 
3.8970000000e+00 2.4569259730e-12 
3.8960000000e+00 2.4490680960e-12 
3.8950000000e+00 2.4412761640e-12 
3.8940000000e+00 2.4335132160e-12 
3.8930000000e+00 2.4256871500e-12 
3.8920000000e+00 2.4179560850e-12 
3.8910000000e+00 2.4103035270e-12 
3.8900000000e+00 2.4026060450e-12 
3.8890000000e+00 2.3950188340e-12 
3.8880000000e+00 2.3873821190e-12 
3.8870000000e+00 2.3797380980e-12 
3.8860000000e+00 2.3722275550e-12 
3.8850000000e+00 2.3647448820e-12 
3.8840000000e+00 2.3571723950e-12 
3.8830000000e+00 2.3496910040e-12 
3.8820000000e+00 2.3423435390e-12 
3.8810000000e+00 2.3349113250e-12 
3.8800000000e+00 2.3274450370e-12 
3.8790000000e+00 2.3200445680e-12 
3.8780000000e+00 2.3128344150e-12 
3.8770000000e+00 2.3055459190e-12 
3.8760000000e+00 2.2982495900e-12 
3.8750000000e+00 2.2910481970e-12 
3.8740000000e+00 2.2839154310e-12 
3.8730000000e+00 2.2766489060e-12 
3.8720000000e+00 2.2694583300e-12 
3.8710000000e+00 2.2625295990e-12 
3.8700000000e+00 2.2553399310e-12 
3.8690000000e+00 2.2481748510e-12 
3.8680000000e+00 2.2411170760e-12 
3.8670000000e+00 2.2340782070e-12 
3.8660000000e+00 2.2271126130e-12 
3.8650000000e+00 2.2203059350e-12 
3.8640000000e+00 2.2132759540e-12 
3.8630000000e+00 2.2063125830e-12 
3.8620000000e+00 2.1994183330e-12 
3.8610000000e+00 2.1925570780e-12 
3.8600000000e+00 2.1856296120e-12 
3.8590000000e+00 2.1788205780e-12 
3.8580000000e+00 2.1721460660e-12 
3.8570000000e+00 2.1654275340e-12 
3.8560000000e+00 2.1584760110e-12 
3.8550000000e+00 2.1517837200e-12 
3.8540000000e+00 2.1451265550e-12 
3.8530000000e+00 2.1383957030e-12 
3.8520000000e+00 2.1317394640e-12 
3.8510000000e+00 2.1251605600e-12 
3.8500000000e+00 2.1185223970e-12 
3.8490000000e+00 2.1118602790e-12 
3.8480000000e+00 2.1052870450e-12 
3.8470000000e+00 2.0988492980e-12 
3.8460000000e+00 2.0922884040e-12 
3.8450000000e+00 2.0857528710e-12 
3.8440000000e+00 2.0792958520e-12 
3.8430000000e+00 2.0727898210e-12 
3.8420000000e+00 2.0663820600e-12 
3.8410000000e+00 2.0600247490e-12 
3.8400000000e+00 2.0536272440e-12 
3.8390000000e+00 2.0472198360e-12 
3.8380000000e+00 2.0408988180e-12 
3.8370000000e+00 2.0346270170e-12 
3.8360000000e+00 2.0282644980e-12 
3.8350000000e+00 2.0220040500e-12 
3.8340000000e+00 2.0157886580e-12 
3.8330000000e+00 2.0095132670e-12 
3.8320000000e+00 2.0033665950e-12 
3.8310000000e+00 1.9971923640e-12 
3.8300000000e+00 1.9910281320e-12 
3.8290000000e+00 1.9849273710e-12 
3.8280000000e+00 1.9787582950e-12 
3.8270000000e+00 1.9727631740e-12 
3.8260000000e+00 1.9666900920e-12 
3.8250000000e+00 1.9606529240e-12 
3.8240000000e+00 1.9546073480e-12 
3.8230000000e+00 1.9486389610e-12 
3.8220000000e+00 1.9426950120e-12 
3.8210000000e+00 1.9367445650e-12 
3.8200000000e+00 1.9308325520e-12 
3.8190000000e+00 1.9249307700e-12 
3.8180000000e+00 1.9189669810e-12 
3.8170000000e+00 1.9131815950e-12 
3.8160000000e+00 1.9073940090e-12 
3.8150000000e+00 1.9015822500e-12 
3.8140000000e+00 1.8956873940e-12 
3.8130000000e+00 1.8899329450e-12 
3.8120000000e+00 1.8841935660e-12 
3.8110000000e+00 1.8783874020e-12 
3.8100000000e+00 1.8727350270e-12 
3.8090000000e+00 1.8670069040e-12 
3.8080000000e+00 1.8612943130e-12 
3.8070000000e+00 1.8556620060e-12 
3.8060000000e+00 1.8499715080e-12 
3.8050000000e+00 1.8443717350e-12 
3.8040000000e+00 1.8387841410e-12 
3.8030000000e+00 1.8332214970e-12 
3.8020000000e+00 1.8276209420e-12 
3.8010000000e+00 1.8220706190e-12 
3.8000000000e+00 1.8165534070e-12 
3.7990000000e+00 1.8109903350e-12 
3.7980000000e+00 1.8054672860e-12 
3.7970000000e+00 1.8000821120e-12 
3.7960000000e+00 1.7945913790e-12 
3.7950000000e+00 1.7891046970e-12 
3.7940000000e+00 1.7837251350e-12 
3.7930000000e+00 1.7783319410e-12 
3.7920000000e+00 1.7730067890e-12 
3.7910000000e+00 1.7676097410e-12 
3.7900000000e+00 1.7623594600e-12 
3.7890000000e+00 1.7569629270e-12 
3.7880000000e+00 1.7516582600e-12 
3.7870000000e+00 1.7463886530e-12 
3.7860000000e+00 1.7412167700e-12 
3.7850000000e+00 1.7358921840e-12 
3.7840000000e+00 1.7306883040e-12 
3.7830000000e+00 1.7254557960e-12 
3.7820000000e+00 1.7203237400e-12 
3.7810000000e+00 1.7150454710e-12 
3.7800000000e+00 1.7100063370e-12 
3.7790000000e+00 1.7048793570e-12 
3.7780000000e+00 1.6997239660e-12 
3.7770000000e+00 1.6946262290e-12 
3.7760000000e+00 1.6895408270e-12 
3.7750000000e+00 1.6845272920e-12 
3.7740000000e+00 1.6794795220e-12 
3.7730000000e+00 1.6743837370e-12 
3.7720000000e+00 1.6693736120e-12 
3.7710000000e+00 1.6643520160e-12 
3.7700000000e+00 1.6593362820e-12 
3.7690000000e+00 1.6543316550e-12 
3.7680000000e+00 1.6494434060e-12 
3.7670000000e+00 1.6444864840e-12 
3.7660000000e+00 1.6395097670e-12 
3.7650000000e+00 1.6347173680e-12 
3.7640000000e+00 1.6297583930e-12 
3.7630000000e+00 1.6249415030e-12 
3.7620000000e+00 1.6201058770e-12 
3.7610000000e+00 1.6152034770e-12 
3.7600000000e+00 1.6103590010e-12 
3.7590000000e+00 1.6055257300e-12 
3.7580000000e+00 1.6007859470e-12 
3.7570000000e+00 1.5959869230e-12 
3.7560000000e+00 1.5912523110e-12 
3.7550000000e+00 1.5864889580e-12 
3.7540000000e+00 1.5817718520e-12 
3.7530000000e+00 1.5770019930e-12 
3.7520000000e+00 1.5722867400e-12 
3.7510000000e+00 1.5676440600e-12 
3.7500000000e+00 1.5629279300e-12 
3.7490000000e+00 1.5583232280e-12 
3.7480000000e+00 1.5537340700e-12 
3.7470000000e+00 1.5490575080e-12 
3.7460000000e+00 1.5444654340e-12 
3.7450000000e+00 1.5398668020e-12 
3.7440000000e+00 1.5353758660e-12 
3.7430000000e+00 1.5307743620e-12 
3.7420000000e+00 1.5263206620e-12 
3.7410000000e+00 1.5217831350e-12 
3.7400000000e+00 1.5172820920e-12 
3.7390000000e+00 1.5127642740e-12 
3.7380000000e+00 1.5083418440e-12 
3.7370000000e+00 1.5038195170e-12 
3.7360000000e+00 1.4993808880e-12 
3.7350000000e+00 1.4949432490e-12 
3.7340000000e+00 1.4905709330e-12 
3.7330000000e+00 1.4861494850e-12 
3.7320000000e+00 1.4817104450e-12 
3.7310000000e+00 1.4774121380e-12 
3.7300000000e+00 1.4729834570e-12 
3.7290000000e+00 1.4686641840e-12 
3.7280000000e+00 1.4643536480e-12 
3.7270000000e+00 1.4600441220e-12 
3.7260000000e+00 1.4557072060e-12 
3.7250000000e+00 1.4514045150e-12 
3.7240000000e+00 1.4471500480e-12 
3.7230000000e+00 1.4428838610e-12 
3.7220000000e+00 1.4386042880e-12 
3.7210000000e+00 1.4344187200e-12 
3.7200000000e+00 1.4302030450e-12 
3.7190000000e+00 1.4260345690e-12 
3.7180000000e+00 1.4218301680e-12 
3.7170000000e+00 1.4177806210e-12 
3.7160000000e+00 1.4135009190e-12 
3.7150000000e+00 1.4094717900e-12 
3.7140000000e+00 1.4052710380e-12 
3.7130000000e+00 1.4011586600e-12 
3.7120000000e+00 1.3970859910e-12 
3.7110000000e+00 1.3930532450e-12 
3.7100000000e+00 1.3889657840e-12 
3.7090000000e+00 1.3848988240e-12 
3.7080000000e+00 1.3808465210e-12 
3.7070000000e+00 1.3767629260e-12 
3.7060000000e+00 1.3727781670e-12 
3.7050000000e+00 1.3687588180e-12 
3.7040000000e+00 1.3647416410e-12 
3.7030000000e+00 1.3607921860e-12 
3.7020000000e+00 1.3568225210e-12 
3.7010000000e+00 1.3528629360e-12 
3.7000000000e+00 1.3489161480e-12 
3.6990000000e+00 1.3449848730e-12 
3.6980000000e+00 1.3410795580e-12 
3.6970000000e+00 1.3371598930e-12 
3.6960000000e+00 1.3332916740e-12 
3.6950000000e+00 1.3293673360e-12 
3.6940000000e+00 1.3254821250e-12 
3.6930000000e+00 1.3216237190e-12 
3.6920000000e+00 1.3178384890e-12 
3.6910000000e+00 1.3139992380e-12 
3.6900000000e+00 1.3100888980e-12 
3.6890000000e+00 1.3063597210e-12 
3.6880000000e+00 1.3025834400e-12 
3.6870000000e+00 1.2987136860e-12 
3.6860000000e+00 1.2949661690e-12 
3.6850000000e+00 1.2912135940e-12 
3.6840000000e+00 1.2874189380e-12 
3.6830000000e+00 1.2838269920e-12 
3.6820000000e+00 1.2799465070e-12 
3.6810000000e+00 1.2763732390e-12 
3.6800000000e+00 1.2726215450e-12 
3.6790000000e+00 1.2690541900e-12 
3.6780000000e+00 1.2652404960e-12 
3.6770000000e+00 1.2616048780e-12 
3.6760000000e+00 1.2580293310e-12 
3.6750000000e+00 1.2542843110e-12 
3.6740000000e+00 1.2507075580e-12 
3.6730000000e+00 1.2470469710e-12 
3.6720000000e+00 1.2434840560e-12 
3.6710000000e+00 1.2399051870e-12 
3.6700000000e+00 1.2363099260e-12 
3.6690000000e+00 1.2327593900e-12 
3.6680000000e+00 1.2292133900e-12 
3.6670000000e+00 1.2256936510e-12 
3.6660000000e+00 1.2220764490e-12 
3.6650000000e+00 1.2186243270e-12 
3.6640000000e+00 1.2152243950e-12 
3.6630000000e+00 1.2117179170e-12 
3.6620000000e+00 1.2082870230e-12 
3.6610000000e+00 1.2047600300e-12 
3.6600000000e+00 1.2013347330e-12 
3.6590000000e+00 1.1979881600e-12 
3.6580000000e+00 1.1945772400e-12 
3.6570000000e+00 1.1911554420e-12 
3.6560000000e+00 1.1878088030e-12 
3.6550000000e+00 1.1843424710e-12 
3.6540000000e+00 1.1810445040e-12 
3.6530000000e+00 1.1776856010e-12 
3.6520000000e+00 1.1742721780e-12 
3.6510000000e+00 1.1708892450e-12 
3.6500000000e+00 1.1676251540e-12 
3.6490000000e+00 1.1642539140e-12 
3.6480000000e+00 1.1609806320e-12 
3.6470000000e+00 1.1576568070e-12 
3.6460000000e+00 1.1543323590e-12 
3.6450000000e+00 1.1510436310e-12 
3.6440000000e+00 1.1477933410e-12 
3.6430000000e+00 1.1445046280e-12 
3.6420000000e+00 1.1412524780e-12 
3.6410000000e+00 1.1380045160e-12 
3.6400000000e+00 1.1347454970e-12 
3.6390000000e+00 1.1315928040e-12 
3.6380000000e+00 1.1282671850e-12 
3.6370000000e+00 1.1250767140e-12 
3.6360000000e+00 1.1219664610e-12 
3.6350000000e+00 1.1187292380e-12 
3.6340000000e+00 1.1155087460e-12 
3.6330000000e+00 1.1123899950e-12 
3.6320000000e+00 1.1092553940e-12 
3.6310000000e+00 1.1060059440e-12 
3.6300000000e+00 1.1029023160e-12 
3.6290000000e+00 1.0997964740e-12 
3.6280000000e+00 1.0966595500e-12 
3.6270000000e+00 1.0935686090e-12 
3.6260000000e+00 1.0904818800e-12 
3.6250000000e+00 1.0873304370e-12 
3.6240000000e+00 1.0842291580e-12 
3.6230000000e+00 1.0811212330e-12 
3.6220000000e+00 1.0781439170e-12 
3.6210000000e+00 1.0749495290e-12 
3.6200000000e+00 1.0719776260e-12 
3.6190000000e+00 1.0689301590e-12 
3.6180000000e+00 1.0658580920e-12 
3.6170000000e+00 1.0627566210e-12 
3.6160000000e+00 1.0598440910e-12 
3.6150000000e+00 1.0567914660e-12 
3.6140000000e+00 1.0537754310e-12 
3.6130000000e+00 1.0507592220e-12 
3.6120000000e+00 1.0477940310e-12 
3.6110000000e+00 1.0448230490e-12 
3.6100000000e+00 1.0418078450e-12 
3.6090000000e+00 1.0388908600e-12 
3.6080000000e+00 1.0360154760e-12 
3.6070000000e+00 1.0330137910e-12 
3.6060000000e+00 1.0300495560e-12 
3.6050000000e+00 1.0272008900e-12 
3.6040000000e+00 1.0242367870e-12 
3.6030000000e+00 1.0213164050e-12 
3.6020000000e+00 1.0184474730e-12 
3.6010000000e+00 1.0155781430e-12 
3.6000000000e+00 1.0127363630e-12 
3.5990000000e+00 1.0098330530e-12 
3.5980000000e+00 1.0070662170e-12 
3.5970000000e+00 1.0041645420e-12 
3.5960000000e+00 1.0012913600e-12 
3.5950000000e+00 9.9857262470e-13 
3.5940000000e+00 9.9567448510e-13 
3.5930000000e+00 9.9290584800e-13 
3.5920000000e+00 9.9017114960e-13 
3.5910000000e+00 9.8743258650e-13 
3.5900000000e+00 9.8459178420e-13 
3.5890000000e+00 9.8181980460e-13 
3.5880000000e+00 9.7904103990e-13 
3.5870000000e+00 9.7626426340e-13 
3.5860000000e+00 9.7353646060e-13 
3.5850000000e+00 9.7083591650e-13 
3.5840000000e+00 9.6824973390e-13 
3.5830000000e+00 9.6543641970e-13 
3.5820000000e+00 9.6274958420e-13 
3.5810000000e+00 9.6004030750e-13 
3.5800000000e+00 9.5740258030e-13 
3.5790000000e+00 9.5477290850e-13 
3.5780000000e+00 9.5210116560e-13 
3.5770000000e+00 9.4935644060e-13 
3.5760000000e+00 9.4665757900e-13 
3.5750000000e+00 9.4407037470e-13 
3.5740000000e+00 9.4149520000e-13 
3.5730000000e+00 9.3874345030e-13 
3.5720000000e+00 9.3612424780e-13 
3.5710000000e+00 9.3346209830e-13 
3.5700000000e+00 9.3092893430e-13 
3.5690000000e+00 9.2820991160e-13 
3.5680000000e+00 9.2574584370e-13 
3.5670000000e+00 9.2311071620e-13 
3.5660000000e+00 9.2049787640e-13 
3.5650000000e+00 9.1804015250e-13 
3.5640000000e+00 9.1540043660e-13 
3.5630000000e+00 9.1290121830e-13 
3.5620000000e+00 9.1026261860e-13 
3.5610000000e+00 9.0777057560e-13 
3.5600000000e+00 9.0513643820e-13 
3.5590000000e+00 9.0268102480e-13 
3.5580000000e+00 9.0010273610e-13 
3.5570000000e+00 8.9770217200e-13 
3.5560000000e+00 8.9516621460e-13 
3.5550000000e+00 8.9258378310e-13 
3.5540000000e+00 8.9013602000e-13 
3.5530000000e+00 8.8756022020e-13 
3.5520000000e+00 8.8515668660e-13 
3.5510000000e+00 8.8262297760e-13 
3.5500000000e+00 8.8020270390e-13 
3.5490000000e+00 8.7777106550e-13 
3.5480000000e+00 8.7532769540e-13 
3.5470000000e+00 8.7293734260e-13 
3.5460000000e+00 8.7040200330e-13 
3.5450000000e+00 8.6801262840e-13 
3.5440000000e+00 8.6563199440e-13 
3.5430000000e+00 8.6321206310e-13 
3.5420000000e+00 8.6083262210e-13 
3.5410000000e+00 8.5841374160e-13 
3.5400000000e+00 8.5607901590e-13 
3.5390000000e+00 8.5370604160e-13 
3.5380000000e+00 8.5125367330e-13 
3.5370000000e+00 8.4896127170e-13 
3.5360000000e+00 8.4657047110e-13 
3.5350000000e+00 8.4425066220e-13 
3.5340000000e+00 8.4188341940e-13 
3.5330000000e+00 8.3954644140e-13 
3.5320000000e+00 8.3718876600e-13 
3.5310000000e+00 8.3490480130e-13 
3.5300000000e+00 8.3257653910e-13 
3.5290000000e+00 8.3028690010e-13 
3.5280000000e+00 8.2796779480e-13 
3.5270000000e+00 8.2565306040e-13 
3.5260000000e+00 8.2332264670e-13 
3.5250000000e+00 8.2111461460e-13 
3.5240000000e+00 8.1871921760e-13 
3.5230000000e+00 8.1647983130e-13 
3.5220000000e+00 8.1428011860e-13 
3.5210000000e+00 8.1202110980e-13 
3.5200000000e+00 8.0971688880e-13 
3.5190000000e+00 8.0744879540e-13 
3.5180000000e+00 8.0527802810e-13 
3.5170000000e+00 8.0298444360e-13 
3.5160000000e+00 8.0080907340e-13 
3.5150000000e+00 7.9853386280e-13 
3.5140000000e+00 7.9636934910e-13 
3.5130000000e+00 7.9407304030e-13 
3.5120000000e+00 7.9189244280e-13 
3.5110000000e+00 7.8971123360e-13 
3.5100000000e+00 7.8747704450e-13 
3.5090000000e+00 7.8533266840e-13 
3.5080000000e+00 7.8309423960e-13 
3.5070000000e+00 7.8093405050e-13 
3.5060000000e+00 7.7878472100e-13 
3.5050000000e+00 7.7664060930e-13 
3.5040000000e+00 7.7452751420e-13 
3.5030000000e+00 7.7235050910e-13 
3.5020000000e+00 7.7022906590e-13 
3.5010000000e+00 7.6807692400e-13 
3.5000000000e+00 7.6593335080e-13 
3.4990000000e+00 7.6375093120e-13 
3.4980000000e+00 7.6167785660e-13 
3.4970000000e+00 7.5958666980e-13 
3.4960000000e+00 7.5743219300e-13 
3.4950000000e+00 7.5534060630e-13 
3.4940000000e+00 7.5329644580e-13 
3.4930000000e+00 7.5115161450e-13 
3.4920000000e+00 7.4907026370e-13 
3.4910000000e+00 7.4694087290e-13 
3.4900000000e+00 7.4499613250e-13 
3.4890000000e+00 7.4290123230e-13 
3.4880000000e+00 7.4077982130e-13 
3.4870000000e+00 7.3875433110e-13 
3.4860000000e+00 7.3670611330e-13 
3.4850000000e+00 7.3459629790e-13 
3.4840000000e+00 7.3262727480e-13 
3.4830000000e+00 7.3057655840e-13 
3.4820000000e+00 7.2850309890e-13 
3.4810000000e+00 7.2647606780e-13 
3.4800000000e+00 7.2453662550e-13 
3.4790000000e+00 7.2238626160e-13 
3.4780000000e+00 7.2038363840e-13 
3.4770000000e+00 7.1848492780e-13 
3.4760000000e+00 7.1638204160e-13 
3.4750000000e+00 7.1444210650e-13 
3.4740000000e+00 7.1239839890e-13 
3.4730000000e+00 7.1046228980e-13 
3.4720000000e+00 7.0843452260e-13 
3.4710000000e+00 7.0644770250e-13 
3.4700000000e+00 7.0447282490e-13 
3.4690000000e+00 7.0247814040e-13 
3.4680000000e+00 7.0058687090e-13 
3.4670000000e+00 6.9855589730e-13 
3.4660000000e+00 6.9666156010e-13 
3.4650000000e+00 6.9479357940e-13 
3.4640000000e+00 6.9282120590e-13 
3.4630000000e+00 6.9085388560e-13 
3.4620000000e+00 6.8892127790e-13 
3.4610000000e+00 6.8695717310e-13 
3.4600000000e+00 6.8504490890e-13 
3.4590000000e+00 6.8321414480e-13 
3.4580000000e+00 6.8126980100e-13 
3.4570000000e+00 6.7937384280e-13 
3.4560000000e+00 6.7750498220e-13 
3.4550000000e+00 6.7556536790e-13 
3.4540000000e+00 6.7367383690e-13 
3.4530000000e+00 6.7185524890e-13 
3.4520000000e+00 6.6994439260e-13 
3.4510000000e+00 6.6802105520e-13 
3.4500000000e+00 6.6614184400e-13 
3.4490000000e+00 6.6434842580e-13 
3.4480000000e+00 6.6238170310e-13 
3.4470000000e+00 6.6061395800e-13 
3.4460000000e+00 6.5881765630e-13 
3.4450000000e+00 6.5687321260e-13 
3.4440000000e+00 6.5503584910e-13 
3.4430000000e+00 6.5318558670e-13 
3.4420000000e+00 6.5142978430e-13 
3.4410000000e+00 6.4963644000e-13 
3.4400000000e+00 6.4769924200e-13 
3.4390000000e+00 6.4595947680e-13 
3.4380000000e+00 6.4410865060e-13 
3.4370000000e+00 6.4232095780e-13 
3.4360000000e+00 6.4052078950e-13 
3.4350000000e+00 6.3871524570e-13 
3.4340000000e+00 6.3698263460e-13 
3.4330000000e+00 6.3511557280e-13 
3.4320000000e+00 6.3335424840e-13 
3.4310000000e+00 6.3153891400e-13 
3.4300000000e+00 6.2985295460e-13 
3.4290000000e+00 6.2800790140e-13 
3.4280000000e+00 6.2626274810e-13 
3.4270000000e+00 6.2460747360e-13 
3.4260000000e+00 6.2275891840e-13 
3.4250000000e+00 6.2104013300e-13 
3.4240000000e+00 6.1927400020e-13 
3.4230000000e+00 6.1750271110e-13 
3.4220000000e+00 6.1581837600e-13 
3.4210000000e+00 6.1406789700e-13 
3.4200000000e+00 6.1235053210e-13 
3.4190000000e+00 6.1056644000e-13 
3.4180000000e+00 6.0894949700e-13 
3.4170000000e+00 6.0720709850e-13 
3.4160000000e+00 6.0550571060e-13 
3.4150000000e+00 6.0389149320e-13 
3.4140000000e+00 6.0216456880e-13 
3.4130000000e+00 6.0039372310e-13 
3.4120000000e+00 5.9869208760e-13 
3.4110000000e+00 5.9708618860e-13 
3.4100000000e+00 5.9537800730e-13 
3.4090000000e+00 5.9364053440e-13 
3.4080000000e+00 5.9209719400e-13 
3.4070000000e+00 5.9031332170e-13 
3.4060000000e+00 5.8867657510e-13 
3.4050000000e+00 5.8703612800e-13 
3.4040000000e+00 5.8543732880e-13 
3.4030000000e+00 5.8380937320e-13 
3.4020000000e+00 5.8210840230e-13 
3.4010000000e+00 5.8048208430e-13 
3.4000000000e+00 5.7882744890e-13 
3.3990000000e+00 5.7715953470e-13 
3.3980000000e+00 5.7565337130e-13 
3.3970000000e+00 5.7392569120e-13 
3.3960000000e+00 5.7231109720e-13 
3.3950000000e+00 5.7070996080e-13 
3.3940000000e+00 5.6916154920e-13 
3.3930000000e+00 5.6746827600e-13 
3.3920000000e+00 5.6588391310e-13 
3.3910000000e+00 5.6442558810e-13 
3.3900000000e+00 5.6276767960e-13 
3.3890000000e+00 5.6114098460e-13 
3.3880000000e+00 5.5957474480e-13 
3.3870000000e+00 5.5803619420e-13 
3.3860000000e+00 5.5639250660e-13 
3.3850000000e+00 5.5485872860e-13 
3.3840000000e+00 5.5333678760e-13 
3.3830000000e+00 5.5176397260e-13 
3.3820000000e+00 5.5014237330e-13 
3.3810000000e+00 5.4858309940e-13 
3.3800000000e+00 5.4720708290e-13 
3.3790000000e+00 5.4548847280e-13 
3.3780000000e+00 5.4396797950e-13 
3.3770000000e+00 5.4245509920e-13 
3.3760000000e+00 5.4094419300e-13 
3.3750000000e+00 5.3932289160e-13 
3.3740000000e+00 5.3789530370e-13 
3.3730000000e+00 5.3634520740e-13 
3.3720000000e+00 5.3480356160e-13 
3.3710000000e+00 5.3327245560e-13 
3.3700000000e+00 5.3182206860e-13 
3.3690000000e+00 5.3037386750e-13 
3.3680000000e+00 5.2886332990e-13 
3.3670000000e+00 5.2729721460e-13 
3.3660000000e+00 5.2587301920e-13 
3.3650000000e+00 5.2432235190e-13 
3.3640000000e+00 5.2286577520e-13 
3.3630000000e+00 5.2142453800e-13 
3.3620000000e+00 5.1987583240e-13 
3.3610000000e+00 5.1841620630e-13 
3.3600000000e+00 5.1697401950e-13 
3.3590000000e+00 5.1550332190e-13 
3.3580000000e+00 5.1404714020e-13 
3.3570000000e+00 5.1255116980e-13 
3.3560000000e+00 5.1122616150e-13 
3.3550000000e+00 5.0971784100e-13 
3.3540000000e+00 5.0822120270e-13 
3.3530000000e+00 5.0687755700e-13 
3.3520000000e+00 5.0537067890e-13 
3.3510000000e+00 5.0393470010e-13 
3.3500000000e+00 5.0252806730e-13 
3.3490000000e+00 5.0105261410e-13 
3.3480000000e+00 4.9960984950e-13 
3.3470000000e+00 4.9817638120e-13 
3.3460000000e+00 4.9686165480e-13 
3.3450000000e+00 4.9538579120e-13 
3.3440000000e+00 4.9398627080e-13 
3.3430000000e+00 4.9255929930e-13 
3.3420000000e+00 4.9124133960e-13 
3.3410000000e+00 4.8979507470e-13 
3.3400000000e+00 4.8837840260e-13 
3.3390000000e+00 4.8705875530e-13 
3.3380000000e+00 4.8568178150e-13 
3.3370000000e+00 4.8420410920e-13 
3.3360000000e+00 4.8299306700e-13 
3.3350000000e+00 4.8153150020e-13 
3.3340000000e+00 4.8005292080e-13 
3.3330000000e+00 4.7876414020e-13 
3.3320000000e+00 4.7748324980e-13 
3.3310000000e+00 4.7604290250e-13 
3.3300000000e+00 4.7466616760e-13 
3.3290000000e+00 4.7329560760e-13 
3.3280000000e+00 4.7197487570e-13 
3.3270000000e+00 4.7061311580e-13 
3.3260000000e+00 4.6928719080e-13 
3.3250000000e+00 4.6799167070e-13 
3.3240000000e+00 4.6664008540e-13 
3.3230000000e+00 4.6526752470e-13 
3.3220000000e+00 4.6390072690e-13 
3.3210000000e+00 4.6260945280e-13 
3.3200000000e+00 4.6131161610e-13 
3.3190000000e+00 4.6002580620e-13 
3.3180000000e+00 4.5865009700e-13 
3.3170000000e+00 4.5731878160e-13 
3.3160000000e+00 4.5604879400e-13 
3.3150000000e+00 4.5483019590e-13 
3.3140000000e+00 4.5344071950e-13 
3.3130000000e+00 4.5213470030e-13 
3.3120000000e+00 4.5092905680e-13 
3.3110000000e+00 4.4957001750e-13 
3.3100000000e+00 4.4827751810e-13 
3.3090000000e+00 4.4694002530e-13 
3.3080000000e+00 4.4574259410e-13 
3.3070000000e+00 4.4444294110e-13 
3.3060000000e+00 4.4311479610e-13 
3.3050000000e+00 4.4191710620e-13 
3.3040000000e+00 4.4060842320e-13 
3.3030000000e+00 4.3933035840e-13 
3.3020000000e+00 4.3805534190e-13 
3.3010000000e+00 4.3681537450e-13 
3.3000000000e+00 4.3566764520e-13 
3.2990000000e+00 4.3431806960e-13 
3.2980000000e+00 4.3309623760e-13 
3.2970000000e+00 4.3189458390e-13 
3.2960000000e+00 4.3063290440e-13 
3.2950000000e+00 4.2938036330e-13 
3.2940000000e+00 4.2818164920e-13 
3.2930000000e+00 4.2689701180e-13 
3.2920000000e+00 4.2569730320e-13 
3.2910000000e+00 4.2454430150e-13 
3.2900000000e+00 4.2322245790e-13 
3.2890000000e+00 4.2201311450e-13 
3.2880000000e+00 4.2090185990e-13 
3.2870000000e+00 4.1960630830e-13 
3.2860000000e+00 4.1840738430e-13 
3.2850000000e+00 4.1717204070e-13 
3.2840000000e+00 4.1598900540e-13 
3.2830000000e+00 4.1488499880e-13 
3.2820000000e+00 4.1360652030e-13 
3.2810000000e+00 4.1244201350e-13 
3.2800000000e+00 4.1121895560e-13 
3.2790000000e+00 4.1010924340e-13 
3.2780000000e+00 4.0888918250e-13 
3.2770000000e+00 4.0772983390e-13 
3.2760000000e+00 4.0663746390e-13 
3.2750000000e+00 4.0537166880e-13 
3.2740000000e+00 4.0422674030e-13 
3.2730000000e+00 4.0303642170e-13 
3.2720000000e+00 4.0188112670e-13 
3.2710000000e+00 4.0091583360e-13 
3.2700000000e+00 3.9955780350e-13 
3.2690000000e+00 3.9848501670e-13 
3.2680000000e+00 3.9737949480e-13 
3.2670000000e+00 3.9628045830e-13 
3.2660000000e+00 3.9508006670e-13 
3.2650000000e+00 3.9394562150e-13 
3.2640000000e+00 3.9280443750e-13 
3.2630000000e+00 3.9165004030e-13 
3.2620000000e+00 3.9059730600e-13 
3.2610000000e+00 3.8943319180e-13 
3.2600000000e+00 3.8841773550e-13 
3.2590000000e+00 3.8725748160e-13 
3.2580000000e+00 3.8611346550e-13 
3.2570000000e+00 3.8502516290e-13 
3.2560000000e+00 3.8391926240e-13 
3.2550000000e+00 3.8286928450e-13 
3.2540000000e+00 3.8167242140e-13 
3.2530000000e+00 3.8062547100e-13 
3.2520000000e+00 3.7956844260e-13 
3.2510000000e+00 3.7841706600e-13 
3.2500000000e+00 3.7739641870e-13 
3.2490000000e+00 3.7626409450e-13 
3.2480000000e+00 3.7530093820e-13 
3.2470000000e+00 3.7415707340e-13 
3.2460000000e+00 3.7307875250e-13 
3.2450000000e+00 3.7204405500e-13 
3.2440000000e+00 3.7094838690e-13 
3.2430000000e+00 3.6994065130e-13 
3.2420000000e+00 3.6886877590e-13 
3.2410000000e+00 3.6772501260e-13 
3.2400000000e+00 3.6672219500e-13 
3.2390000000e+00 3.6572936550e-13 
3.2380000000e+00 3.6469514330e-13 
3.2370000000e+00 3.6360845890e-13 
3.2360000000e+00 3.6252946540e-13 
3.2350000000e+00 3.6152855080e-13 
3.2340000000e+00 3.6047057920e-13 
3.2330000000e+00 3.5943784380e-13 
3.2320000000e+00 3.5840757840e-13 
3.2310000000e+00 3.5742640250e-13 
3.2300000000e+00 3.5633089590e-13 
3.2290000000e+00 3.5537592210e-13 
3.2280000000e+00 3.5437371130e-13 
3.2270000000e+00 3.5326661660e-13 
3.2260000000e+00 3.5228491290e-13 
3.2250000000e+00 3.5130969500e-13 
3.2240000000e+00 3.5040003350e-13 
3.2230000000e+00 3.4927959940e-13 
3.2220000000e+00 3.4825646930e-13 
3.2210000000e+00 3.4729618060e-13 
3.2200000000e+00 3.4623226750e-13 
3.2190000000e+00 3.4523579090e-13 
3.2180000000e+00 3.4427291490e-13 
3.2170000000e+00 3.4335533580e-13 
3.2160000000e+00 3.4227502380e-13 
3.2150000000e+00 3.4126151160e-13 
3.2140000000e+00 3.4035436240e-13 
3.2130000000e+00 3.3939057870e-13 
3.2120000000e+00 3.3832446240e-13 
3.2110000000e+00 3.3733980630e-13 
3.2100000000e+00 3.3643198200e-13 
3.2090000000e+00 3.3543911880e-13 
3.2080000000e+00 3.3444163010e-13 
3.2070000000e+00 3.3358363330e-13 
3.2060000000e+00 3.3252697520e-13 
3.2050000000e+00 3.3158307440e-13 
3.2040000000e+00 3.3070702500e-13 
3.2030000000e+00 3.2969393000e-13 
3.2020000000e+00 3.2871923670e-13 
3.2010000000e+00 3.2778440720e-13 
3.2000000000e+00 3.2689654310e-13 
3.1990000000e+00 3.2586829210e-13 
3.1980000000e+00 3.2494632450e-13 
3.1970000000e+00 3.2406777080e-13 
3.1960000000e+00 3.2304507110e-13 
3.1950000000e+00 3.2211152810e-13 
3.1940000000e+00 3.2120343810e-13 
3.1930000000e+00 3.2038701170e-13 
3.1920000000e+00 3.1940388240e-13 
3.1910000000e+00 3.1841884520e-13 
3.1900000000e+00 3.1758437210e-13 
3.1890000000e+00 3.1663311530e-13 
3.1880000000e+00 3.1566429270e-13 
3.1870000000e+00 3.1472953290e-13 
3.1860000000e+00 3.1387181770e-13 
3.1850000000e+00 3.1298755000e-13 
3.1840000000e+00 3.1198754300e-13 
3.1830000000e+00 3.1117255270e-13 
3.1820000000e+00 3.1019460610e-13 
3.1810000000e+00 3.0927531290e-13 
3.1800000000e+00 3.0846105470e-13 
3.1790000000e+00 3.0753941570e-13 
3.1780000000e+00 3.0655821330e-13 
3.1770000000e+00 3.0566220240e-13 
3.1760000000e+00 3.0489607720e-13 
3.1750000000e+00 3.0395196810e-13 
3.1740000000e+00 3.0303834900e-13 
3.1730000000e+00 3.0227261020e-13 
3.1720000000e+00 3.0134142810e-13 
3.1710000000e+00 3.0043631930e-13 
3.1700000000e+00 2.9958173230e-13 
3.1690000000e+00 2.9874717550e-13 
3.1680000000e+00 2.9788398320e-13 
3.1670000000e+00 2.9697162360e-13 
3.1660000000e+00 2.9614936780e-13 
3.1650000000e+00 2.9526569040e-13 
3.1640000000e+00 2.9439890190e-13 
3.1630000000e+00 2.9355256790e-13 
3.1620000000e+00 2.9263562280e-13 
3.1610000000e+00 2.9187384200e-13 
3.1600000000e+00 2.9099987910e-13 
3.1590000000e+00 2.9011608580e-13 
3.1580000000e+00 2.8930955910e-13 
3.1570000000e+00 2.8848150550e-13 
3.1560000000e+00 2.8767328060e-13 
3.1550000000e+00 2.8675517870e-13 
3.1540000000e+00 2.8595674320e-13 
3.1530000000e+00 2.8512947070e-13 
3.1520000000e+00 2.8430636190e-13 
3.1510000000e+00 2.8346235310e-13 
3.1500000000e+00 2.8262000180e-13 
3.1490000000e+00 2.8185533500e-13 
3.1480000000e+00 2.8095614550e-13 
3.1470000000e+00 2.8016136600e-13 
3.1460000000e+00 2.7935862730e-13 
3.1450000000e+00 2.7854458840e-13 
3.1440000000e+00 2.7785752790e-13 
3.1430000000e+00 2.7692775380e-13 
3.1420000000e+00 2.7613164190e-13 
3.1410000000e+00 2.7533426500e-13 
3.1400000000e+00 2.7451912280e-13 
3.1390000000e+00 2.7362021390e-13 
3.1380000000e+00 2.7286896130e-13 
3.1370000000e+00 2.7215111560e-13 
3.1360000000e+00 2.7129519830e-13 
3.1350000000e+00 2.7056563310e-13 
3.1340000000e+00 2.6975292810e-13 
3.1330000000e+00 2.6896026290e-13 
3.1320000000e+00 2.6815964960e-13 
3.1310000000e+00 2.6736132260e-13 
3.1300000000e+00 2.6660454600e-13 
3.1290000000e+00 2.6587865830e-13 
3.1280000000e+00 2.6510889560e-13 
3.1270000000e+00 2.6439259230e-13 
3.1260000000e+00 2.6352192740e-13 
3.1250000000e+00 2.6277552740e-13 
3.1240000000e+00 2.6203225050e-13 
3.1230000000e+00 2.6124405770e-13 
3.1220000000e+00 2.6045418390e-13 
3.1210000000e+00 2.5972111180e-13 
3.1200000000e+00 2.5893226230e-13 
3.1190000000e+00 2.5811228140e-13 
3.1180000000e+00 2.5747212420e-13 
3.1170000000e+00 2.5666443760e-13 
3.1160000000e+00 2.5601255530e-13 
3.1150000000e+00 2.5522197790e-13 
3.1140000000e+00 2.5438356180e-13 
3.1130000000e+00 2.5366919950e-13 
3.1120000000e+00 2.5291396400e-13 
3.1110000000e+00 2.5223442050e-13 
3.1100000000e+00 2.5150269750e-13 
3.1090000000e+00 2.5071418880e-13 
3.1080000000e+00 2.4995073910e-13 
3.1070000000e+00 2.4920774200e-13 
3.1060000000e+00 2.4848144780e-13 
3.1050000000e+00 2.4779775800e-13 
3.1040000000e+00 2.4708628510e-13 
3.1030000000e+00 2.4635496610e-13 
3.1020000000e+00 2.4559607290e-13 
3.1010000000e+00 2.4486015130e-13 
3.1000000000e+00 2.4415075190e-13 
3.0990000000e+00 2.4341106360e-13 
3.0980000000e+00 2.4270165730e-13 
3.0970000000e+00 2.4205407760e-13 
3.0960000000e+00 2.4135243770e-13 
3.0950000000e+00 2.4065852330e-13 
3.0940000000e+00 2.3990967480e-13 
3.0930000000e+00 2.3916315190e-13 
3.0920000000e+00 2.3844993720e-13 
3.0910000000e+00 2.3778791810e-13 
3.0900000000e+00 2.3706407390e-13 
3.0890000000e+00 2.3638638820e-13 
3.0880000000e+00 2.3563163080e-13 
3.0870000000e+00 2.3491969380e-13 
3.0860000000e+00 2.3422618390e-13 
3.0850000000e+00 2.3358593510e-13 
3.0840000000e+00 2.3297357080e-13 
3.0830000000e+00 2.3219886070e-13 
3.0820000000e+00 2.3156638530e-13 
3.0810000000e+00 2.3084930740e-13 
3.0800000000e+00 2.3018381490e-13 
3.0790000000e+00 2.2947927580e-13 
3.0780000000e+00 2.2875660600e-13 
3.0770000000e+00 2.2810827990e-13 
3.0760000000e+00 2.2736383080e-13 
3.0750000000e+00 2.2677254060e-13 
3.0740000000e+00 2.2608393290e-13 
3.0730000000e+00 2.2548180290e-13 
3.0720000000e+00 2.2480407100e-13 
3.0710000000e+00 2.2412864420e-13 
3.0700000000e+00 2.2344361710e-13 
3.0690000000e+00 2.2269113410e-13 
3.0680000000e+00 2.2214815100e-13 
3.0670000000e+00 2.2140424700e-13 
3.0660000000e+00 2.2079151850e-13 
3.0650000000e+00 2.2029576260e-13 
3.0640000000e+00 2.1953770050e-13 
3.0630000000e+00 2.1877172650e-13 
3.0620000000e+00 2.1821086690e-13 
3.0610000000e+00 2.1752824730e-13 
3.0600000000e+00 2.1695862060e-13 
3.0590000000e+00 2.1628644580e-13 
3.0580000000e+00 2.1560300130e-13 
3.0570000000e+00 2.1495157870e-13 
3.0560000000e+00 2.1437558850e-13 
3.0550000000e+00 2.1376138420e-13 
3.0540000000e+00 2.1306071800e-13 
3.0530000000e+00 2.1244506850e-13 
3.0520000000e+00 2.1185970880e-13 
3.0510000000e+00 2.1114318460e-13 
3.0500000000e+00 2.1060357880e-13 
3.0490000000e+00 2.0992926390e-13 
3.0480000000e+00 2.0925328750e-13 
3.0470000000e+00 2.0869992460e-13 
3.0460000000e+00 2.0803921440e-13 
3.0450000000e+00 2.0749025690e-13 
3.0440000000e+00 2.0675959620e-13 
3.0430000000e+00 2.0619290470e-13 
3.0420000000e+00 2.0558424120e-13 
3.0410000000e+00 2.0506143150e-13 
3.0400000000e+00 2.0441728070e-13 
3.0390000000e+00 2.0376374110e-13 
3.0380000000e+00 2.0324806350e-13 
3.0370000000e+00 2.0254379230e-13 
3.0360000000e+00 2.0192662850e-13 
3.0350000000e+00 2.0132326050e-13 
3.0340000000e+00 2.0070110540e-13 
3.0330000000e+00 2.0021681230e-13 
3.0320000000e+00 1.9947854980e-13 
3.0310000000e+00 1.9892848610e-13 
3.0300000000e+00 1.9832872340e-13 
3.0290000000e+00 1.9783716440e-13 
3.0280000000e+00 1.9721027190e-13 
3.0270000000e+00 1.9670536840e-13 
3.0260000000e+00 1.9603192210e-13 
3.0250000000e+00 1.9544710440e-13 
3.0240000000e+00 1.9486527370e-13 
3.0230000000e+00 1.9431604040e-13 
3.0220000000e+00 1.9360202010e-13 
3.0210000000e+00 1.9310188460e-13 
3.0200000000e+00 1.9246370380e-13 
3.0190000000e+00 1.9191806570e-13 
3.0180000000e+00 1.9137181640e-13 
3.0170000000e+00 1.9075859580e-13 
3.0160000000e+00 1.9024194410e-13 
3.0150000000e+00 1.8959998190e-13 
3.0140000000e+00 1.8901525620e-13 
3.0130000000e+00 1.8852515600e-13 
3.0120000000e+00 1.8799433660e-13 
3.0110000000e+00 1.8740420910e-13 
3.0100000000e+00 1.8683372470e-13 
3.0090000000e+00 1.8628747870e-13 
3.0080000000e+00 1.8563910750e-13 
3.0070000000e+00 1.8516264270e-13 
3.0060000000e+00 1.8455439410e-13 
3.0050000000e+00 1.8397560600e-13 
3.0040000000e+00 1.8348204230e-13 
3.0030000000e+00 1.8287843210e-13 
3.0020000000e+00 1.8232623280e-13 
3.0010000000e+00 1.8186761730e-13 
3.0000000000e+00 1.8134405650e-13 
2.9500000000e+00 1.5600205670e-13 
2.9000000000e+00 1.3436187610e-13 
2.8500000000e+00 1.1573604740e-13 
2.8000000000e+00 9.9649424950e-14 
2.7500000000e+00 8.5663263940e-14 
2.7000000000e+00 7.3285011560e-14 
2.6500000000e+00 6.2448220190e-14 
2.6000000000e+00 5.3223503980e-14 
2.5500000000e+00 4.5263358760e-14 
2.5000000000e+00 3.8362619990e-14 
2.4500000000e+00 3.2527666760e-14 
2.4000000000e+00 2.7539364170e-14 
2.3500000000e+00 2.3391071630e-14 
2.3000000000e+00 2.0104705760e-14 
2.2500000000e+00 1.7511845170e-14 
2.2000000000e+00 1.5421785140e-14 
2.1500000000e+00 1.3654386100e-14 
2.1000000000e+00 1.2171974950e-14 
2.0500000000e+00 1.0967849240e-14 
2.0000000000e+00 1.0029289860e-14 
1.9500000000e+00 9.1287271700e-15 
1.9000000000e+00 8.3849056350e-15 
1.8500000000e+00 7.7922841900e-15 
1.8000000000e+00 7.1671673140e-15 
1.7500000000e+00 6.7755161550e-15 
1.7000000000e+00 6.2198790720e-15 
1.6500000000e+00 5.7169352740e-15 
1.6000000000e+00 5.3459273110e-15 
1.5500000000e+00 5.0318473560e-15 
1.5000000000e+00 4.7147172710e-15 
1.4500000000e+00 4.2829240310e-15 
1.4000000000e+00 3.9923613830e-15 
1.3500000000e+00 3.7052597970e-15 
1.3000000000e+00 3.4544368540e-15 
1.2500000000e+00 3.3015465460e-15 
1.2000000000e+00 2.9932315320e-15 
1.1500000000e+00 2.7052782650e-15 
1.1000000000e+00 2.5197623670e-15 
1.0500000000e+00 2.3714120580e-15 
1.0000000000e+00 2.1958106060e-15 
9.5000000000e-01 2.0450169850e-15 
9.0000000000e-01 1.7498659630e-15 
8.5000000000e-01 1.5649045710e-15 
8.0000000000e-01 1.4929850990e-15 
7.5000000000e-01 1.4143513950e-15 
7.0000000000e-01 1.2891403410e-15 
6.5000000000e-01 1.0939454370e-15 
6.0000000000e-01 1.0079208620e-15 
5.5000000000e-01 8.5704916870e-16 
5.0000000000e-01 7.2550836820e-16 
4.5000000000e-01 7.3375184490e-16 
4.0000000000e-01 5.7931274610e-16 
3.5000000000e-01 4.6346946990e-16 
3.0000000000e-01 3.9358355280e-16 
2.5000000000e-01 2.9687388210e-16 
2.0000000000e-01 3.1152289210e-16 
1.5000000000e-01 2.4521196650e-16 
1.0000000000e-01 1.8750580740e-16 
5.0000000000e-02 9.9228092510e-17 
0.0000000000e+00 -1.4210642520e-17 
