EXPORTED XY-GRAPH DATA
1540 2 2
Drain Voltage
Drain Current
0.0000000000e+00 9.6016669920e-18 
5.0000000000e-02 9.9847651100e-17 
1.0000000000e-01 1.5788641990e-16 
1.5000000000e-01 2.4966865400e-16 
2.0000000000e-01 3.2146554560e-16 
2.5000000000e-01 3.2206044360e-16 
3.0000000000e-01 4.2086508350e-16 
3.5000000000e-01 5.0041629860e-16 
4.0000000000e-01 5.7959252800e-16 
4.5000000000e-01 7.0613966990e-16 
5.0000000000e-01 7.5950937560e-16 
5.5000000000e-01 8.8566523320e-16 
6.0000000000e-01 1.0188634820e-15 
6.5000000000e-01 1.1004501230e-15 
7.0000000000e-01 1.2174486020e-15 
7.5000000000e-01 1.3944245770e-15 
8.0000000000e-01 1.5238749880e-15 
8.5000000000e-01 1.6869829180e-15 
9.0000000000e-01 1.8719710940e-15 
9.5000000000e-01 1.9991083490e-15 
1.0000000000e+00 2.1692587590e-15 
1.0500000000e+00 2.3762085170e-15 
1.1000000000e+00 2.5042105170e-15 
1.1500000000e+00 2.6982945500e-15 
1.2000000000e+00 2.8437471500e-15 
1.2500000000e+00 3.1385144280e-15 
1.3000000000e+00 3.3204974440e-15 
1.3500000000e+00 3.5996999620e-15 
1.4000000000e+00 3.8545315470e-15 
1.4500000000e+00 4.1587715220e-15 
1.5000000000e+00 4.5163767950e-15 
1.5500000000e+00 4.7791980510e-15 
1.6000000000e+00 5.1886651770e-15 
1.6500000000e+00 5.6017211210e-15 
1.7000000000e+00 6.0943886180e-15 
1.7500000000e+00 6.6797099720e-15 
1.8000000000e+00 7.1952834140e-15 
1.8500000000e+00 7.9771861520e-15 
1.9000000000e+00 8.7452736370e-15 
1.9500000000e+00 9.6539662200e-15 
2.0000000000e+00 1.0829247820e-14 
2.0500000000e+00 1.2254083680e-14 
2.1000000000e+00 1.4078105320e-14 
2.1500000000e+00 1.6297734040e-14 
2.2000000000e+00 1.9188231430e-14 
2.2500000000e+00 2.2576696110e-14 
2.3000000000e+00 2.6836867950e-14 
2.3500000000e+00 3.1829309820e-14 
2.4000000000e+00 3.7824169850e-14 
2.4500000000e+00 4.4764436670e-14 
2.5000000000e+00 5.2992098400e-14 
2.5500000000e+00 6.2595204560e-14 
2.6000000000e+00 7.3685829090e-14 
2.6500000000e+00 8.6629890920e-14 
2.7000000000e+00 1.0158696830e-13 
2.7500000000e+00 1.1871350450e-13 
2.8000000000e+00 1.3804100560e-13 
2.8500000000e+00 1.6006424390e-13 
2.9000000000e+00 1.8508352800e-13 
2.9500000000e+00 2.1396938670e-13 
3.0000000000e+00 2.4723633060e-13 
3.0010000000e+00 2.4784611870e-13 
3.0020000000e+00 2.4855518180e-13 
3.0030000000e+00 2.4930036570e-13 
3.0040000000e+00 2.5003263770e-13 
3.0050000000e+00 2.5074113670e-13 
3.0060000000e+00 2.5146512920e-13 
3.0070000000e+00 2.5223388740e-13 
3.0080000000e+00 2.5292464410e-13 
3.0090000000e+00 2.5370065310e-13 
3.0100000000e+00 2.5438375210e-13 
3.0110000000e+00 2.5509842460e-13 
3.0120000000e+00 2.5583134140e-13 
3.0130000000e+00 2.5661403650e-13 
3.0140000000e+00 2.5733389550e-13 
3.0150000000e+00 2.5809702170e-13 
3.0160000000e+00 2.5885119850e-13 
3.0170000000e+00 2.5953522780e-13 
3.0180000000e+00 2.6033834170e-13 
3.0190000000e+00 2.6109326860e-13 
3.0200000000e+00 2.6183341960e-13 
3.0210000000e+00 2.6259720220e-13 
3.0220000000e+00 2.6334012780e-13 
3.0230000000e+00 2.6409143730e-13 
3.0240000000e+00 2.6487682050e-13 
3.0250000000e+00 2.6565659290e-13 
3.0260000000e+00 2.6633676480e-13 
3.0270000000e+00 2.6711993560e-13 
3.0280000000e+00 2.6788600740e-13 
3.0290000000e+00 2.6867257560e-13 
3.0300000000e+00 2.6942891330e-13 
3.0310000000e+00 2.7022227530e-13 
3.0320000000e+00 2.7098496020e-13 
3.0330000000e+00 2.7182119160e-13 
3.0340000000e+00 2.7261149810e-13 
3.0350000000e+00 2.7339876580e-13 
3.0360000000e+00 2.7414575980e-13 
3.0370000000e+00 2.7491178430e-13 
3.0380000000e+00 2.7574905540e-13 
3.0390000000e+00 2.7652431940e-13 
3.0400000000e+00 2.7731925090e-13 
3.0410000000e+00 2.7819085910e-13 
3.0420000000e+00 2.7892149900e-13 
3.0430000000e+00 2.7971878420e-13 
3.0440000000e+00 2.8058773140e-13 
3.0450000000e+00 2.8134098830e-13 
3.0460000000e+00 2.8213060890e-13 
3.0470000000e+00 2.8299189100e-13 
3.0480000000e+00 2.8381183830e-13 
3.0490000000e+00 2.8457881330e-13 
3.0500000000e+00 2.8539428270e-13 
3.0510000000e+00 2.8623149260e-13 
3.0520000000e+00 2.8708856250e-13 
3.0530000000e+00 2.8790805450e-13 
3.0540000000e+00 2.8871106340e-13 
3.0550000000e+00 2.8962980100e-13 
3.0560000000e+00 2.9039065340e-13 
3.0570000000e+00 2.9123005600e-13 
3.0580000000e+00 2.9209328580e-13 
3.0590000000e+00 2.9290348010e-13 
3.0600000000e+00 2.9378804650e-13 
3.0610000000e+00 2.9463357080e-13 
3.0620000000e+00 2.9539743340e-13 
3.0630000000e+00 2.9627827580e-13 
3.0640000000e+00 2.9711694170e-13 
3.0650000000e+00 2.9807170060e-13 
3.0660000000e+00 2.9888375980e-13 
3.0670000000e+00 2.9971400200e-13 
3.0680000000e+00 3.0067709400e-13 
3.0690000000e+00 3.0145347140e-13 
3.0700000000e+00 3.0234473560e-13 
3.0710000000e+00 3.0320927470e-13 
3.0720000000e+00 3.0407361500e-13 
3.0730000000e+00 3.0500480220e-13 
3.0740000000e+00 3.0584012970e-13 
3.0750000000e+00 3.0668697030e-13 
3.0760000000e+00 3.0760427510e-13 
3.0770000000e+00 3.0848147660e-13 
3.0780000000e+00 3.0937848450e-13 
3.0790000000e+00 3.1024145350e-13 
3.0800000000e+00 3.1111591610e-13 
3.0810000000e+00 3.1208270300e-13 
3.0820000000e+00 3.1293253050e-13 
3.0830000000e+00 3.1381640820e-13 
3.0840000000e+00 3.1471887960e-13 
3.0850000000e+00 3.1570197760e-13 
3.0860000000e+00 3.1659338770e-13 
3.0870000000e+00 3.1750891910e-13 
3.0880000000e+00 3.1838957490e-13 
3.0890000000e+00 3.1928527100e-13 
3.0900000000e+00 3.2025677980e-13 
3.0910000000e+00 3.2112075280e-13 
3.0920000000e+00 3.2205663330e-13 
3.0930000000e+00 3.2298394860e-13 
3.0940000000e+00 3.2390084500e-13 
3.0950000000e+00 3.2488158870e-13 
3.0960000000e+00 3.2582764220e-13 
3.0970000000e+00 3.2679060790e-13 
3.0980000000e+00 3.2767586980e-13 
3.0990000000e+00 3.2855405910e-13 
3.1000000000e+00 3.2956479910e-13 
3.1010000000e+00 3.3053816420e-13 
3.1020000000e+00 3.3148457710e-13 
3.1030000000e+00 3.3245061270e-13 
3.1040000000e+00 3.3335982590e-13 
3.1050000000e+00 3.3435612470e-13 
3.1060000000e+00 3.3530667020e-13 
3.1070000000e+00 3.3618806900e-13 
3.1080000000e+00 3.3716072950e-13 
3.1090000000e+00 3.3815196600e-13 
3.1100000000e+00 3.3916240490e-13 
3.1110000000e+00 3.4009680300e-13 
3.1120000000e+00 3.4099526210e-13 
3.1130000000e+00 3.4202988680e-13 
3.1140000000e+00 3.4302105240e-13 
3.1150000000e+00 3.4397711320e-13 
3.1160000000e+00 3.4504364830e-13 
3.1170000000e+00 3.4593618230e-13 
3.1180000000e+00 3.4700100560e-13 
3.1190000000e+00 3.4795823960e-13 
3.1200000000e+00 3.4898291910e-13 
3.1210000000e+00 3.5003036240e-13 
3.1220000000e+00 3.5094415790e-13 
3.1230000000e+00 3.5194858120e-13 
3.1240000000e+00 3.5297387100e-13 
3.1250000000e+00 3.5402545720e-13 
3.1260000000e+00 3.5503399620e-13 
3.1270000000e+00 3.5603917180e-13 
3.1280000000e+00 3.5707878840e-13 
3.1290000000e+00 3.5818125130e-13 
3.1300000000e+00 3.5918740460e-13 
3.1310000000e+00 3.6019687690e-13 
3.1320000000e+00 3.6114366610e-13 
3.1330000000e+00 3.6226254770e-13 
3.1340000000e+00 3.6335769420e-13 
3.1350000000e+00 3.6438389780e-13 
3.1360000000e+00 3.6533822530e-13 
3.1370000000e+00 3.6644666860e-13 
3.1380000000e+00 3.6749931760e-13 
3.1390000000e+00 3.6855904050e-13 
3.1400000000e+00 3.6963607120e-13 
3.1410000000e+00 3.7082022150e-13 
3.1420000000e+00 3.7176460790e-13 
3.1430000000e+00 3.7281383240e-13 
3.1440000000e+00 3.7396890980e-13 
3.1450000000e+00 3.7495629350e-13 
3.1460000000e+00 3.7601153800e-13 
3.1470000000e+00 3.7715447180e-13 
3.1480000000e+00 3.7818583700e-13 
3.1490000000e+00 3.7932139110e-13 
3.1500000000e+00 3.8041555450e-13 
3.1510000000e+00 3.8150926420e-13 
3.1520000000e+00 3.8259750710e-13 
3.1530000000e+00 3.8373103720e-13 
3.1540000000e+00 3.8482066830e-13 
3.1550000000e+00 3.8591130610e-13 
3.1560000000e+00 3.8706498330e-13 
3.1570000000e+00 3.8814405710e-13 
3.1580000000e+00 3.8927884710e-13 
3.1590000000e+00 3.9036367450e-13 
3.1600000000e+00 3.9152052910e-13 
3.1610000000e+00 3.9270095350e-13 
3.1620000000e+00 3.9374641870e-13 
3.1630000000e+00 3.9487831910e-13 
3.1640000000e+00 3.9609225550e-13 
3.1650000000e+00 3.9719044640e-13 
3.1660000000e+00 3.9845569540e-13 
3.1670000000e+00 3.9949700580e-13 
3.1680000000e+00 4.0064584690e-13 
3.1690000000e+00 4.0190973760e-13 
3.1700000000e+00 4.0297663240e-13 
3.1710000000e+00 4.0416129140e-13 
3.1720000000e+00 4.0529871040e-13 
3.1730000000e+00 4.0645697940e-13 
3.1740000000e+00 4.0760957200e-13 
3.1750000000e+00 4.0883146090e-13 
3.1760000000e+00 4.1006019740e-13 
3.1770000000e+00 4.1117631630e-13 
3.1780000000e+00 4.1238701220e-13 
3.1790000000e+00 4.1362502990e-13 
3.1800000000e+00 4.1477695000e-13 
3.1810000000e+00 4.1599627910e-13 
3.1820000000e+00 4.1713828640e-13 
3.1830000000e+00 4.1841893870e-13 
3.1840000000e+00 4.1957544120e-13 
3.1850000000e+00 4.2080183840e-13 
3.1860000000e+00 4.2202485610e-13 
3.1870000000e+00 4.2324320380e-13 
3.1880000000e+00 4.2446835940e-13 
3.1890000000e+00 4.2572062760e-13 
3.1900000000e+00 4.2701003390e-13 
3.1910000000e+00 4.2818055550e-13 
3.1920000000e+00 4.2940805670e-13 
3.1930000000e+00 4.3072010760e-13 
3.1940000000e+00 4.3187378810e-13 
3.1950000000e+00 4.3316630550e-13 
3.1960000000e+00 4.3445291650e-13 
3.1970000000e+00 4.3576454720e-13 
3.1980000000e+00 4.3700240400e-13 
3.1990000000e+00 4.3824110160e-13 
3.2000000000e+00 4.3952864580e-13 
3.2010000000e+00 4.4081823240e-13 
3.2020000000e+00 4.4205743600e-13 
3.2030000000e+00 4.4332458070e-13 
3.2040000000e+00 4.4467271340e-13 
3.2050000000e+00 4.4592449320e-13 
3.2060000000e+00 4.4721549070e-13 
3.2070000000e+00 4.4852835600e-13 
3.2080000000e+00 4.4980711830e-13 
3.2090000000e+00 4.5118169840e-13 
3.2100000000e+00 4.5250546860e-13 
3.2110000000e+00 4.5372014020e-13 
3.2120000000e+00 4.5511665870e-13 
3.2130000000e+00 4.5644712190e-13 
3.2140000000e+00 4.5775350980e-13 
3.2150000000e+00 4.5910182410e-13 
3.2160000000e+00 4.6041896130e-13 
3.2170000000e+00 4.6179577740e-13 
3.2180000000e+00 4.6307499630e-13 
3.2190000000e+00 4.6448302770e-13 
3.2200000000e+00 4.6579847370e-13 
3.2210000000e+00 4.6714602650e-13 
3.2220000000e+00 4.6855179380e-13 
3.2230000000e+00 4.6990236120e-13 
3.2240000000e+00 4.7130362300e-13 
3.2250000000e+00 4.7261793630e-13 
3.2260000000e+00 4.7398043680e-13 
3.2270000000e+00 4.7536146490e-13 
3.2280000000e+00 4.7677313430e-13 
3.2290000000e+00 4.7818599470e-13 
3.2300000000e+00 4.7958814010e-13 
3.2310000000e+00 4.8102760920e-13 
3.2320000000e+00 4.8237908210e-13 
3.2330000000e+00 4.8376704220e-13 
3.2340000000e+00 4.8524370540e-13 
3.2350000000e+00 4.8661148450e-13 
3.2360000000e+00 4.8803308510e-13 
3.2370000000e+00 4.8950516490e-13 
3.2380000000e+00 4.9092412630e-13 
3.2390000000e+00 4.9230939300e-13 
3.2400000000e+00 4.9378064470e-13 
3.2410000000e+00 4.9521993100e-13 
3.2420000000e+00 4.9670029750e-13 
3.2430000000e+00 4.9811271280e-13 
3.2440000000e+00 4.9957539420e-13 
3.2450000000e+00 5.0103779460e-13 
3.2460000000e+00 5.0248195010e-13 
3.2470000000e+00 5.0390953300e-13 
3.2480000000e+00 5.0540220930e-13 
3.2490000000e+00 5.0692118420e-13 
3.2500000000e+00 5.0836408710e-13 
3.2510000000e+00 5.0986894770e-13 
3.2520000000e+00 5.1134867560e-13 
3.2530000000e+00 5.1280312660e-13 
3.2540000000e+00 5.1428465240e-13 
3.2550000000e+00 5.1581518320e-13 
3.2560000000e+00 5.1741560500e-13 
3.2570000000e+00 5.1887771900e-13 
3.2580000000e+00 5.2033131370e-13 
3.2590000000e+00 5.2190763820e-13 
3.2600000000e+00 5.2332764770e-13 
3.2610000000e+00 5.2493179250e-13 
3.2620000000e+00 5.2642306530e-13 
3.2630000000e+00 5.2796960210e-13 
3.2640000000e+00 5.2951104040e-13 
3.2650000000e+00 5.3108267740e-13 
3.2660000000e+00 5.3264086000e-13 
3.2670000000e+00 5.3418851160e-13 
3.2680000000e+00 5.3574004360e-13 
3.2690000000e+00 5.3728542980e-13 
3.2700000000e+00 5.3890905110e-13 
3.2710000000e+00 5.4048141060e-13 
3.2720000000e+00 5.4201545710e-13 
3.2730000000e+00 5.4366032020e-13 
3.2740000000e+00 5.4524786240e-13 
3.2750000000e+00 5.4688502230e-13 
3.2760000000e+00 5.4850141180e-13 
3.2770000000e+00 5.5012856870e-13 
3.2780000000e+00 5.5165767350e-13 
3.2790000000e+00 5.5320005090e-13 
3.2800000000e+00 5.5496957860e-13 
3.2810000000e+00 5.5652513220e-13 
3.2820000000e+00 5.5814136920e-13 
3.2830000000e+00 5.5975959770e-13 
3.2840000000e+00 5.6147359790e-13 
3.2850000000e+00 5.6307074400e-13 
3.2860000000e+00 5.6471227960e-13 
3.2870000000e+00 5.6640948270e-13 
3.2880000000e+00 5.6803828680e-13 
3.2890000000e+00 5.6972045960e-13 
3.2900000000e+00 5.7137809380e-13 
3.2910000000e+00 5.7307050660e-13 
3.2920000000e+00 5.7475905710e-13 
3.2930000000e+00 5.7640531370e-13 
3.2940000000e+00 5.7812786460e-13 
3.2950000000e+00 5.7973540970e-13 
3.2960000000e+00 5.8151851040e-13 
3.2970000000e+00 5.8320229920e-13 
3.2980000000e+00 5.8492441770e-13 
3.2990000000e+00 5.8669342890e-13 
3.3000000000e+00 5.8835560710e-13 
3.3010000000e+00 5.9013740830e-13 
3.3020000000e+00 5.9181053120e-13 
3.3030000000e+00 5.9363852690e-13 
3.3040000000e+00 5.9532501460e-13 
3.3050000000e+00 5.9713817700e-13 
3.3060000000e+00 5.9883364080e-13 
3.3070000000e+00 6.0057933330e-13 
3.3080000000e+00 6.0242266640e-13 
3.3090000000e+00 6.0414579260e-13 
3.3100000000e+00 6.0598974220e-13 
3.3110000000e+00 6.0766126730e-13 
3.3120000000e+00 6.0946948830e-13 
3.3130000000e+00 6.1125733770e-13 
3.3140000000e+00 6.1311086730e-13 
3.3150000000e+00 6.1495676440e-13 
3.3160000000e+00 6.1666204660e-13 
3.3170000000e+00 6.1849605640e-13 
3.3180000000e+00 6.2032597930e-13 
3.3190000000e+00 6.2221384850e-13 
3.3200000000e+00 6.2407319310e-13 
3.3210000000e+00 6.2581900430e-13 
3.3220000000e+00 6.2770547080e-13 
3.3230000000e+00 6.2953813800e-13 
3.3240000000e+00 6.3143793830e-13 
3.3250000000e+00 6.3323903190e-13 
3.3260000000e+00 6.3515132790e-13 
3.3270000000e+00 6.3704052510e-13 
3.3280000000e+00 6.3891288880e-13 
3.3290000000e+00 6.4071787240e-13 
3.3300000000e+00 6.4264388900e-13 
3.3310000000e+00 6.4453497580e-13 
3.3320000000e+00 6.4647794190e-13 
3.3330000000e+00 6.4838213890e-13 
3.3340000000e+00 6.5026281330e-13 
3.3350000000e+00 6.5213784980e-13 
3.3360000000e+00 6.5419713660e-13 
3.3370000000e+00 6.5605724050e-13 
3.3380000000e+00 6.5802456720e-13 
3.3390000000e+00 6.5996586000e-13 
3.3400000000e+00 6.6191957700e-13 
3.3410000000e+00 6.6384124240e-13 
3.3420000000e+00 6.6575823240e-13 
3.3430000000e+00 6.6783966720e-13 
3.3440000000e+00 6.6970708200e-13 
3.3450000000e+00 6.7168532670e-13 
3.3460000000e+00 6.7369914870e-13 
3.3470000000e+00 6.7571971880e-13 
3.3480000000e+00 6.7774264980e-13 
3.3490000000e+00 6.7966935670e-13 
3.3500000000e+00 6.8170285570e-13 
3.3510000000e+00 6.8368607930e-13 
3.3520000000e+00 6.8568293950e-13 
3.3530000000e+00 6.8772330320e-13 
3.3540000000e+00 6.8978502990e-13 
3.3550000000e+00 6.9180420590e-13 
3.3560000000e+00 6.9387816180e-13 
3.3570000000e+00 6.9597034520e-13 
3.3580000000e+00 6.9797590500e-13 
3.3590000000e+00 7.0003665990e-13 
3.3600000000e+00 7.0210958280e-13 
3.3610000000e+00 7.0423540170e-13 
3.3620000000e+00 7.0626477690e-13 
3.3630000000e+00 7.0832010290e-13 
3.3640000000e+00 7.1050374610e-13 
3.3650000000e+00 7.1257074460e-13 
3.3660000000e+00 7.1467267140e-13 
3.3670000000e+00 7.1678758880e-13 
3.3680000000e+00 7.1897649040e-13 
3.3690000000e+00 7.2099750900e-13 
3.3700000000e+00 7.2316498600e-13 
3.3710000000e+00 7.2535694340e-13 
3.3720000000e+00 7.2745933990e-13 
3.3730000000e+00 7.2959624080e-13 
3.3740000000e+00 7.3174341670e-13 
3.3750000000e+00 7.3394117800e-13 
3.3760000000e+00 7.3613668070e-13 
3.3770000000e+00 7.3833577220e-13 
3.3780000000e+00 7.4056790170e-13 
3.3790000000e+00 7.4272403860e-13 
3.3800000000e+00 7.4491321090e-13 
3.3810000000e+00 7.4709740050e-13 
3.3820000000e+00 7.4931899680e-13 
3.3830000000e+00 7.5156589050e-13 
3.3840000000e+00 7.5374493190e-13 
3.3850000000e+00 7.5597725940e-13 
3.3860000000e+00 7.5820709900e-13 
3.3870000000e+00 7.6050317640e-13 
3.3880000000e+00 7.6279393080e-13 
3.3890000000e+00 7.6503000820e-13 
3.3900000000e+00 7.6730662930e-13 
3.3910000000e+00 7.6955446730e-13 
3.3920000000e+00 7.7188951130e-13 
3.3930000000e+00 7.7412348380e-13 
3.3940000000e+00 7.7645229980e-13 
3.3950000000e+00 7.7876546870e-13 
3.3960000000e+00 7.8110685120e-13 
3.3970000000e+00 7.8341483100e-13 
3.3980000000e+00 7.8568167910e-13 
3.3990000000e+00 7.8806529690e-13 
3.4000000000e+00 7.9036538120e-13 
3.4010000000e+00 7.9275925800e-13 
3.4020000000e+00 7.9513518310e-13 
3.4030000000e+00 7.9740898290e-13 
3.4040000000e+00 7.9978638870e-13 
3.4050000000e+00 8.0219074600e-13 
3.4060000000e+00 8.0456419790e-13 
3.4070000000e+00 8.0695645350e-13 
3.4080000000e+00 8.0945481760e-13 
3.4090000000e+00 8.1173283220e-13 
3.4100000000e+00 8.1414995400e-13 
3.4110000000e+00 8.1666190240e-13 
3.4120000000e+00 8.1899360010e-13 
3.4130000000e+00 8.2150867390e-13 
3.4140000000e+00 8.2392034670e-13 
3.4150000000e+00 8.2639843520e-13 
3.4160000000e+00 8.2882075240e-13 
3.4170000000e+00 8.3125413410e-13 
3.4180000000e+00 8.3376771390e-13 
3.4190000000e+00 8.3628253950e-13 
3.4200000000e+00 8.3883077500e-13 
3.4210000000e+00 8.4129106860e-13 
3.4220000000e+00 8.4374425020e-13 
3.4230000000e+00 8.4625924430e-13 
3.4240000000e+00 8.4878153580e-13 
3.4250000000e+00 8.5136166930e-13 
3.4260000000e+00 8.5386408980e-13 
3.4270000000e+00 8.5646403440e-13 
3.4280000000e+00 8.5894198410e-13 
3.4290000000e+00 8.6153646260e-13 
3.4300000000e+00 8.6415703000e-13 
3.4310000000e+00 8.6670802480e-13 
3.4320000000e+00 8.6933626320e-13 
3.4330000000e+00 8.7184103460e-13 
3.4340000000e+00 8.7446754890e-13 
3.4350000000e+00 8.7709424630e-13 
3.4360000000e+00 8.7975621490e-13 
3.4370000000e+00 8.8231309610e-13 
3.4380000000e+00 8.8497209900e-13 
3.4390000000e+00 8.8766772250e-13 
3.4400000000e+00 8.9023884310e-13 
3.4410000000e+00 8.9296244480e-13 
3.4420000000e+00 8.9562230540e-13 
3.4430000000e+00 8.9827815960e-13 
3.4440000000e+00 9.0103172350e-13 
3.4450000000e+00 9.0369689690e-13 
3.4460000000e+00 9.0641800440e-13 
3.4470000000e+00 9.0908204880e-13 
3.4480000000e+00 9.1175920740e-13 
3.4490000000e+00 9.1453678510e-13 
3.4500000000e+00 9.1731978550e-13 
3.4510000000e+00 9.1999564420e-13 
3.4520000000e+00 9.2276887820e-13 
3.4530000000e+00 9.2557256130e-13 
3.4540000000e+00 9.2831123300e-13 
3.4550000000e+00 9.3105799480e-13 
3.4560000000e+00 9.3398286200e-13 
3.4570000000e+00 9.3670736900e-13 
3.4580000000e+00 9.3947091920e-13 
3.4590000000e+00 9.4237116050e-13 
3.4600000000e+00 9.4515917280e-13 
3.4610000000e+00 9.4801416100e-13 
3.4620000000e+00 9.5088369860e-13 
3.4630000000e+00 9.5389331260e-13 
3.4640000000e+00 9.5672718450e-13 
3.4650000000e+00 9.5949141820e-13 
3.4660000000e+00 9.6242914120e-13 
3.4670000000e+00 9.6531916450e-13 
3.4680000000e+00 9.6831877220e-13 
3.4690000000e+00 9.7121183560e-13 
3.4700000000e+00 9.7419190510e-13 
3.4710000000e+00 9.7708165760e-13 
3.4720000000e+00 9.8009142020e-13 
3.4730000000e+00 9.8305344600e-13 
3.4740000000e+00 9.8592622810e-13 
3.4750000000e+00 9.8899089160e-13 
3.4760000000e+00 9.9194505190e-13 
3.4770000000e+00 9.9496908370e-13 
3.4780000000e+00 9.9795604670e-13 
3.4790000000e+00 1.0009339270e-12 
3.4800000000e+00 1.0039930610e-12 
3.4810000000e+00 1.0070374890e-12 
3.4820000000e+00 1.0100554940e-12 
3.4830000000e+00 1.0131312400e-12 
3.4840000000e+00 1.0161815840e-12 
3.4850000000e+00 1.0191653960e-12 
3.4860000000e+00 1.0223600580e-12 
3.4870000000e+00 1.0254870820e-12 
3.4880000000e+00 1.0286390410e-12 
3.4890000000e+00 1.0317399060e-12 
3.4900000000e+00 1.0349120710e-12 
3.4910000000e+00 1.0380671840e-12 
3.4920000000e+00 1.0412104660e-12 
3.4930000000e+00 1.0443836870e-12 
3.4940000000e+00 1.0476578620e-12 
3.4950000000e+00 1.0508163650e-12 
3.4960000000e+00 1.0540041760e-12 
3.4970000000e+00 1.0572568000e-12 
3.4980000000e+00 1.0605174240e-12 
3.4990000000e+00 1.0637557340e-12 
3.5000000000e+00 1.0670245970e-12 
3.5010000000e+00 1.0702749290e-12 
3.5020000000e+00 1.0735140370e-12 
3.5030000000e+00 1.0768948290e-12 
3.5040000000e+00 1.0801886400e-12 
3.5050000000e+00 1.0834722670e-12 
3.5060000000e+00 1.0867770380e-12 
3.5070000000e+00 1.0900730840e-12 
3.5080000000e+00 1.0934287020e-12 
3.5090000000e+00 1.0968328210e-12 
3.5100000000e+00 1.1001289920e-12 
3.5110000000e+00 1.1035350170e-12 
3.5120000000e+00 1.1069329280e-12 
3.5130000000e+00 1.1103183410e-12 
3.5140000000e+00 1.1137315650e-12 
3.5150000000e+00 1.1171690500e-12 
3.5160000000e+00 1.1205835890e-12 
3.5170000000e+00 1.1240340800e-12 
3.5180000000e+00 1.1275403460e-12 
3.5190000000e+00 1.1309772640e-12 
3.5200000000e+00 1.1344352760e-12 
3.5210000000e+00 1.1379465620e-12 
3.5220000000e+00 1.1414229560e-12 
3.5230000000e+00 1.1449083440e-12 
3.5240000000e+00 1.1484645490e-12 
3.5250000000e+00 1.1519996760e-12 
3.5260000000e+00 1.1555530630e-12 
3.5270000000e+00 1.1591306820e-12 
3.5280000000e+00 1.1627099740e-12 
3.5290000000e+00 1.1662498820e-12 
3.5300000000e+00 1.1698495760e-12 
3.5310000000e+00 1.1734315100e-12 
3.5320000000e+00 1.1770631480e-12 
3.5330000000e+00 1.1807277780e-12 
3.5340000000e+00 1.1843992900e-12 
3.5350000000e+00 1.1880557510e-12 
3.5360000000e+00 1.1916823290e-12 
3.5370000000e+00 1.1953281050e-12 
3.5380000000e+00 1.1990379850e-12 
3.5390000000e+00 1.2028117560e-12 
3.5400000000e+00 1.2065017490e-12 
3.5410000000e+00 1.2101894200e-12 
3.5420000000e+00 1.2139355450e-12 
3.5430000000e+00 1.2176987690e-12 
3.5440000000e+00 1.2214429540e-12 
3.5450000000e+00 1.2252838110e-12 
3.5460000000e+00 1.2289823950e-12 
3.5470000000e+00 1.2328089750e-12 
3.5480000000e+00 1.2366417820e-12 
3.5490000000e+00 1.2405278080e-12 
3.5500000000e+00 1.2443509210e-12 
3.5510000000e+00 1.2481585310e-12 
3.5520000000e+00 1.2521106550e-12 
3.5530000000e+00 1.2558956900e-12 
3.5540000000e+00 1.2597782120e-12 
3.5550000000e+00 1.2636778050e-12 
3.5560000000e+00 1.2677237540e-12 
3.5570000000e+00 1.2716368040e-12 
3.5580000000e+00 1.2755297400e-12 
3.5590000000e+00 1.2794531060e-12 
3.5600000000e+00 1.2834679300e-12 
3.5610000000e+00 1.2875573090e-12 
3.5620000000e+00 1.2915333880e-12 
3.5630000000e+00 1.2955985680e-12 
3.5640000000e+00 1.2996312850e-12 
3.5650000000e+00 1.3036566010e-12 
3.5660000000e+00 1.3077566250e-12 
3.5670000000e+00 1.3118433460e-12 
3.5680000000e+00 1.3159711860e-12 
3.5690000000e+00 1.3200598630e-12 
3.5700000000e+00 1.3241958470e-12 
3.5710000000e+00 1.3283958440e-12 
3.5720000000e+00 1.3324702010e-12 
3.5730000000e+00 1.3366886310e-12 
3.5740000000e+00 1.3408602000e-12 
3.5750000000e+00 1.3450909670e-12 
3.5760000000e+00 1.3493249550e-12 
3.5770000000e+00 1.3535124500e-12 
3.5780000000e+00 1.3577808580e-12 
3.5790000000e+00 1.3620468390e-12 
3.5800000000e+00 1.3662594280e-12 
3.5810000000e+00 1.3706013790e-12 
3.5820000000e+00 1.3749016280e-12 
3.5830000000e+00 1.3793093040e-12 
3.5840000000e+00 1.3836046780e-12 
3.5850000000e+00 1.3879702940e-12 
3.5860000000e+00 1.3922649570e-12 
3.5870000000e+00 1.3966393410e-12 
3.5880000000e+00 1.4010906760e-12 
3.5890000000e+00 1.4054914410e-12 
3.5900000000e+00 1.4099026910e-12 
3.5910000000e+00 1.4143336140e-12 
3.5920000000e+00 1.4188696320e-12 
3.5930000000e+00 1.4233488720e-12 
3.5940000000e+00 1.4278603070e-12 
3.5950000000e+00 1.4323604750e-12 
3.5960000000e+00 1.4369139280e-12 
3.5970000000e+00 1.4414481860e-12 
3.5980000000e+00 1.4459943680e-12 
3.5990000000e+00 1.4505679270e-12 
3.6000000000e+00 1.4551655190e-12 
3.6010000000e+00 1.4597341680e-12 
3.6020000000e+00 1.4644427530e-12 
3.6030000000e+00 1.4691247960e-12 
3.6040000000e+00 1.4738832620e-12 
3.6050000000e+00 1.4784741940e-12 
3.6060000000e+00 1.4832478560e-12 
3.6070000000e+00 1.4879099550e-12 
3.6080000000e+00 1.4927094540e-12 
3.6090000000e+00 1.4974431240e-12 
3.6100000000e+00 1.5022143520e-12 
3.6110000000e+00 1.5070692920e-12 
3.6120000000e+00 1.5118262290e-12 
3.6130000000e+00 1.5166977850e-12 
3.6140000000e+00 1.5215660240e-12 
3.6150000000e+00 1.5264530150e-12 
3.6160000000e+00 1.5313001810e-12 
3.6170000000e+00 1.5362066430e-12 
3.6180000000e+00 1.5411796660e-12 
3.6190000000e+00 1.5460208250e-12 
3.6200000000e+00 1.5510594970e-12 
3.6210000000e+00 1.5559508430e-12 
3.6220000000e+00 1.5609548970e-12 
3.6230000000e+00 1.5660332230e-12 
3.6240000000e+00 1.5710206060e-12 
3.6250000000e+00 1.5760275330e-12 
3.6260000000e+00 1.5810553330e-12 
3.6270000000e+00 1.5862259290e-12 
3.6280000000e+00 1.5912310030e-12 
3.6290000000e+00 1.5963142970e-12 
3.6300000000e+00 1.6015848640e-12 
3.6310000000e+00 1.6066412800e-12 
3.6320000000e+00 1.6118093240e-12 
3.6330000000e+00 1.6169657610e-12 
3.6340000000e+00 1.6222743390e-12 
3.6350000000e+00 1.6274493260e-12 
3.6360000000e+00 1.6326647020e-12 
3.6370000000e+00 1.6378972800e-12 
3.6380000000e+00 1.6431840260e-12 
3.6390000000e+00 1.6485182540e-12 
3.6400000000e+00 1.6537662860e-12 
3.6410000000e+00 1.6591250780e-12 
3.6420000000e+00 1.6644916550e-12 
3.6430000000e+00 1.6699111300e-12 
3.6440000000e+00 1.6753097700e-12 
3.6450000000e+00 1.6807128430e-12 
3.6460000000e+00 1.6861091410e-12 
3.6470000000e+00 1.6915753350e-12 
3.6480000000e+00 1.6970763060e-12 
3.6490000000e+00 1.7026399570e-12 
3.6500000000e+00 1.7080555410e-12 
3.6510000000e+00 1.7136221480e-12 
3.6520000000e+00 1.7192288670e-12 
3.6530000000e+00 1.7248591950e-12 
3.6540000000e+00 1.7304619540e-12 
3.6550000000e+00 1.7359901480e-12 
3.6560000000e+00 1.7416231860e-12 
3.6570000000e+00 1.7473263950e-12 
3.6580000000e+00 1.7530153870e-12 
3.6590000000e+00 1.7587950110e-12 
3.6600000000e+00 1.7645441190e-12 
3.6610000000e+00 1.7702533090e-12 
3.6620000000e+00 1.7760149410e-12 
3.6630000000e+00 1.7818242400e-12 
3.6640000000e+00 1.7876151220e-12 
3.6650000000e+00 1.7934652790e-12 
3.6660000000e+00 1.7992796740e-12 
3.6670000000e+00 1.8052136890e-12 
3.6680000000e+00 1.8110649240e-12 
3.6690000000e+00 1.8170151270e-12 
3.6700000000e+00 1.8229499010e-12 
3.6710000000e+00 1.8289044450e-12 
3.6720000000e+00 1.8348570340e-12 
3.6730000000e+00 1.8408571670e-12 
3.6740000000e+00 1.8469620680e-12 
3.6750000000e+00 1.8529873060e-12 
3.6760000000e+00 1.8589884340e-12 
3.6770000000e+00 1.8650790700e-12 
3.6780000000e+00 1.8712413220e-12 
3.6790000000e+00 1.8773709230e-12 
3.6800000000e+00 1.8834740370e-12 
3.6810000000e+00 1.8897556960e-12 
3.6820000000e+00 1.8960001140e-12 
3.6830000000e+00 1.9023155940e-12 
3.6840000000e+00 1.9085726200e-12 
3.6850000000e+00 1.9149546860e-12 
3.6860000000e+00 1.9212850030e-12 
3.6870000000e+00 1.9276966080e-12 
3.6880000000e+00 1.9341349820e-12 
3.6890000000e+00 1.9405311950e-12 
3.6900000000e+00 1.9469894670e-12 
3.6910000000e+00 1.9534602910e-12 
3.6920000000e+00 1.9598793320e-12 
3.6930000000e+00 1.9664166020e-12 
3.6940000000e+00 1.9730086010e-12 
3.6950000000e+00 1.9796430010e-12 
3.6960000000e+00 1.9862176610e-12 
3.6970000000e+00 1.9927994140e-12 
3.6980000000e+00 1.9995649480e-12 
3.6990000000e+00 2.0061121980e-12 
3.7000000000e+00 2.0128315280e-12 
3.7010000000e+00 2.0195372540e-12 
3.7020000000e+00 2.0262496290e-12 
3.7030000000e+00 2.0330463480e-12 
3.7040000000e+00 2.0398935690e-12 
3.7050000000e+00 2.0466916580e-12 
3.7060000000e+00 2.0535252000e-12 
3.7070000000e+00 2.0603695440e-12 
3.7080000000e+00 2.0672950720e-12 
3.7090000000e+00 2.0742326460e-12 
3.7100000000e+00 2.0812033550e-12 
3.7110000000e+00 2.0881280330e-12 
3.7120000000e+00 2.0951294900e-12 
3.7130000000e+00 2.1021682430e-12 
3.7140000000e+00 2.1091615770e-12 
3.7150000000e+00 2.1163152190e-12 
3.7160000000e+00 2.1234725030e-12 
3.7170000000e+00 2.1305690920e-12 
3.7180000000e+00 2.1377714560e-12 
3.7190000000e+00 2.1449024750e-12 
3.7200000000e+00 2.1520933090e-12 
3.7210000000e+00 2.1593786250e-12 
3.7220000000e+00 2.1666345600e-12 
3.7230000000e+00 2.1739870550e-12 
3.7240000000e+00 2.1813297850e-12 
3.7250000000e+00 2.1886769270e-12 
3.7260000000e+00 2.1959698090e-12 
3.7270000000e+00 2.2034388040e-12 
3.7280000000e+00 2.2108696100e-12 
3.7290000000e+00 2.2183804400e-12 
3.7300000000e+00 2.2257856060e-12 
3.7310000000e+00 2.2333520330e-12 
3.7320000000e+00 2.2407935690e-12 
3.7330000000e+00 2.2485481990e-12 
3.7340000000e+00 2.2560998100e-12 
3.7350000000e+00 2.2637230550e-12 
3.7360000000e+00 2.2713642500e-12 
3.7370000000e+00 2.2791180040e-12 
3.7380000000e+00 2.2868433270e-12 
3.7390000000e+00 2.2946274040e-12 
3.7400000000e+00 2.3023958220e-12 
3.7410000000e+00 2.3102070750e-12 
3.7420000000e+00 2.3180758430e-12 
3.7430000000e+00 2.3259785940e-12 
3.7440000000e+00 2.3339320320e-12 
3.7450000000e+00 2.3418060100e-12 
3.7460000000e+00 2.3497300210e-12 
3.7470000000e+00 2.3578231100e-12 
3.7480000000e+00 2.3658881020e-12 
3.7490000000e+00 2.3739546490e-12 
3.7500000000e+00 2.3820858230e-12 
3.7510000000e+00 2.3902596870e-12 
3.7520000000e+00 2.3983287730e-12 
3.7530000000e+00 2.4066299760e-12 
3.7540000000e+00 2.4148004900e-12 
3.7550000000e+00 2.4230126230e-12 
3.7560000000e+00 2.4313405130e-12 
3.7570000000e+00 2.4397336100e-12 
3.7580000000e+00 2.4479725980e-12 
3.7590000000e+00 2.4564154640e-12 
3.7600000000e+00 2.4649164140e-12 
3.7610000000e+00 2.4733708290e-12 
3.7620000000e+00 2.4817607880e-12 
3.7630000000e+00 2.4903988770e-12 
3.7640000000e+00 2.4988792620e-12 
3.7650000000e+00 2.5075135640e-12 
3.7660000000e+00 2.5160785000e-12 
3.7670000000e+00 2.5247455340e-12 
3.7680000000e+00 2.5334613710e-12 
3.7690000000e+00 2.5422529760e-12 
3.7700000000e+00 2.5509734820e-12 
3.7710000000e+00 2.5597553330e-12 
3.7720000000e+00 2.5685539280e-12 
3.7730000000e+00 2.5773743760e-12 
3.7740000000e+00 2.5863933690e-12 
3.7750000000e+00 2.5952036110e-12 
3.7760000000e+00 2.6041735350e-12 
3.7770000000e+00 2.6132958230e-12 
3.7780000000e+00 2.6223258840e-12 
3.7790000000e+00 2.6313767080e-12 
3.7800000000e+00 2.6404585210e-12 
3.7810000000e+00 2.6496857740e-12 
3.7820000000e+00 2.6588051060e-12 
3.7830000000e+00 2.6680109610e-12 
3.7840000000e+00 2.6773657840e-12 
3.7850000000e+00 2.6865802870e-12 
3.7860000000e+00 2.6959719390e-12 
3.7870000000e+00 2.7053255990e-12 
3.7880000000e+00 2.7146824060e-12 
3.7890000000e+00 2.7241992110e-12 
3.7900000000e+00 2.7335109080e-12 
3.7910000000e+00 2.7430962080e-12 
3.7920000000e+00 2.7527370130e-12 
3.7930000000e+00 2.7622936110e-12 
3.7940000000e+00 2.7719180490e-12 
3.7950000000e+00 2.7815698020e-12 
3.7960000000e+00 2.7912720470e-12 
3.7970000000e+00 2.8009061410e-12 
3.7980000000e+00 2.8108248410e-12 
3.7990000000e+00 2.8205796710e-12 
3.8000000000e+00 2.8304127350e-12 
3.8010000000e+00 2.8403839700e-12 
3.8020000000e+00 2.8502995390e-12 
3.8030000000e+00 2.8603210960e-12 
3.8040000000e+00 2.8703055600e-12 
3.8050000000e+00 2.8804127030e-12 
3.8060000000e+00 2.8905107220e-12 
3.8070000000e+00 2.9006205680e-12 
3.8080000000e+00 2.9108436390e-12 
3.8090000000e+00 2.9210917920e-12 
3.8100000000e+00 2.9313923540e-12 
3.8110000000e+00 2.9416966770e-12 
3.8120000000e+00 2.9521762340e-12 
3.8130000000e+00 2.9626002610e-12 
3.8140000000e+00 2.9729890860e-12 
3.8150000000e+00 2.9835059100e-12 
3.8160000000e+00 2.9940757410e-12 
3.8170000000e+00 3.0046315240e-12 
3.8180000000e+00 3.0152780180e-12 
3.8190000000e+00 3.0259463610e-12 
3.8200000000e+00 3.0366275260e-12 
3.8210000000e+00 3.0474974050e-12 
3.8220000000e+00 3.0582302170e-12 
3.8230000000e+00 3.0690935150e-12 
3.8240000000e+00 3.0800343900e-12 
3.8250000000e+00 3.0909375220e-12 
3.8260000000e+00 3.1019131890e-12 
3.8270000000e+00 3.1129298420e-12 
3.8280000000e+00 3.1239467410e-12 
3.8290000000e+00 3.1351610460e-12 
3.8300000000e+00 3.1462993410e-12 
3.8310000000e+00 3.1574852630e-12 
3.8320000000e+00 3.1687085110e-12 
3.8330000000e+00 3.1800559750e-12 
3.8340000000e+00 3.1914290910e-12 
3.8350000000e+00 3.2027424310e-12 
3.8360000000e+00 3.2141816640e-12 
3.8370000000e+00 3.2257135630e-12 
3.8380000000e+00 3.2373005770e-12 
3.8390000000e+00 3.2487681050e-12 
3.8400000000e+00 3.2604398430e-12 
3.8410000000e+00 3.2721581290e-12 
3.8420000000e+00 3.2838084100e-12 
3.8430000000e+00 3.2955815760e-12 
3.8440000000e+00 3.3075064400e-12 
3.8450000000e+00 3.3193480160e-12 
3.8460000000e+00 3.3312648210e-12 
3.8470000000e+00 3.3432400410e-12 
3.8480000000e+00 3.3552531740e-12 
3.8490000000e+00 3.3672621320e-12 
3.8500000000e+00 3.3794316970e-12 
3.8510000000e+00 3.3915419220e-12 
3.8520000000e+00 3.4038881310e-12 
3.8530000000e+00 3.4161547150e-12 
3.8540000000e+00 3.4284239560e-12 
3.8550000000e+00 3.4408357800e-12 
3.8560000000e+00 3.4532197410e-12 
3.8570000000e+00 3.4657658950e-12 
3.8580000000e+00 3.4782668230e-12 
3.8590000000e+00 3.4908467890e-12 
3.8600000000e+00 3.5035099580e-12 
3.8610000000e+00 3.5161251490e-12 
3.8620000000e+00 3.5289939510e-12 
3.8630000000e+00 3.5417347540e-12 
3.8640000000e+00 3.5546265890e-12 
3.8650000000e+00 3.5675707480e-12 
3.8660000000e+00 3.5804998920e-12 
3.8670000000e+00 3.5936174020e-12 
3.8680000000e+00 3.6066799320e-12 
3.8690000000e+00 3.6198660350e-12 
3.8700000000e+00 3.6330324330e-12 
3.8710000000e+00 3.6463909020e-12 
3.8720000000e+00 3.6596540280e-12 
3.8730000000e+00 3.6730329610e-12 
3.8740000000e+00 3.6865556770e-12 
3.8750000000e+00 3.6999763250e-12 
3.8760000000e+00 3.7135991780e-12 
3.8770000000e+00 3.7272523460e-12 
3.8780000000e+00 3.7409303930e-12 
3.8790000000e+00 3.7546128340e-12 
3.8800000000e+00 3.7684233050e-12 
3.8810000000e+00 3.7823521820e-12 
3.8820000000e+00 3.7962912580e-12 
3.8830000000e+00 3.8102766520e-12 
3.8840000000e+00 3.8242638600e-12 
3.8850000000e+00 3.8384136950e-12 
3.8860000000e+00 3.8525422390e-12 
3.8870000000e+00 3.8667582670e-12 
3.8880000000e+00 3.8810639790e-12 
3.8890000000e+00 3.8953160780e-12 
3.8900000000e+00 3.9097415850e-12 
3.8910000000e+00 3.9241953230e-12 
3.8920000000e+00 3.9387526770e-12 
3.8930000000e+00 3.9532901910e-12 
3.8940000000e+00 3.9679647070e-12 
3.8950000000e+00 3.9826513070e-12 
3.8960000000e+00 3.9975626000e-12 
3.8970000000e+00 4.0123693980e-12 
3.8980000000e+00 4.0272565750e-12 
3.8990000000e+00 4.0421869910e-12 
3.9000000000e+00 4.0571926940e-12 
3.9010000000e+00 4.0723567950e-12 
3.9020000000e+00 4.0874956850e-12 
3.9030000000e+00 4.1027574320e-12 
3.9040000000e+00 4.1180674540e-12 
3.9050000000e+00 4.1334668810e-12 
3.9060000000e+00 4.1488617050e-12 
3.9070000000e+00 4.1643659490e-12 
3.9080000000e+00 4.1798849810e-12 
3.9090000000e+00 4.1955221700e-12 
3.9100000000e+00 4.2112384410e-12 
3.9110000000e+00 4.2270694910e-12 
3.9120000000e+00 4.2428745260e-12 
3.9130000000e+00 4.2588383760e-12 
3.9140000000e+00 4.2747897520e-12 
3.9150000000e+00 4.2908698280e-12 
3.9160000000e+00 4.3069271580e-12 
3.9170000000e+00 4.3231611910e-12 
3.9180000000e+00 4.3394353100e-12 
3.9190000000e+00 4.3558464760e-12 
3.9200000000e+00 4.3722173560e-12 
3.9210000000e+00 4.3886336920e-12 
3.9220000000e+00 4.4051510250e-12 
3.9230000000e+00 4.4218599830e-12 
3.9240000000e+00 4.4385399830e-12 
3.9250000000e+00 4.4553195450e-12 
3.9260000000e+00 4.4722510730e-12 
3.9270000000e+00 4.4891235080e-12 
3.9280000000e+00 4.5061751470e-12 
3.9290000000e+00 4.5231655630e-12 
3.9300000000e+00 4.5403693950e-12 
3.9310000000e+00 4.5576414610e-12 
3.9320000000e+00 4.5750153670e-12 
3.9330000000e+00 4.5923442600e-12 
3.9340000000e+00 4.6098413710e-12 
3.9350000000e+00 4.6273798960e-12 
3.9360000000e+00 4.6450285320e-12 
3.9370000000e+00 4.6627947750e-12 
3.9380000000e+00 4.6806169890e-12 
3.9390000000e+00 4.6984201700e-12 
3.9400000000e+00 4.7163563490e-12 
3.9410000000e+00 4.7343770480e-12 
3.9420000000e+00 4.7524076790e-12 
3.9430000000e+00 4.7706575980e-12 
3.9440000000e+00 4.7890188260e-12 
3.9450000000e+00 4.8073046980e-12 
3.9460000000e+00 4.8257936110e-12 
3.9470000000e+00 4.8443811080e-12 
3.9480000000e+00 4.8629257640e-12 
3.9490000000e+00 4.8816178240e-12 
3.9500000000e+00 4.9004269850e-12 
3.9510000000e+00 4.9193991760e-12 
3.9520000000e+00 4.9383123480e-12 
3.9530000000e+00 4.9574039570e-12 
3.9540000000e+00 4.9764379610e-12 
3.9550000000e+00 4.9956030980e-12 
3.9560000000e+00 5.0150046610e-12 
3.9570000000e+00 5.0344206000e-12 
3.9580000000e+00 5.0538780440e-12 
3.9590000000e+00 5.0734692860e-12 
3.9600000000e+00 5.0932212430e-12 
3.9610000000e+00 5.1129498790e-12 
3.9620000000e+00 5.1327568870e-12 
3.9630000000e+00 5.1527782100e-12 
3.9640000000e+00 5.1727270520e-12 
3.9650000000e+00 5.1928661370e-12 
3.9660000000e+00 5.2131712110e-12 
3.9670000000e+00 5.2335035590e-12 
3.9680000000e+00 5.2539324990e-12 
3.9690000000e+00 5.2744089190e-12 
3.9700000000e+00 5.2950042240e-12 
3.9710000000e+00 5.3157599510e-12 
3.9720000000e+00 5.3365012590e-12 
3.9730000000e+00 5.3574434620e-12 
3.9740000000e+00 5.3784363730e-12 
3.9750000000e+00 5.3995661700e-12 
3.9760000000e+00 5.4207484710e-12 
3.9770000000e+00 5.4420197960e-12 
3.9780000000e+00 5.4634897720e-12 
3.9790000000e+00 5.4849835480e-12 
3.9800000000e+00 5.5065221910e-12 
3.9810000000e+00 5.5283108150e-12 
3.9820000000e+00 5.5500835900e-12 
3.9830000000e+00 5.5719754950e-12 
3.9840000000e+00 5.5940328680e-12 
3.9850000000e+00 5.6162627650e-12 
3.9860000000e+00 5.6384606850e-12 
3.9870000000e+00 5.6608260680e-12 
3.9880000000e+00 5.6832538220e-12 
3.9890000000e+00 5.7057554030e-12 
3.9900000000e+00 5.7284151240e-12 
3.9910000000e+00 5.7512983450e-12 
3.9920000000e+00 5.7741531100e-12 
3.9930000000e+00 5.7971216670e-12 
3.9940000000e+00 5.8202064870e-12 
3.9950000000e+00 5.8434363440e-12 
3.9960000000e+00 5.8667928470e-12 
3.9970000000e+00 5.8901506740e-12 
3.9980000000e+00 5.9138223700e-12 
3.9990000000e+00 5.9375489110e-12 
4.0000000000e+00 5.9613411030e-12 
4.0010000000e+00 5.9852789630e-12 
4.0020000000e+00 6.0093428240e-12 
4.0030000000e+00 6.0335309770e-12 
4.0040000000e+00 6.0578049570e-12 
4.0050000000e+00 6.0821987700e-12 
4.0060000000e+00 6.1067698200e-12 
4.0070000000e+00 6.1314735790e-12 
4.0080000000e+00 6.1561791840e-12 
4.0090000000e+00 6.1811949350e-12 
4.0100000000e+00 6.2062676620e-12 
4.0110000000e+00 6.2314223890e-12 
4.0120000000e+00 6.2567814750e-12 
4.0130000000e+00 6.2822554850e-12 
4.0140000000e+00 6.3078328920e-12 
4.0150000000e+00 6.3335017520e-12 
4.0160000000e+00 6.3594495850e-12 
4.0170000000e+00 6.3853590760e-12 
4.0180000000e+00 6.4114364850e-12 
4.0190000000e+00 6.4376866390e-12 
4.0200000000e+00 6.4640328410e-12 
4.0210000000e+00 6.4904673220e-12 
4.0220000000e+00 6.5170650210e-12 
4.0230000000e+00 6.5439192600e-12 
4.0240000000e+00 6.5707624380e-12 
4.0250000000e+00 6.5978081800e-12 
4.0260000000e+00 6.6250501780e-12 
4.0270000000e+00 6.6522692870e-12 
4.0280000000e+00 6.6797785520e-12 
4.0290000000e+00 6.7073663480e-12 
4.0300000000e+00 6.7350508000e-12 
4.0310000000e+00 6.7629638650e-12 
4.0320000000e+00 6.7910213240e-12 
4.0330000000e+00 6.8190685690e-12 
4.0340000000e+00 6.8474913060e-12 
4.0350000000e+00 6.8758870270e-12 
4.0360000000e+00 6.9044645470e-12 
4.0370000000e+00 6.9332797950e-12 
4.0380000000e+00 6.9621317930e-12 
4.0390000000e+00 6.9911779760e-12 
4.0400000000e+00 7.0203349570e-12 
4.0410000000e+00 7.0497288410e-12 
4.0420000000e+00 7.0792879320e-12 
4.0430000000e+00 7.1088526080e-12 
4.0440000000e+00 7.1387927200e-12 
4.0450000000e+00 7.1686854710e-12 
4.0460000000e+00 7.1987772880e-12 
4.0470000000e+00 7.2291063600e-12 
4.0480000000e+00 7.2595752540e-12 
4.0490000000e+00 7.2902680900e-12 
4.0500000000e+00 7.3210060250e-12 
4.0510000000e+00 7.3519926160e-12 
4.0520000000e+00 7.3830951850e-12 
4.0530000000e+00 7.4143479540e-12 
4.0540000000e+00 7.4458392140e-12 
4.0550000000e+00 7.4773938800e-12 
4.0560000000e+00 7.5091188310e-12 
4.0570000000e+00 7.5410994370e-12 
4.0580000000e+00 7.5732587710e-12 
4.0590000000e+00 7.6055973980e-12 
4.0600000000e+00 7.6379895270e-12 
4.0610000000e+00 7.6707554960e-12 
4.0620000000e+00 7.7034357410e-12 
4.0630000000e+00 7.7365064120e-12 
4.0640000000e+00 7.7696706790e-12 
4.0650000000e+00 7.8030466180e-12 
4.0660000000e+00 7.8365595550e-12 
4.0670000000e+00 7.8703212260e-12 
4.0680000000e+00 7.9042985990e-12 
4.0690000000e+00 7.9383132320e-12 
4.0700000000e+00 7.9726685390e-12 
4.0710000000e+00 8.0071779370e-12 
4.0720000000e+00 8.0417605270e-12 
4.0730000000e+00 8.0766779480e-12 
4.0740000000e+00 8.1116013760e-12 
4.0750000000e+00 8.1468258700e-12 
4.0760000000e+00 8.1823300520e-12 
4.0770000000e+00 8.2179501070e-12 
4.0780000000e+00 8.2538721990e-12 
4.0790000000e+00 8.2898575860e-12 
4.0800000000e+00 8.3261679010e-12 
4.0810000000e+00 8.3625797890e-12 
4.0820000000e+00 8.3991144810e-12 
4.0830000000e+00 8.4360348610e-12 
4.0840000000e+00 8.4729918380e-12 
4.0850000000e+00 8.5103663040e-12 
4.0860000000e+00 8.5478056170e-12 
4.0870000000e+00 8.5854222750e-12 
4.0880000000e+00 8.6233442310e-12 
4.0890000000e+00 8.6615280770e-12 
4.0900000000e+00 8.6998875830e-12 
4.0910000000e+00 8.7384264030e-12 
4.0920000000e+00 8.7771924900e-12 
4.0930000000e+00 8.8162131230e-12 
4.0940000000e+00 8.8554332830e-12 
4.0950000000e+00 8.8948618640e-12 
4.0960000000e+00 8.9346485130e-12 
4.0970000000e+00 8.9745148690e-12 
4.0980000000e+00 9.0145896320e-12 
4.0990000000e+00 9.0549699950e-12 
4.1000000000e+00 9.0956316370e-12 
4.1010000000e+00 9.1363933190e-12 
4.1020000000e+00 9.1776105530e-12 
4.1030000000e+00 9.2188696280e-12 
4.1040000000e+00 9.2604618040e-12 
4.1050000000e+00 9.3022696060e-12 
4.1060000000e+00 9.3443821220e-12 
4.1070000000e+00 9.3867945510e-12 
4.1080000000e+00 9.4293055890e-12 
4.1090000000e+00 9.4722016520e-12 
4.1100000000e+00 9.5152714780e-12 
4.1110000000e+00 9.5587048970e-12 
4.1120000000e+00 9.6023114700e-12 
4.1130000000e+00 9.6460866840e-12 
4.1140000000e+00 9.6902764730e-12 
4.1150000000e+00 9.7346593300e-12 
4.1160000000e+00 9.7793421410e-12 
4.1170000000e+00 9.8243670080e-12 
4.1180000000e+00 9.8695311380e-12 
4.1190000000e+00 9.9149606100e-12 
4.1200000000e+00 9.9608431390e-12 
4.1210000000e+00 1.0006801230e-11 
4.1220000000e+00 1.0052969550e-11 
4.1230000000e+00 1.0099374840e-11 
4.1240000000e+00 1.0146155070e-11 
4.1250000000e+00 1.0193184140e-11 
4.1260000000e+00 1.0240535840e-11 
4.1270000000e+00 1.0288168610e-11 
4.1280000000e+00 1.0336075880e-11 
4.1290000000e+00 1.0384380790e-11 
4.1300000000e+00 1.0432953920e-11 
4.1310000000e+00 1.0481663360e-11 
4.1320000000e+00 1.0530897860e-11 
4.1330000000e+00 1.0580328960e-11 
4.1340000000e+00 1.0630246850e-11 
4.1350000000e+00 1.0680298190e-11 
4.1360000000e+00 1.0730514340e-11 
4.1370000000e+00 1.0781384080e-11 
4.1380000000e+00 1.0832381410e-11 
4.1390000000e+00 1.0883889650e-11 
4.1400000000e+00 1.0935608300e-11 
4.1410000000e+00 1.0987598630e-11 
4.1420000000e+00 1.1040098160e-11 
4.1430000000e+00 1.1092833750e-11 
4.1440000000e+00 1.1145899090e-11 
4.1450000000e+00 1.1199336970e-11 
4.1460000000e+00 1.1253103990e-11 
4.1470000000e+00 1.1307255580e-11 
4.1480000000e+00 1.1361956620e-11 
4.1490000000e+00 1.1416727240e-11 
4.1500000000e+00 1.1471907780e-11 
4.1510000000e+00 1.1527701500e-11 
4.1520000000e+00 1.1583602490e-11 
4.1530000000e+00 1.1639906660e-11 
4.1540000000e+00 1.1696794410e-11 
4.1550000000e+00 1.1753934750e-11 
4.1560000000e+00 1.1811377930e-11 
4.1570000000e+00 1.1869436630e-11 
4.1580000000e+00 1.1927835030e-11 
4.1590000000e+00 1.1986590250e-11 
4.1600000000e+00 1.2045685190e-11 
4.1610000000e+00 1.2105337980e-11 
4.1620000000e+00 1.2165246400e-11 
4.1630000000e+00 1.2225659740e-11 
4.1640000000e+00 1.2286383640e-11 
4.1650000000e+00 1.2347733170e-11 
4.1660000000e+00 1.2409397530e-11 
4.1670000000e+00 1.2471554240e-11 
4.1680000000e+00 1.2534099070e-11 
4.1690000000e+00 1.2597149980e-11 
4.1700000000e+00 1.2660608180e-11 
4.1710000000e+00 1.2724496590e-11 
4.1720000000e+00 1.2788878070e-11 
4.1730000000e+00 1.2853736480e-11 
4.1740000000e+00 1.2919080340e-11 
4.1750000000e+00 1.2984933220e-11 
4.1760000000e+00 1.3051164530e-11 
4.1770000000e+00 1.3117929180e-11 
4.1780000000e+00 1.3185203140e-11 
4.1790000000e+00 1.3253085050e-11 
4.1800000000e+00 1.3321305460e-11 
4.1810000000e+00 1.3390134350e-11 
4.1820000000e+00 1.3459445490e-11 
4.1830000000e+00 1.3529222090e-11 
4.1840000000e+00 1.3599566210e-11 
4.1850000000e+00 1.3670454340e-11 
4.1860000000e+00 1.3741949050e-11 
4.1870000000e+00 1.3813946230e-11 
4.1880000000e+00 1.3886463730e-11 
4.1890000000e+00 1.3959572860e-11 
4.1900000000e+00 1.4033196220e-11 
4.1910000000e+00 1.4107606050e-11 
4.1920000000e+00 1.4182366210e-11 
4.1930000000e+00 1.4257822210e-11 
4.1940000000e+00 1.4333806730e-11 
4.1950000000e+00 1.4410395840e-11 
4.1960000000e+00 1.4487656230e-11 
4.1970000000e+00 1.4565633020e-11 
4.1980000000e+00 1.4644021760e-11 
4.1990000000e+00 1.4723175650e-11 
4.2000000000e+00 1.4803032480e-11 
4.2010000000e+00 1.4883348110e-11 
4.2020000000e+00 1.4964603960e-11 
4.2030000000e+00 1.5046291230e-11 
4.2040000000e+00 1.5128736600e-11 
4.2050000000e+00 1.5211892810e-11 
4.2060000000e+00 1.5295837980e-11 
4.2070000000e+00 1.5380361390e-11 
4.2080000000e+00 1.5465628760e-11 
4.2090000000e+00 1.5551611210e-11 
4.2100000000e+00 1.5638345620e-11 
4.2110000000e+00 1.5725824610e-11 
4.2120000000e+00 1.5814022200e-11 
4.2130000000e+00 1.5903166150e-11 
4.2140000000e+00 1.5992974600e-11 
4.2150000000e+00 1.6083548510e-11 
4.2160000000e+00 1.6174921170e-11 
4.2170000000e+00 1.6267181000e-11 
4.2180000000e+00 1.6360159900e-11 
4.2190000000e+00 1.6454021460e-11 
4.2200000000e+00 1.6548847160e-11 
4.2210000000e+00 1.6644452160e-11 
4.2220000000e+00 1.6740951960e-11 
4.2230000000e+00 1.6838101970e-11 
4.2240000000e+00 1.6936404620e-11 
4.2250000000e+00 1.7035596370e-11 
4.2260000000e+00 1.7135730600e-11 
4.2270000000e+00 1.7236923350e-11 
4.2280000000e+00 1.7338850570e-11 
4.2290000000e+00 1.7441980960e-11 
4.2300000000e+00 1.7545953600e-11 
4.2310000000e+00 1.7650998880e-11 
4.2320000000e+00 1.7757151920e-11 
4.2330000000e+00 1.7864180400e-11 
4.2340000000e+00 1.7972337800e-11 
4.2350000000e+00 1.8081711350e-11 
4.2360000000e+00 1.8192079110e-11 
4.2370000000e+00 1.8303579940e-11 
4.2380000000e+00 1.8416137530e-11 
4.2390000000e+00 1.8530005120e-11 
4.2400000000e+00 1.8645034060e-11 
4.2410000000e+00 1.8761231700e-11 
4.2420000000e+00 1.8878521600e-11 
4.2430000000e+00 1.8997180270e-11 
4.2440000000e+00 1.9117139360e-11 
4.2450000000e+00 1.9238416770e-11 
4.2460000000e+00 1.9360860280e-11 
4.2470000000e+00 1.9484782310e-11 
4.2480000000e+00 1.9610028480e-11 
4.2490000000e+00 1.9736647850e-11 
4.2500000000e+00 1.9864675040e-11 
4.2510000000e+00 1.9994206800e-11 
4.2520000000e+00 2.0125152040e-11 
4.2530000000e+00 2.0257637970e-11 
4.2540000000e+00 2.0391691740e-11 
4.2550000000e+00 2.0527375750e-11 
4.2560000000e+00 2.0664543680e-11 
4.2570000000e+00 2.0803400390e-11 
4.2580000000e+00 2.0943977990e-11 
4.2590000000e+00 2.1086186150e-11 
4.2600000000e+00 2.1230227570e-11 
4.2610000000e+00 2.1376094980e-11 
4.2620000000e+00 2.1523664290e-11 
4.2630000000e+00 2.1673077440e-11 
4.2640000000e+00 2.1824497140e-11 
4.2650000000e+00 2.1977963650e-11 
4.2660000000e+00 2.2133274750e-11 
4.2670000000e+00 2.2290684240e-11 
4.2680000000e+00 2.2450136190e-11 
4.2690000000e+00 2.2611908950e-11 
4.2700000000e+00 2.2776241870e-11 
4.2710000000e+00 2.2942399320e-11 
4.2720000000e+00 2.3110936290e-11 
4.2730000000e+00 2.3281957160e-11 
4.2740000000e+00 2.3455346160e-11 
4.2750000000e+00 2.3631211630e-11 
4.2760000000e+00 2.3809691780e-11 
4.2770000000e+00 2.3990808110e-11 
4.2780000000e+00 2.4174646800e-11 
4.2790000000e+00 2.4361264990e-11 
4.2800000000e+00 2.4550806260e-11 
4.2810000000e+00 2.4743300670e-11 
4.2820000000e+00 2.4938848280e-11 
4.2830000000e+00 2.5137116740e-11 
4.2840000000e+00 2.5339015690e-11 
4.2850000000e+00 2.5544337450e-11 
4.2860000000e+00 2.5753020840e-11 
4.2870000000e+00 2.5965649540e-11 
4.2880000000e+00 2.6181633300e-11 
4.2890000000e+00 2.6401405450e-11 
4.2900000000e+00 2.6625079550e-11 
4.2910000000e+00 2.6852822490e-11 
4.2920000000e+00 2.7084704050e-11 
4.2930000000e+00 2.7321207580e-11 
4.2940000000e+00 2.7562012810e-11 
4.2950000000e+00 2.7807600740e-11 
4.2960000000e+00 2.8058115800e-11 
4.2970000000e+00 2.8313645080e-11 
4.2980000000e+00 2.8574379870e-11 
4.2990000000e+00 2.8840727420e-11 
4.3000000000e+00 2.9112731740e-11 
4.3010000000e+00 2.9390779020e-11 
4.3020000000e+00 2.9675080260e-11 
4.3030000000e+00 2.9965923480e-11 
4.3040000000e+00 3.0263559160e-11 
4.3050000000e+00 3.0568364110e-11 
4.3060000000e+00 3.0880637500e-11 
4.3070000000e+00 3.1200416280e-11 
4.3080000000e+00 3.1528953600e-11 
4.3090000000e+00 3.1866176080e-11 
4.3100000000e+00 3.2212637860e-11 
4.3110000000e+00 3.2569055810e-11 
4.3120000000e+00 3.2935629050e-11 
4.3130000000e+00 3.3313184210e-11 
4.3140000000e+00 3.3702555590e-11 
4.3150000000e+00 3.4104434600e-11 
4.3160000000e+00 3.4520285320e-11 
4.3170000000e+00 3.4949891370e-11 
4.3180000000e+00 3.5394991150e-11 
4.3190000000e+00 3.5856586410e-11 
4.3200000000e+00 3.6336216250e-11 
4.3210000000e+00 3.6835359760e-11 
4.3220000000e+00 3.7355106630e-11 
4.3230000000e+00 3.7898805380e-11 
4.3240000000e+00 3.8468289410e-11 
4.3250000000e+00 3.9067171720e-11 
4.3260000000e+00 3.9697517620e-11 
4.3270000000e+00 4.0363747610e-11 
4.3280000000e+00 4.1069906870e-11 
4.3290000000e+00 4.1823721950e-11 
4.3300000000e+00 4.2632372170e-11 
4.3310000000e+00 4.3506623960e-11 
4.3315000000e+00 4.3971432700e-11 
4.3320000000e+00 4.4457913690e-11 
4.3325000000e+00 4.4967271430e-11 
4.3327500000e+00 4.5232160610e-11 
4.3330000000e+00 4.5505312440e-11 
4.3332500000e+00 4.5785166490e-11 
4.3335000000e+00 4.6073182820e-11 
4.3337500000e+00 4.6368756170e-11 
4.3340000000e+00 4.6674748660e-11 
4.3342500000e+00 4.6990760670e-11 
4.3345000000e+00 4.7319064220e-11 
4.3347500000e+00 4.7658278590e-11 
4.3348750000e+00 4.7832759560e-11 
4.3350000000e+00 4.8009414520e-11 
4.3351250000e+00 4.8190760100e-11 
4.3352500000e+00 4.8375823440e-11 
4.3353750000e+00 4.8564896990e-11 
4.3355000000e+00 4.8759418850e-11 
4.3356250000e+00 4.8957240660e-11 
4.3357500000e+00 4.9159643770e-11 
4.3358750000e+00 4.9367103190e-11 
4.3360000000e+00 4.9579858250e-11 
4.3361250000e+00 4.9796839650e-11 
4.3362500000e+00 5.0021168880e-11 
4.3363750000e+00 5.0251679540e-11 
4.3364375000e+00 5.0369609690e-11 
4.3365000000e+00 5.0490762160e-11 
4.3365625000e+00 5.0612439980e-11 
4.3366250000e+00 5.0736037710e-11 
4.3366875000e+00 5.0861687130e-11 
4.3367500000e+00 5.0989468900e-11 
4.3368125000e+00 5.1119469140e-11 
4.3368750000e+00 5.1251792680e-11 
4.3369375000e+00 5.1386477570e-11 
4.3370000000e+00 5.1522284470e-11 
4.3370625000e+00 5.1662187460e-11 
4.3371250000e+00 5.1804812200e-11 
4.3371875000e+00 5.1950339570e-11 
4.3372500000e+00 5.2098982110e-11 
4.3373125000e+00 5.2250968690e-11 
4.3373750000e+00 5.2406333770e-11 
4.3374062500e+00 5.2485316330e-11 
4.3374375000e+00 5.2566816010e-11 
4.3374687500e+00 5.2647773340e-11 
4.3375000000e+00 5.2729761300e-11 
4.3375312500e+00 5.2812838400e-11 
4.3375625000e+00 5.2896896530e-11 
4.3375937500e+00 5.2982280680e-11 
4.3376250000e+00 5.3068650860e-11 
4.3376562500e+00 5.3156307560e-11 
4.3376875000e+00 5.3245120050e-11 
4.3377187500e+00 5.3335341800e-11 
4.3377500000e+00 5.3426821530e-11 
4.3377812500e+00 5.3519735970e-11 
4.3378125000e+00 5.3613952330e-11 
4.3378437500e+00 5.3709895090e-11 
4.3378750000e+00 5.3807317260e-11 
4.3379062500e+00 5.3906401010e-11 
4.3379375000e+00 5.4007230750e-11 
4.3379687500e+00 5.4109861780e-11 
4.3380000000e+00 5.4214352410e-11 
4.2880000000e+00 2.6181490920e-11 
4.2380000000e+00 1.8416112150e-11 
4.1880000000e+00 1.3886303890e-11 
4.1380000000e+00 1.0832567720e-11 
4.0880000000e+00 8.6234686720e-12 
4.0380000000e+00 6.9621978280e-12 
3.9880000000e+00 5.6831911330e-12 
3.9380000000e+00 4.6805710720e-12 
3.8880000000e+00 3.8809957500e-12 
3.8380000000e+00 3.2371985610e-12 
3.7880000000e+00 2.7146795440e-12 
3.7380000000e+00 2.2868395000e-12 
3.6880000000e+00 1.9341000440e-12 
3.6380000000e+00 1.6432000370e-12 
3.5880000000e+00 1.4010045330e-12 
3.5380000000e+00 1.1991341610e-12 
3.4880000000e+00 1.0286134310e-12 
3.4380000000e+00 8.8499493140e-13 
3.3880000000e+00 7.6277032750e-13 
3.3380000000e+00 6.5798768340e-13 
3.2880000000e+00 5.6806523540e-13 
3.2380000000e+00 4.9096438120e-13 
3.1880000000e+00 4.2446617390e-13 
3.1380000000e+00 3.6749250440e-13 
3.0880000000e+00 3.1840613170e-13 
3.0380000000e+00 2.7578021680e-13 
2.9880000000e+00 2.3876138080e-13 
2.9380000000e+00 2.0671834200e-13 
2.8880000000e+00 1.7873839760e-13 
2.8380000000e+00 1.5450098940e-13 
2.7880000000e+00 1.3305734470e-13 
2.7380000000e+00 1.1439208870e-13 
2.6880000000e+00 9.7727303880e-14 
2.6380000000e+00 8.3381822820e-14 
2.5880000000e+00 7.0850625540e-14 
2.5380000000e+00 6.0196244440e-14 
2.4880000000e+00 5.0859586350e-14 
2.4380000000e+00 4.2996221430e-14 
2.3880000000e+00 3.6275793380e-14 
2.3380000000e+00 3.0568156900e-14 
2.2880000000e+00 2.5743436100e-14 
2.2380000000e+00 2.1676896260e-14 
2.1880000000e+00 1.8433209310e-14 
2.1380000000e+00 1.5767310020e-14 
2.0880000000e+00 1.3642768590e-14 
2.0380000000e+00 1.1917828140e-14 
1.9880000000e+00 1.0504115590e-14 
1.9380000000e+00 9.4747909140e-15 
1.8880000000e+00 8.5459939570e-15 
1.8380000000e+00 7.8024984020e-15 
1.7880000000e+00 7.1041040940e-15 
1.7380000000e+00 6.5155067290e-15 
1.6880000000e+00 6.0103617630e-15 
1.6380000000e+00 5.5006245660e-15 
1.5880000000e+00 5.0626444160e-15 
1.5380000000e+00 4.7134282000e-15 
1.4880000000e+00 4.3808932360e-15 
1.4380000000e+00 4.0460339540e-15 
1.3880000000e+00 3.7684716920e-15 
1.3380000000e+00 3.6055511170e-15 
1.2880000000e+00 3.3117328750e-15 
1.2380000000e+00 3.0843037610e-15 
1.1880000000e+00 2.8653209510e-15 
1.1380000000e+00 2.7094798730e-15 
1.0880000000e+00 2.4003932720e-15 
1.0380000000e+00 2.2580275820e-15 
9.8800000000e-01 2.0834609870e-15 
9.3800000000e-01 1.9811199700e-15 
8.8800000000e-01 1.8094780430e-15 
8.3800000000e-01 1.6545675890e-15 
7.8800000000e-01 1.4930860180e-15 
7.3800000000e-01 1.3076527120e-15 
6.8800000000e-01 1.2205423490e-15 
6.3800000000e-01 1.0471907550e-15 
5.8800000000e-01 9.6772016190e-16 
5.3800000000e-01 8.3670540520e-16 
4.8800000000e-01 7.3454299750e-16 
4.3800000000e-01 6.8318600200e-16 
3.8800000000e-01 5.6980290900e-16 
3.3800000000e-01 4.5490118070e-16 
2.8800000000e-01 3.7038714430e-16 
2.3800000000e-01 2.7283507200e-16 
1.8800000000e-01 2.8927778040e-16 
1.3800000000e-01 2.5079855320e-16 
8.8000000000e-02 1.6062513380e-16 
3.8000000000e-02 7.4376282960e-17 
0.0000000000e+00 1.2731385640e-17 
