EXPORTED XY-GRAPH DATA
1718 2 2
Drain Voltage
Drain Current
0.0000000000e+00 -2.5703119040e-17 
5.0000000000e-02 1.0089461050e-16 
1.0000000000e-01 1.6210949320e-16 
1.5000000000e-01 2.1916525980e-16 
2.0000000000e-01 2.7238288860e-16 
2.5000000000e-01 2.8586377980e-16 
3.0000000000e-01 3.5051095350e-16 
3.5000000000e-01 4.3369407450e-16 
4.0000000000e-01 4.8096323960e-16 
4.5000000000e-01 6.3530610940e-16 
5.0000000000e-01 6.2006793090e-16 
5.5000000000e-01 7.0495424700e-16 
6.0000000000e-01 8.0912873210e-16 
6.5000000000e-01 8.6548951440e-16 
7.0000000000e-01 1.0086648280e-15 
7.5000000000e-01 1.1736412870e-15 
8.0000000000e-01 1.2583035580e-15 
8.5000000000e-01 1.3439171890e-15 
9.0000000000e-01 1.4755176890e-15 
9.5000000000e-01 1.5646725230e-15 
1.0000000000e+00 1.7089353130e-15 
1.0500000000e+00 1.8779448860e-15 
1.1000000000e+00 1.9704447320e-15 
1.1500000000e+00 2.1646901990e-15 
1.2000000000e+00 2.2768170840e-15 
1.2500000000e+00 2.4702462470e-15 
1.3000000000e+00 2.5723952850e-15 
1.3500000000e+00 2.7769732310e-15 
1.4000000000e+00 2.9446571320e-15 
1.4500000000e+00 3.1036905310e-15 
1.5000000000e+00 3.3767714280e-15 
1.5500000000e+00 3.5344037030e-15 
1.6000000000e+00 3.7817419460e-15 
1.6500000000e+00 4.0989472970e-15 
1.7000000000e+00 4.4015053300e-15 
1.7500000000e+00 4.7625422200e-15 
1.8000000000e+00 5.0860516670e-15 
1.8500000000e+00 5.5597270170e-15 
1.9000000000e+00 6.0168862220e-15 
1.9500000000e+00 6.5958651680e-15 
2.0000000000e+00 7.2897454310e-15 
2.0500000000e+00 8.0251532230e-15 
2.1000000000e+00 9.1082561150e-15 
2.1500000000e+00 1.0305979540e-14 
2.2000000000e+00 1.1965428300e-14 
2.2500000000e+00 1.3816180410e-14 
2.3000000000e+00 1.6220511160e-14 
2.3500000000e+00 1.9107573900e-14 
2.4000000000e+00 2.2690538370e-14 
2.4500000000e+00 2.6903738880e-14 
2.5000000000e+00 3.1863488050e-14 
2.5500000000e+00 3.7686511130e-14 
2.6000000000e+00 4.4441792360e-14 
2.6500000000e+00 5.2531787830e-14 
2.7000000000e+00 6.1785602180e-14 
2.7500000000e+00 7.2496169900e-14 
2.8000000000e+00 8.4867381150e-14 
2.8500000000e+00 9.8965327650e-14 
2.9000000000e+00 1.1510373440e-13 
2.9500000000e+00 1.3341174260e-13 
3.0000000000e+00 1.5450303810e-13 
3.0010000000e+00 1.5490834640e-13 
3.0020000000e+00 1.5535868430e-13 
3.0030000000e+00 1.5583654430e-13 
3.0040000000e+00 1.5624046130e-13 
3.0050000000e+00 1.5670277130e-13 
3.0060000000e+00 1.5715454890e-13 
3.0070000000e+00 1.5764842820e-13 
3.0080000000e+00 1.5809396900e-13 
3.0090000000e+00 1.5859434780e-13 
3.0100000000e+00 1.5899584420e-13 
3.0110000000e+00 1.5944081440e-13 
3.0120000000e+00 1.5993573260e-13 
3.0130000000e+00 1.6040443180e-13 
3.0140000000e+00 1.6079427770e-13 
3.0150000000e+00 1.6134838980e-13 
3.0160000000e+00 1.6183283870e-13 
3.0170000000e+00 1.6225683150e-13 
3.0180000000e+00 1.6278203400e-13 
3.0190000000e+00 1.6323402150e-13 
3.0200000000e+00 1.6370699210e-13 
3.0210000000e+00 1.6419112930e-13 
3.0220000000e+00 1.6466575540e-13 
3.0230000000e+00 1.6515823180e-13 
3.0240000000e+00 1.6558167020e-13 
3.0250000000e+00 1.6609042240e-13 
3.0260000000e+00 1.6662015760e-13 
3.0270000000e+00 1.6710090600e-13 
3.0280000000e+00 1.6761876620e-13 
3.0290000000e+00 1.6808224940e-13 
3.0300000000e+00 1.6848843170e-13 
3.0310000000e+00 1.6902775530e-13 
3.0320000000e+00 1.6955526740e-13 
3.0330000000e+00 1.6997823180e-13 
3.0340000000e+00 1.7047648160e-13 
3.0350000000e+00 1.7102892130e-13 
3.0360000000e+00 1.7149728190e-13 
3.0370000000e+00 1.7202630490e-13 
3.0380000000e+00 1.7249213020e-13 
3.0390000000e+00 1.7291293370e-13 
3.0400000000e+00 1.7348320220e-13 
3.0410000000e+00 1.7408668760e-13 
3.0420000000e+00 1.7449226860e-13 
3.0430000000e+00 1.7495642290e-13 
3.0440000000e+00 1.7554807290e-13 
3.0450000000e+00 1.7599109830e-13 
3.0460000000e+00 1.7646805030e-13 
3.0470000000e+00 1.7697788450e-13 
3.0480000000e+00 1.7750138540e-13 
3.0490000000e+00 1.7798466540e-13 
3.0500000000e+00 1.7849706790e-13 
3.0510000000e+00 1.7901749740e-13 
3.0520000000e+00 1.7958647370e-13 
3.0530000000e+00 1.8010833630e-13 
3.0540000000e+00 1.8058976880e-13 
3.0550000000e+00 1.8110784260e-13 
3.0560000000e+00 1.8163791140e-13 
3.0570000000e+00 1.8220044410e-13 
3.0580000000e+00 1.8268244430e-13 
3.0590000000e+00 1.8324326490e-13 
3.0600000000e+00 1.8373355460e-13 
3.0610000000e+00 1.8436532910e-13 
3.0620000000e+00 1.8474738340e-13 
3.0630000000e+00 1.8531561660e-13 
3.0640000000e+00 1.8586032540e-13 
3.0650000000e+00 1.8643623730e-13 
3.0660000000e+00 1.8698737630e-13 
3.0670000000e+00 1.8753111030e-13 
3.0680000000e+00 1.8809436100e-13 
3.0690000000e+00 1.8854866530e-13 
3.0700000000e+00 1.8913881330e-13 
3.0710000000e+00 1.8962920470e-13 
3.0720000000e+00 1.9024750280e-13 
3.0730000000e+00 1.9075580970e-13 
3.0740000000e+00 1.9131662270e-13 
3.0750000000e+00 1.9190571340e-13 
3.0760000000e+00 1.9238481260e-13 
3.0770000000e+00 1.9295631100e-13 
3.0780000000e+00 1.9350950970e-13 
3.0790000000e+00 1.9407197900e-13 
3.0800000000e+00 1.9457792620e-13 
3.0810000000e+00 1.9522998350e-13 
3.0820000000e+00 1.9573947370e-13 
3.0830000000e+00 1.9633717670e-13 
3.0840000000e+00 1.9686394180e-13 
3.0850000000e+00 1.9747829230e-13 
3.0860000000e+00 1.9803861890e-13 
3.0870000000e+00 1.9857082660e-13 
3.0880000000e+00 1.9914363220e-13 
3.0890000000e+00 1.9972946440e-13 
3.0900000000e+00 2.0030827260e-13 
3.0910000000e+00 2.0084099920e-13 
3.0920000000e+00 2.0144732330e-13 
3.0930000000e+00 2.0201278640e-13 
3.0940000000e+00 2.0259754260e-13 
3.0950000000e+00 2.0315605900e-13 
3.0960000000e+00 2.0375517260e-13 
3.0970000000e+00 2.0447049260e-13 
3.0980000000e+00 2.0492856750e-13 
3.0990000000e+00 2.0552269080e-13 
3.1000000000e+00 2.0611689110e-13 
3.1010000000e+00 2.0667127490e-13 
3.1020000000e+00 2.0733601660e-13 
3.1030000000e+00 2.0791666240e-13 
3.1040000000e+00 2.0848755820e-13 
3.1050000000e+00 2.0910391960e-13 
3.1060000000e+00 2.0970950720e-13 
3.1070000000e+00 2.1029429340e-13 
3.1080000000e+00 2.1088047770e-13 
3.1090000000e+00 2.1154359740e-13 
3.1100000000e+00 2.1213995290e-13 
3.1110000000e+00 2.1266160740e-13 
3.1120000000e+00 2.1332577680e-13 
3.1130000000e+00 2.1394092960e-13 
3.1140000000e+00 2.1455135030e-13 
3.1150000000e+00 2.1518126750e-13 
3.1160000000e+00 2.1579016110e-13 
3.1170000000e+00 2.1632435260e-13 
3.1180000000e+00 2.1700294640e-13 
3.1190000000e+00 2.1754856800e-13 
3.1200000000e+00 2.1827910190e-13 
3.1210000000e+00 2.1894689030e-13 
3.1220000000e+00 2.1953476040e-13 
3.1230000000e+00 2.2015465630e-13 
3.1240000000e+00 2.2076689430e-13 
3.1250000000e+00 2.2131487190e-13 
3.1260000000e+00 2.2198030210e-13 
3.1270000000e+00 2.2263159930e-13 
3.1280000000e+00 2.2323116790e-13 
3.1290000000e+00 2.2395842320e-13 
3.1300000000e+00 2.2452449590e-13 
3.1310000000e+00 2.2513302710e-13 
3.1320000000e+00 2.2579028840e-13 
3.1330000000e+00 2.2647853010e-13 
3.1340000000e+00 2.2709164870e-13 
3.1350000000e+00 2.2776853950e-13 
3.1360000000e+00 2.2840435200e-13 
3.1370000000e+00 2.2902728300e-13 
3.1380000000e+00 2.2973842320e-13 
3.1390000000e+00 2.3038486740e-13 
3.1400000000e+00 2.3102573100e-13 
3.1410000000e+00 2.3166102170e-13 
3.1420000000e+00 2.3229720510e-13 
3.1430000000e+00 2.3303639280e-13 
3.1440000000e+00 2.3373152420e-13 
3.1450000000e+00 2.3433418810e-13 
3.1460000000e+00 2.3502588850e-13 
3.1470000000e+00 2.3565498870e-13 
3.1480000000e+00 2.3636038390e-13 
3.1490000000e+00 2.3710823800e-13 
3.1500000000e+00 2.3763538020e-13 
3.1510000000e+00 2.3835745260e-13 
3.1520000000e+00 2.3904157000e-13 
3.1530000000e+00 2.3977879740e-13 
3.1540000000e+00 2.4041833390e-13 
3.1550000000e+00 2.4102304770e-13 
3.1560000000e+00 2.4180075980e-13 
3.1570000000e+00 2.4246386220e-13 
3.1580000000e+00 2.4307041930e-13 
3.1590000000e+00 2.4378919420e-13 
3.1600000000e+00 2.4449131670e-13 
3.1610000000e+00 2.4524109720e-13 
3.1620000000e+00 2.4583949820e-13 
3.1630000000e+00 2.4663554160e-13 
3.1640000000e+00 2.4735332730e-13 
3.1650000000e+00 2.4803175080e-13 
3.1660000000e+00 2.4875098170e-13 
3.1670000000e+00 2.4941035890e-13 
3.1680000000e+00 2.5008232110e-13 
3.1690000000e+00 2.5090263050e-13 
3.1700000000e+00 2.5157971070e-13 
3.1710000000e+00 2.5228566670e-13 
3.1720000000e+00 2.5300838410e-13 
3.1730000000e+00 2.5368624730e-13 
3.1740000000e+00 2.5435873160e-13 
3.1750000000e+00 2.5505904640e-13 
3.1760000000e+00 2.5588243420e-13 
3.1770000000e+00 2.5650369120e-13 
3.1780000000e+00 2.5733553540e-13 
3.1790000000e+00 2.5807030760e-13 
3.1800000000e+00 2.5878216450e-13 
3.1810000000e+00 2.5948178770e-13 
3.1820000000e+00 2.6022034290e-13 
3.1830000000e+00 2.6097652720e-13 
3.1840000000e+00 2.6164900290e-13 
3.1850000000e+00 2.6247880180e-13 
3.1860000000e+00 2.6315225210e-13 
3.1870000000e+00 2.6384915540e-13 
3.1880000000e+00 2.6465182470e-13 
3.1890000000e+00 2.6540469320e-13 
3.1900000000e+00 2.6612196250e-13 
3.1910000000e+00 2.6680690080e-13 
3.1920000000e+00 2.6767612440e-13 
3.1930000000e+00 2.6845088680e-13 
3.1940000000e+00 2.6906883200e-13 
3.1950000000e+00 2.6982780190e-13 
3.1960000000e+00 2.7065302220e-13 
3.1970000000e+00 2.7145808570e-13 
3.1980000000e+00 2.7220345490e-13 
3.1990000000e+00 2.7296327430e-13 
3.2000000000e+00 2.7374025910e-13 
3.2010000000e+00 2.7442997600e-13 
3.2020000000e+00 2.7522834070e-13 
3.2030000000e+00 2.7601045130e-13 
3.2040000000e+00 2.7681118810e-13 
3.2050000000e+00 2.7753847430e-13 
3.2060000000e+00 2.7830111980e-13 
3.2070000000e+00 2.7916092360e-13 
3.2080000000e+00 2.7990755800e-13 
3.2090000000e+00 2.8069140550e-13 
3.2100000000e+00 2.8153878300e-13 
3.2110000000e+00 2.8220594420e-13 
3.2120000000e+00 2.8306070110e-13 
3.2130000000e+00 2.8384969950e-13 
3.2140000000e+00 2.8461429440e-13 
3.2150000000e+00 2.8542696210e-13 
3.2160000000e+00 2.8627663220e-13 
3.2170000000e+00 2.8705716250e-13 
3.2180000000e+00 2.8786355250e-13 
3.2190000000e+00 2.8860459800e-13 
3.2200000000e+00 2.8944363170e-13 
3.2210000000e+00 2.9032050000e-13 
3.2220000000e+00 2.9111050980e-13 
3.2230000000e+00 2.9186963680e-13 
3.2240000000e+00 2.9277123910e-13 
3.2250000000e+00 2.9351475890e-13 
3.2260000000e+00 2.9432305540e-13 
3.2270000000e+00 2.9514620940e-13 
3.2280000000e+00 2.9607215310e-13 
3.2290000000e+00 2.9685129180e-13 
3.2300000000e+00 2.9765990770e-13 
3.2310000000e+00 2.9855481190e-13 
3.2320000000e+00 2.9934196820e-13 
3.2330000000e+00 3.0021854520e-13 
3.2340000000e+00 3.0101264630e-13 
3.2350000000e+00 3.0192394660e-13 
3.2360000000e+00 3.0266400260e-13 
3.2370000000e+00 3.0356804320e-13 
3.2380000000e+00 3.0449362160e-13 
3.2390000000e+00 3.0529014560e-13 
3.2400000000e+00 3.0611342830e-13 
3.2410000000e+00 3.0696660270e-13 
3.2420000000e+00 3.0786721310e-13 
3.2430000000e+00 3.0873860560e-13 
3.2440000000e+00 3.0956365300e-13 
3.2450000000e+00 3.1039916640e-13 
3.2460000000e+00 3.1132931820e-13 
3.2470000000e+00 3.1217134960e-13 
3.2480000000e+00 3.1304911340e-13 
3.2490000000e+00 3.1401657290e-13 
3.2500000000e+00 3.1484954560e-13 
3.2510000000e+00 3.1573036800e-13 
3.2520000000e+00 3.1662979880e-13 
3.2530000000e+00 3.1752087980e-13 
3.2540000000e+00 3.1835491420e-13 
3.2550000000e+00 3.1933996040e-13 
3.2560000000e+00 3.2028199710e-13 
3.2570000000e+00 3.2112003540e-13 
3.2580000000e+00 3.2196372920e-13 
3.2590000000e+00 3.2295844870e-13 
3.2600000000e+00 3.2377961570e-13 
3.2610000000e+00 3.2466470860e-13 
3.2620000000e+00 3.2565383120e-13 
3.2630000000e+00 3.2655357380e-13 
3.2640000000e+00 3.2744748260e-13 
3.2650000000e+00 3.2837983650e-13 
3.2660000000e+00 3.2928839330e-13 
3.2670000000e+00 3.3022098250e-13 
3.2680000000e+00 3.3110888700e-13 
3.2690000000e+00 3.3202708950e-13 
3.2700000000e+00 3.3309318080e-13 
3.2710000000e+00 3.3389005630e-13 
3.2720000000e+00 3.3484630750e-13 
3.2730000000e+00 3.3587149550e-13 
3.2740000000e+00 3.3680521110e-13 
3.2750000000e+00 3.3773622190e-13 
3.2760000000e+00 3.3859936150e-13 
3.2770000000e+00 3.3964422380e-13 
3.2780000000e+00 3.4054142650e-13 
3.2790000000e+00 3.4152259590e-13 
3.2800000000e+00 3.4259045300e-13 
3.2810000000e+00 3.4339264120e-13 
3.2820000000e+00 3.4440349390e-13 
3.2830000000e+00 3.4541686040e-13 
3.2840000000e+00 3.4637697320e-13 
3.2850000000e+00 3.4728571190e-13 
3.2860000000e+00 3.4837178380e-13 
3.2870000000e+00 3.4935718860e-13 
3.2880000000e+00 3.5030187040e-13 
3.2890000000e+00 3.5131652740e-13 
3.2900000000e+00 3.5225599790e-13 
3.2910000000e+00 3.5326629420e-13 
3.2920000000e+00 3.5422964990e-13 
3.2930000000e+00 3.5531193670e-13 
3.2940000000e+00 3.5634598560e-13 
3.2950000000e+00 3.5722778110e-13 
3.2960000000e+00 3.5824225910e-13 
3.2970000000e+00 3.5926597800e-13 
3.2980000000e+00 3.6032359780e-13 
3.2990000000e+00 3.6125256320e-13 
3.3000000000e+00 3.6232251910e-13 
3.3010000000e+00 3.6333525180e-13 
3.3020000000e+00 3.6434611050e-13 
3.3030000000e+00 3.6539143740e-13 
3.3040000000e+00 3.6639478750e-13 
3.3050000000e+00 3.6747458720e-13 
3.3060000000e+00 3.6843742690e-13 
3.3070000000e+00 3.6955419140e-13 
3.3080000000e+00 3.7060077610e-13 
3.3090000000e+00 3.7157111160e-13 
3.3100000000e+00 3.7266863000e-13 
3.3110000000e+00 3.7367279230e-13 
3.3120000000e+00 3.7480374230e-13 
3.3130000000e+00 3.7583674060e-13 
3.3140000000e+00 3.7691465090e-13 
3.3150000000e+00 3.7800844580e-13 
3.3160000000e+00 3.7899351860e-13 
3.3170000000e+00 3.8000722190e-13 
3.3180000000e+00 3.8106776110e-13 
3.3190000000e+00 3.8225638270e-13 
3.3200000000e+00 3.8324157100e-13 
3.3210000000e+00 3.8440179000e-13 
3.3220000000e+00 3.8544755190e-13 
3.3230000000e+00 3.8646101370e-13 
3.3240000000e+00 3.8760169440e-13 
3.3250000000e+00 3.8868669340e-13 
3.3260000000e+00 3.8979403870e-13 
3.3270000000e+00 3.9087130480e-13 
3.3280000000e+00 3.9193457390e-13 
3.3290000000e+00 3.9309444020e-13 
3.3300000000e+00 3.9416767130e-13 
3.3310000000e+00 3.9527034660e-13 
3.3320000000e+00 3.9644973020e-13 
3.3330000000e+00 3.9758777440e-13 
3.3340000000e+00 3.9862221360e-13 
3.3350000000e+00 3.9977109460e-13 
3.3360000000e+00 4.0088320440e-13 
3.3370000000e+00 4.0199676680e-13 
3.3380000000e+00 4.0308316690e-13 
3.3390000000e+00 4.0422699500e-13 
3.3400000000e+00 4.0537143930e-13 
3.3410000000e+00 4.0651273980e-13 
3.3420000000e+00 4.0762541450e-13 
3.3430000000e+00 4.0882893410e-13 
3.3440000000e+00 4.0989438160e-13 
3.3450000000e+00 4.1105338860e-13 
3.3460000000e+00 4.1228089080e-13 
3.3470000000e+00 4.1341000440e-13 
3.3480000000e+00 4.1457732690e-13 
3.3490000000e+00 4.1572562900e-13 
3.3500000000e+00 4.1695412130e-13 
3.3510000000e+00 4.1813414230e-13 
3.3520000000e+00 4.1932145870e-13 
3.3530000000e+00 4.2048536010e-13 
3.3540000000e+00 4.2158094230e-13 
3.3550000000e+00 4.2286490450e-13 
3.3560000000e+00 4.2397068750e-13 
3.3570000000e+00 4.2516062600e-13 
3.3580000000e+00 4.2644349210e-13 
3.3590000000e+00 4.2766113950e-13 
3.3600000000e+00 4.2883506500e-13 
3.3610000000e+00 4.3000228450e-13 
3.3620000000e+00 4.3126201040e-13 
3.3630000000e+00 4.3230867250e-13 
3.3640000000e+00 4.3367466860e-13 
3.3650000000e+00 4.3480942870e-13 
3.3660000000e+00 4.3604087130e-13 
3.3670000000e+00 4.3729672860e-13 
3.3680000000e+00 4.3857992430e-13 
3.3690000000e+00 4.3977453750e-13 
3.3700000000e+00 4.4096056350e-13 
3.3710000000e+00 4.4225016260e-13 
3.3720000000e+00 4.4353242670e-13 
3.3730000000e+00 4.4477790560e-13 
3.3740000000e+00 4.4598430120e-13 
3.3750000000e+00 4.4729155310e-13 
3.3760000000e+00 4.4859815220e-13 
3.3770000000e+00 4.4979736800e-13 
3.3780000000e+00 4.5111728100e-13 
3.3790000000e+00 4.5239831780e-13 
3.3800000000e+00 4.5369645380e-13 
3.3810000000e+00 4.5486881300e-13 
3.3820000000e+00 4.5616646170e-13 
3.3830000000e+00 4.5751817690e-13 
3.3840000000e+00 4.5878756930e-13 
3.3850000000e+00 4.6012063550e-13 
3.3860000000e+00 4.6138849770e-13 
3.3870000000e+00 4.6263355630e-13 
3.3880000000e+00 4.6402792150e-13 
3.3890000000e+00 4.6533661950e-13 
3.3900000000e+00 4.6665447470e-13 
3.3910000000e+00 4.6793010590e-13 
3.3920000000e+00 4.6923264710e-13 
3.3930000000e+00 4.7057546530e-13 
3.3940000000e+00 4.7192994560e-13 
3.3950000000e+00 4.7325598520e-13 
3.3960000000e+00 4.7457447050e-13 
3.3970000000e+00 4.7596560540e-13 
3.3980000000e+00 4.7730656300e-13 
3.3990000000e+00 4.7876235920e-13 
3.4000000000e+00 4.8007943090e-13 
3.4010000000e+00 4.8141699470e-13 
3.4020000000e+00 4.8279984320e-13 
3.4030000000e+00 4.8414150580e-13 
3.4040000000e+00 4.8555769350e-13 
3.4050000000e+00 4.8688465550e-13 
3.4060000000e+00 4.8823583010e-13 
3.4070000000e+00 4.8962310730e-13 
3.4080000000e+00 4.9102195960e-13 
3.4090000000e+00 4.9244101830e-13 
3.4100000000e+00 4.9381721440e-13 
3.4110000000e+00 4.9523118140e-13 
3.4120000000e+00 4.9661819950e-13 
3.4130000000e+00 4.9799785940e-13 
3.4140000000e+00 4.9950111930e-13 
3.4150000000e+00 5.0086647930e-13 
3.4160000000e+00 5.0229215210e-13 
3.4170000000e+00 5.0364321030e-13 
3.4180000000e+00 5.0521373600e-13 
3.4190000000e+00 5.0658996610e-13 
3.4200000000e+00 5.0806953360e-13 
3.4210000000e+00 5.0946591250e-13 
3.4220000000e+00 5.1086722630e-13 
3.4230000000e+00 5.1236038650e-13 
3.4240000000e+00 5.1379396550e-13 
3.4250000000e+00 5.1528137670e-13 
3.4260000000e+00 5.1672988340e-13 
3.4270000000e+00 5.1830008170e-13 
3.4280000000e+00 5.1967930740e-13 
3.4290000000e+00 5.2114765940e-13 
3.4300000000e+00 5.2272999280e-13 
3.4310000000e+00 5.2417838370e-13 
3.4320000000e+00 5.2564885410e-13 
3.4330000000e+00 5.2710088350e-13 
3.4340000000e+00 5.2866793640e-13 
3.4350000000e+00 5.3012527290e-13 
3.4360000000e+00 5.3168865060e-13 
3.4370000000e+00 5.3316027310e-13 
3.4380000000e+00 5.3467248050e-13 
3.4390000000e+00 5.3623812520e-13 
3.4400000000e+00 5.3772601140e-13 
3.4410000000e+00 5.3929654730e-13 
3.4420000000e+00 5.4089292080e-13 
3.4430000000e+00 5.4239378050e-13 
3.4440000000e+00 5.4396893350e-13 
3.4450000000e+00 5.4556978770e-13 
3.4460000000e+00 5.4717308420e-13 
3.4470000000e+00 5.4871783280e-13 
3.4480000000e+00 5.5018899480e-13 
3.4490000000e+00 5.5172003450e-13 
3.4500000000e+00 5.5331638180e-13 
3.4510000000e+00 5.5491412340e-13 
3.4520000000e+00 5.5650908120e-13 
3.4530000000e+00 5.5808914060e-13 
3.4540000000e+00 5.5970213100e-13 
3.4550000000e+00 5.6123672660e-13 
3.4560000000e+00 5.6295484410e-13 
3.4570000000e+00 5.6454360240e-13 
3.4580000000e+00 5.6602660270e-13 
3.4590000000e+00 5.6778711240e-13 
3.4600000000e+00 5.6938421610e-13 
3.4610000000e+00 5.7100986030e-13 
3.4620000000e+00 5.7260138500e-13 
3.4630000000e+00 5.7434133770e-13 
3.4640000000e+00 5.7596842730e-13 
3.4650000000e+00 5.7750463710e-13 
3.4660000000e+00 5.7927220660e-13 
3.4670000000e+00 5.8088827010e-13 
3.4680000000e+00 5.8254790750e-13 
3.4690000000e+00 5.8423545310e-13 
3.4700000000e+00 5.8589493000e-13 
3.4710000000e+00 5.8754325600e-13 
3.4720000000e+00 5.8923765960e-13 
3.4730000000e+00 5.9098628590e-13 
3.4740000000e+00 5.9264940310e-13 
3.4750000000e+00 5.9434266890e-13 
3.4760000000e+00 5.9606480730e-13 
3.4770000000e+00 5.9778351720e-13 
3.4780000000e+00 5.9951195650e-13 
3.4790000000e+00 6.0123049130e-13 
3.4800000000e+00 6.0296752660e-13 
3.4810000000e+00 6.0464703460e-13 
3.4820000000e+00 6.0635757370e-13 
3.4830000000e+00 6.0818644890e-13 
3.4840000000e+00 6.0994087670e-13 
3.4850000000e+00 6.1161103980e-13 
3.4860000000e+00 6.1344882920e-13 
3.4870000000e+00 6.1518982040e-13 
3.4880000000e+00 6.1693280620e-13 
3.4890000000e+00 6.1871287520e-13 
3.4900000000e+00 6.2055049570e-13 
3.4910000000e+00 6.2230886000e-13 
3.4920000000e+00 6.2417699060e-13 
3.4930000000e+00 6.2596273070e-13 
3.4940000000e+00 6.2777468950e-13 
3.4950000000e+00 6.2950864250e-13 
3.4960000000e+00 6.3131142140e-13 
3.4970000000e+00 6.3311932140e-13 
3.4980000000e+00 6.3496325400e-13 
3.4990000000e+00 6.3678097650e-13 
3.5000000000e+00 6.3862992620e-13 
3.5010000000e+00 6.4051574180e-13 
3.5020000000e+00 6.4232605290e-13 
3.5030000000e+00 6.4417594360e-13 
3.5040000000e+00 6.4607794510e-13 
3.5050000000e+00 6.4788098870e-13 
3.5060000000e+00 6.4977911740e-13 
3.5070000000e+00 6.5165657040e-13 
3.5080000000e+00 6.5358336150e-13 
3.5090000000e+00 6.5548142000e-13 
3.5100000000e+00 6.5730250240e-13 
3.5110000000e+00 6.5919051620e-13 
3.5120000000e+00 6.6113292900e-13 
3.5130000000e+00 6.6303219970e-13 
3.5140000000e+00 6.6495394860e-13 
3.5150000000e+00 6.6690945310e-13 
3.5160000000e+00 6.6880552080e-13 
3.5170000000e+00 6.7070585500e-13 
3.5180000000e+00 6.7267692420e-13 
3.5190000000e+00 6.7458417740e-13 
3.5200000000e+00 6.7659365190e-13 
3.5210000000e+00 6.7852196270e-13 
3.5220000000e+00 6.8056962010e-13 
3.5230000000e+00 6.8249559230e-13 
3.5240000000e+00 6.8445402120e-13 
3.5250000000e+00 6.8643174760e-13 
3.5260000000e+00 6.8841039020e-13 
3.5270000000e+00 6.9042858850e-13 
3.5280000000e+00 6.9243830260e-13 
3.5290000000e+00 6.9445770250e-13 
3.5300000000e+00 6.9647989510e-13 
3.5310000000e+00 6.9845855540e-13 
3.5320000000e+00 7.0049016420e-13 
3.5330000000e+00 7.0248842850e-13 
3.5340000000e+00 7.0459251720e-13 
3.5350000000e+00 7.0657952230e-13 
3.5360000000e+00 7.0869546770e-13 
3.5370000000e+00 7.1066339690e-13 
3.5380000000e+00 7.1276109990e-13 
3.5390000000e+00 7.1483756630e-13 
3.5400000000e+00 7.1696861280e-13 
3.5410000000e+00 7.1896312700e-13 
3.5420000000e+00 7.2107863910e-13 
3.5430000000e+00 7.2322032330e-13 
3.5440000000e+00 7.2529335360e-13 
3.5450000000e+00 7.2737438290e-13 
3.5460000000e+00 7.2942999170e-13 
3.5470000000e+00 7.3164711370e-13 
3.5480000000e+00 7.3370493050e-13 
3.5490000000e+00 7.3583381980e-13 
3.5500000000e+00 7.3809142760e-13 
3.5510000000e+00 7.4011370030e-13 
3.5520000000e+00 7.4227346190e-13 
3.5530000000e+00 7.4440716980e-13 
3.5540000000e+00 7.4663721820e-13 
3.5550000000e+00 7.4875077210e-13 
3.5560000000e+00 7.5101918660e-13 
3.5570000000e+00 7.5317160040e-13 
3.5580000000e+00 7.5537671270e-13 
3.5590000000e+00 7.5753801000e-13 
3.5600000000e+00 7.5977621560e-13 
3.5610000000e+00 7.6194428700e-13 
3.5620000000e+00 7.6417842540e-13 
3.5630000000e+00 7.6640974660e-13 
3.5640000000e+00 7.6871525530e-13 
3.5650000000e+00 7.7092179690e-13 
3.5660000000e+00 7.7316576370e-13 
3.5670000000e+00 7.7538616550e-13 
3.5680000000e+00 7.7763835090e-13 
3.5690000000e+00 7.7994343250e-13 
3.5700000000e+00 7.8217007530e-13 
3.5710000000e+00 7.8447507460e-13 
3.5720000000e+00 7.8674898390e-13 
3.5730000000e+00 7.8897154210e-13 
3.5740000000e+00 7.9135348730e-13 
3.5750000000e+00 7.9359070910e-13 
3.5760000000e+00 7.9597019400e-13 
3.5770000000e+00 7.9830194390e-13 
3.5780000000e+00 8.0068804450e-13 
3.5790000000e+00 8.0298623410e-13 
3.5800000000e+00 8.0531807120e-13 
3.5810000000e+00 8.0767958640e-13 
3.5820000000e+00 8.1001647150e-13 
3.5830000000e+00 8.1244756280e-13 
3.5840000000e+00 8.1476755290e-13 
3.5850000000e+00 8.1713308990e-13 
3.5860000000e+00 8.1958469250e-13 
3.5870000000e+00 8.2195986240e-13 
3.5880000000e+00 8.2432668840e-13 
3.5890000000e+00 8.2678417170e-13 
3.5900000000e+00 8.2921701720e-13 
3.5910000000e+00 8.3165968650e-13 
3.5920000000e+00 8.3420324390e-13 
3.5930000000e+00 8.3646922420e-13 
3.5940000000e+00 8.3897582130e-13 
3.5950000000e+00 8.4143918840e-13 
3.5960000000e+00 8.4390575970e-13 
3.5970000000e+00 8.4634288020e-13 
3.5980000000e+00 8.4884913340e-13 
3.5990000000e+00 8.5134953520e-13 
3.6000000000e+00 8.5387019260e-13 
3.6010000000e+00 8.5636767370e-13 
3.6020000000e+00 8.5885457580e-13 
3.6030000000e+00 8.6141691160e-13 
3.6040000000e+00 8.6400791380e-13 
3.6050000000e+00 8.6649406340e-13 
3.6060000000e+00 8.6913600250e-13 
3.6070000000e+00 8.7167640750e-13 
3.6080000000e+00 8.7427735680e-13 
3.6090000000e+00 8.7685029010e-13 
3.6100000000e+00 8.7944887850e-13 
3.6110000000e+00 8.8202153000e-13 
3.6120000000e+00 8.8465952380e-13 
3.6130000000e+00 8.8731544670e-13 
3.6140000000e+00 8.8989844080e-13 
3.6150000000e+00 8.9257726810e-13 
3.6160000000e+00 8.9526963440e-13 
3.6170000000e+00 8.9792102450e-13 
3.6180000000e+00 9.0056548210e-13 
3.6190000000e+00 9.0324624120e-13 
3.6200000000e+00 9.0589646340e-13 
3.6210000000e+00 9.0860705070e-13 
3.6220000000e+00 9.1134643690e-13 
3.6230000000e+00 9.1402562270e-13 
3.6240000000e+00 9.1671645650e-13 
3.6250000000e+00 9.1948660920e-13 
3.6260000000e+00 9.2217920870e-13 
3.6270000000e+00 9.2505680660e-13 
3.6280000000e+00 9.2771148950e-13 
3.6290000000e+00 9.3046866950e-13 
3.6300000000e+00 9.3323686190e-13 
3.6310000000e+00 9.3604676860e-13 
3.6320000000e+00 9.3880836720e-13 
3.6330000000e+00 9.4162400050e-13 
3.6340000000e+00 9.4448760990e-13 
3.6350000000e+00 9.4728328720e-13 
3.6360000000e+00 9.5006305040e-13 
3.6370000000e+00 9.5295824350e-13 
3.6380000000e+00 9.5578593600e-13 
3.6390000000e+00 9.5870588640e-13 
3.6400000000e+00 9.6157187010e-13 
3.6410000000e+00 9.6447850270e-13 
3.6420000000e+00 9.6740552280e-13 
3.6430000000e+00 9.7031158990e-13 
3.6440000000e+00 9.7317543430e-13 
3.6450000000e+00 9.7611145910e-13 
3.6460000000e+00 9.7903590760e-13 
3.6470000000e+00 9.8200769810e-13 
3.6480000000e+00 9.8496045330e-13 
3.6490000000e+00 9.8786319570e-13 
3.6500000000e+00 9.9094337820e-13 
3.6510000000e+00 9.9387182720e-13 
3.6520000000e+00 9.9689688230e-13 
3.6530000000e+00 9.9987777440e-13 
3.6540000000e+00 1.0028469630e-12 
3.6550000000e+00 1.0058962520e-12 
3.6560000000e+00 1.0089061680e-12 
3.6570000000e+00 1.0119924220e-12 
3.6580000000e+00 1.0150357490e-12 
3.6590000000e+00 1.0181249160e-12 
3.6600000000e+00 1.0211567420e-12 
3.6610000000e+00 1.0242444300e-12 
3.6620000000e+00 1.0273088030e-12 
3.6630000000e+00 1.0304898140e-12 
3.6640000000e+00 1.0335343060e-12 
3.6650000000e+00 1.0367161000e-12 
3.6660000000e+00 1.0398213250e-12 
3.6670000000e+00 1.0430112250e-12 
3.6680000000e+00 1.0461471110e-12 
3.6690000000e+00 1.0493029200e-12 
3.6700000000e+00 1.0524987020e-12 
3.6710000000e+00 1.0556901740e-12 
3.6720000000e+00 1.0588988490e-12 
3.6730000000e+00 1.0621268140e-12 
3.6740000000e+00 1.0653511920e-12 
3.6750000000e+00 1.0685524750e-12 
3.6760000000e+00 1.0718402910e-12 
3.6770000000e+00 1.0750870590e-12 
3.6780000000e+00 1.0783533830e-12 
3.6790000000e+00 1.0817170930e-12 
3.6800000000e+00 1.0849072890e-12 
3.6810000000e+00 1.0883095320e-12 
3.6820000000e+00 1.0915305130e-12 
3.6830000000e+00 1.0949125750e-12 
3.6840000000e+00 1.0982618920e-12 
3.6850000000e+00 1.1016308850e-12 
3.6860000000e+00 1.1049773970e-12 
3.6870000000e+00 1.1083596190e-12 
3.6880000000e+00 1.1117184970e-12 
3.6890000000e+00 1.1151411120e-12 
3.6900000000e+00 1.1185519480e-12 
3.6910000000e+00 1.1219843490e-12 
3.6920000000e+00 1.1254622930e-12 
3.6930000000e+00 1.1289151870e-12 
3.6940000000e+00 1.1323712840e-12 
3.6950000000e+00 1.1358961190e-12 
3.6960000000e+00 1.1393777280e-12 
3.6970000000e+00 1.1428908650e-12 
3.6980000000e+00 1.1463817480e-12 
3.6990000000e+00 1.1499714380e-12 
3.7000000000e+00 1.1534995130e-12 
3.7010000000e+00 1.1570632990e-12 
3.7020000000e+00 1.1605865610e-12 
3.7030000000e+00 1.1641469940e-12 
3.7040000000e+00 1.1677821910e-12 
3.7050000000e+00 1.1714096490e-12 
3.7060000000e+00 1.1750199670e-12 
3.7070000000e+00 1.1786083390e-12 
3.7080000000e+00 1.1822342790e-12 
3.7090000000e+00 1.1858810550e-12 
3.7100000000e+00 1.1895278010e-12 
3.7110000000e+00 1.1932923200e-12 
3.7120000000e+00 1.1970008350e-12 
3.7130000000e+00 1.2006540130e-12 
3.7140000000e+00 1.2043813410e-12 
3.7150000000e+00 1.2080921350e-12 
3.7160000000e+00 1.2118382780e-12 
3.7170000000e+00 1.2156305200e-12 
3.7180000000e+00 1.2194714470e-12 
3.7190000000e+00 1.2231961700e-12 
3.7200000000e+00 1.2270014320e-12 
3.7210000000e+00 1.2308498530e-12 
3.7220000000e+00 1.2346599770e-12 
3.7230000000e+00 1.2385552430e-12 
3.7240000000e+00 1.2424071960e-12 
3.7250000000e+00 1.2462855960e-12 
3.7260000000e+00 1.2501687170e-12 
3.7270000000e+00 1.2540517530e-12 
3.7280000000e+00 1.2580516670e-12 
3.7290000000e+00 1.2619781790e-12 
3.7300000000e+00 1.2658638710e-12 
3.7310000000e+00 1.2698626720e-12 
3.7320000000e+00 1.2738534400e-12 
3.7330000000e+00 1.2777678730e-12 
3.7340000000e+00 1.2818428200e-12 
3.7350000000e+00 1.2858595980e-12 
3.7360000000e+00 1.2899069720e-12 
3.7370000000e+00 1.2939308430e-12 
3.7380000000e+00 1.2980648830e-12 
3.7390000000e+00 1.3020979260e-12 
3.7400000000e+00 1.3062012390e-12 
3.7410000000e+00 1.3102941980e-12 
3.7420000000e+00 1.3144292250e-12 
3.7430000000e+00 1.3185831330e-12 
3.7440000000e+00 1.3226895010e-12 
3.7450000000e+00 1.3269101970e-12 
3.7460000000e+00 1.3310211060e-12 
3.7470000000e+00 1.3352737420e-12 
3.7480000000e+00 1.3394473710e-12 
3.7490000000e+00 1.3436484260e-12 
3.7500000000e+00 1.3478911100e-12 
3.7510000000e+00 1.3521459690e-12 
3.7520000000e+00 1.3563862660e-12 
3.7530000000e+00 1.3606640050e-12 
3.7540000000e+00 1.3650048750e-12 
3.7550000000e+00 1.3693427040e-12 
3.7560000000e+00 1.3735901920e-12 
3.7570000000e+00 1.3779467510e-12 
3.7580000000e+00 1.3822254440e-12 
3.7590000000e+00 1.3867015520e-12 
3.7600000000e+00 1.3910383820e-12 
3.7610000000e+00 1.3954241720e-12 
3.7620000000e+00 1.3998608100e-12 
3.7630000000e+00 1.4042066600e-12 
3.7640000000e+00 1.4087027060e-12 
3.7650000000e+00 1.4132188220e-12 
3.7660000000e+00 1.4177217630e-12 
3.7670000000e+00 1.4222017380e-12 
3.7680000000e+00 1.4266668870e-12 
3.7690000000e+00 1.4313089460e-12 
3.7700000000e+00 1.4358000470e-12 
3.7710000000e+00 1.4404531090e-12 
3.7720000000e+00 1.4450522530e-12 
3.7730000000e+00 1.4495745060e-12 
3.7740000000e+00 1.4543062230e-12 
3.7750000000e+00 1.4589750400e-12 
3.7760000000e+00 1.4635794930e-12 
3.7770000000e+00 1.4682423910e-12 
3.7780000000e+00 1.4729988200e-12 
3.7790000000e+00 1.4776758370e-12 
3.7800000000e+00 1.4824083660e-12 
3.7810000000e+00 1.4871588060e-12 
3.7820000000e+00 1.4919401060e-12 
3.7830000000e+00 1.4967061020e-12 
3.7840000000e+00 1.5015486910e-12 
3.7850000000e+00 1.5063371210e-12 
3.7860000000e+00 1.5112489240e-12 
3.7870000000e+00 1.5161107380e-12 
3.7880000000e+00 1.5209896060e-12 
3.7890000000e+00 1.5257599960e-12 
3.7900000000e+00 1.5307377090e-12 
3.7910000000e+00 1.5356455780e-12 
3.7920000000e+00 1.5406057850e-12 
3.7930000000e+00 1.5455838640e-12 
3.7940000000e+00 1.5505668690e-12 
3.7950000000e+00 1.5555389970e-12 
3.7960000000e+00 1.5606125320e-12 
3.7970000000e+00 1.5655733840e-12 
3.7980000000e+00 1.5707417390e-12 
3.7990000000e+00 1.5756910900e-12 
3.8000000000e+00 1.5807904990e-12 
3.8010000000e+00 1.5860057090e-12 
3.8020000000e+00 1.5910380390e-12 
3.8030000000e+00 1.5962590570e-12 
3.8040000000e+00 1.6013644410e-12 
3.8050000000e+00 1.6065108380e-12 
3.8060000000e+00 1.6117943220e-12 
3.8070000000e+00 1.6169899400e-12 
3.8080000000e+00 1.6221760150e-12 
3.8090000000e+00 1.6274651200e-12 
3.8100000000e+00 1.6327509030e-12 
3.8110000000e+00 1.6380504100e-12 
3.8120000000e+00 1.6433950680e-12 
3.8130000000e+00 1.6488268520e-12 
3.8140000000e+00 1.6541394010e-12 
3.8150000000e+00 1.6595073210e-12 
3.8160000000e+00 1.6649166150e-12 
3.8170000000e+00 1.6704524960e-12 
3.8180000000e+00 1.6758116880e-12 
3.8190000000e+00 1.6813488390e-12 
3.8200000000e+00 1.6868645090e-12 
3.8210000000e+00 1.6923424350e-12 
3.8220000000e+00 1.6977934110e-12 
3.8230000000e+00 1.7034430070e-12 
3.8240000000e+00 1.7090432150e-12 
3.8250000000e+00 1.7146205590e-12 
3.8260000000e+00 1.7202337970e-12 
3.8270000000e+00 1.7259347230e-12 
3.8280000000e+00 1.7315879880e-12 
3.8290000000e+00 1.7373844910e-12 
3.8300000000e+00 1.7430552090e-12 
3.8310000000e+00 1.7488793910e-12 
3.8320000000e+00 1.7545873000e-12 
3.8330000000e+00 1.7603741230e-12 
3.8340000000e+00 1.7662346100e-12 
3.8350000000e+00 1.7720024980e-12 
3.8360000000e+00 1.7779188140e-12 
3.8370000000e+00 1.7837774040e-12 
3.8380000000e+00 1.7895989410e-12 
3.8390000000e+00 1.7955730690e-12 
3.8400000000e+00 1.8015227010e-12 
3.8410000000e+00 1.8075547830e-12 
3.8420000000e+00 1.8135138670e-12 
3.8430000000e+00 1.8194763960e-12 
3.8440000000e+00 1.8255081440e-12 
3.8450000000e+00 1.8316216400e-12 
3.8460000000e+00 1.8376683850e-12 
3.8470000000e+00 1.8437471690e-12 
3.8480000000e+00 1.8498573600e-12 
3.8490000000e+00 1.8559933150e-12 
3.8500000000e+00 1.8622688590e-12 
3.8510000000e+00 1.8683796730e-12 
3.8520000000e+00 1.8746330930e-12 
3.8530000000e+00 1.8807708600e-12 
3.8540000000e+00 1.8870615640e-12 
3.8550000000e+00 1.8933445840e-12 
3.8560000000e+00 1.8996744270e-12 
3.8570000000e+00 1.9060492100e-12 
3.8580000000e+00 1.9124298700e-12 
3.8590000000e+00 1.9187483110e-12 
3.8600000000e+00 1.9250834810e-12 
3.8610000000e+00 1.9316269020e-12 
3.8620000000e+00 1.9380460580e-12 
3.8630000000e+00 1.9444955030e-12 
3.8640000000e+00 1.9510606570e-12 
3.8650000000e+00 1.9575418420e-12 
3.8660000000e+00 1.9640875540e-12 
3.8670000000e+00 1.9706606100e-12 
3.8680000000e+00 1.9772948570e-12 
3.8690000000e+00 1.9839462920e-12 
3.8700000000e+00 1.9905991550e-12 
3.8710000000e+00 1.9972833090e-12 
3.8720000000e+00 2.0039461150e-12 
3.8730000000e+00 2.0106427090e-12 
3.8740000000e+00 2.0174069150e-12 
3.8750000000e+00 2.0242074020e-12 
3.8760000000e+00 2.0309301250e-12 
3.8770000000e+00 2.0378215400e-12 
3.8780000000e+00 2.0446393590e-12 
3.8790000000e+00 2.0515592310e-12 
3.8800000000e+00 2.0584669020e-12 
3.8810000000e+00 2.0653786580e-12 
3.8820000000e+00 2.0723807540e-12 
3.8830000000e+00 2.0793852530e-12 
3.8840000000e+00 2.0863497490e-12 
3.8850000000e+00 2.0934110430e-12 
3.8860000000e+00 2.1004763950e-12 
3.8870000000e+00 2.1075428730e-12 
3.8880000000e+00 2.1146495300e-12 
3.8890000000e+00 2.1218101450e-12 
3.8900000000e+00 2.1290842400e-12 
3.8910000000e+00 2.1362055040e-12 
3.8920000000e+00 2.1434734460e-12 
3.8930000000e+00 2.1507281460e-12 
3.8940000000e+00 2.1580390720e-12 
3.8950000000e+00 2.1653882540e-12 
3.8960000000e+00 2.1726984060e-12 
3.8970000000e+00 2.1800451330e-12 
3.8980000000e+00 2.1874624720e-12 
3.8990000000e+00 2.1949715130e-12 
3.9000000000e+00 2.2023149280e-12 
3.9010000000e+00 2.2098766030e-12 
3.9020000000e+00 2.2173678560e-12 
3.9030000000e+00 2.2249140240e-12 
3.9040000000e+00 2.2325675270e-12 
3.9050000000e+00 2.2401040370e-12 
3.9060000000e+00 2.2477629080e-12 
3.9070000000e+00 2.2553780860e-12 
3.9080000000e+00 2.2631014080e-12 
3.9090000000e+00 2.2708211260e-12 
3.9100000000e+00 2.2784973400e-12 
3.9110000000e+00 2.2863334780e-12 
3.9120000000e+00 2.2941597260e-12 
3.9130000000e+00 2.3020475090e-12 
3.9140000000e+00 2.3098658630e-12 
3.9150000000e+00 2.3177733090e-12 
3.9160000000e+00 2.3256894280e-12 
3.9170000000e+00 2.3336593280e-12 
3.9180000000e+00 2.3417264460e-12 
3.9190000000e+00 2.3497927960e-12 
3.9200000000e+00 2.3578387580e-12 
3.9210000000e+00 2.3658693390e-12 
3.9220000000e+00 2.3740184150e-12 
3.9230000000e+00 2.3821938680e-12 
3.9240000000e+00 2.3903744560e-12 
3.9250000000e+00 2.3984843060e-12 
3.9260000000e+00 2.4068646750e-12 
3.9270000000e+00 2.4151295740e-12 
3.9280000000e+00 2.4234423290e-12 
3.9290000000e+00 2.4318616220e-12 
3.9300000000e+00 2.4402270390e-12 
3.9310000000e+00 2.4485962190e-12 
3.9320000000e+00 2.4570788090e-12 
3.9330000000e+00 2.4655308940e-12 
3.9340000000e+00 2.4740199290e-12 
3.9350000000e+00 2.4826219350e-12 
3.9360000000e+00 2.4912320530e-12 
3.9370000000e+00 2.4998858510e-12 
3.9380000000e+00 2.5085175170e-12 
3.9390000000e+00 2.5171503780e-12 
3.9400000000e+00 2.5259262480e-12 
3.9410000000e+00 2.5346464870e-12 
3.9420000000e+00 2.5433391890e-12 
3.9430000000e+00 2.5522976970e-12 
3.9440000000e+00 2.5610954910e-12 
3.9450000000e+00 2.5699745970e-12 
3.9460000000e+00 2.5789085050e-12 
3.9470000000e+00 2.5879174770e-12 
3.9480000000e+00 2.5968653310e-12 
3.9490000000e+00 2.6059412910e-12 
3.9500000000e+00 2.6150010410e-12 
3.9510000000e+00 2.6241569220e-12 
3.9520000000e+00 2.6333168060e-12 
3.9530000000e+00 2.6425573380e-12 
3.9540000000e+00 2.6518217850e-12 
3.9550000000e+00 2.6610720400e-12 
3.9560000000e+00 2.6704083470e-12 
3.9570000000e+00 2.6798273490e-12 
3.9580000000e+00 2.6892076940e-12 
3.9590000000e+00 2.6985646190e-12 
3.9600000000e+00 2.7081249450e-12 
3.9610000000e+00 2.7174911910e-12 
3.9620000000e+00 2.7270390990e-12 
3.9630000000e+00 2.7366780110e-12 
3.9640000000e+00 2.7464056220e-12 
3.9650000000e+00 2.7558883650e-12 
3.9660000000e+00 2.7656811860e-12 
3.9670000000e+00 2.7754162640e-12 
3.9680000000e+00 2.7853320900e-12 
3.9690000000e+00 2.7950466620e-12 
3.9700000000e+00 2.8049338380e-12 
3.9710000000e+00 2.8147962360e-12 
3.9720000000e+00 2.8247217770e-12 
3.9730000000e+00 2.8347461700e-12 
3.9740000000e+00 2.8447591510e-12 
3.9750000000e+00 2.8548472330e-12 
3.9760000000e+00 2.8649453590e-12 
3.9770000000e+00 2.8750447270e-12 
3.9780000000e+00 2.8852944830e-12 
3.9790000000e+00 2.8954636160e-12 
3.9800000000e+00 2.9057469870e-12 
3.9810000000e+00 2.9160723190e-12 
3.9820000000e+00 2.9264855520e-12 
3.9830000000e+00 2.9368133190e-12 
3.9840000000e+00 2.9472782600e-12 
3.9850000000e+00 2.9577853320e-12 
3.9860000000e+00 2.9683148710e-12 
3.9870000000e+00 2.9788675020e-12 
3.9880000000e+00 2.9894609770e-12 
3.9890000000e+00 3.0001378960e-12 
3.9900000000e+00 3.0107691710e-12 
3.9910000000e+00 3.0215431890e-12 
3.9920000000e+00 3.0324085570e-12 
3.9930000000e+00 3.0431793760e-12 
3.9940000000e+00 3.0541071080e-12 
3.9950000000e+00 3.0649592770e-12 
3.9960000000e+00 3.0759545550e-12 
3.9970000000e+00 3.0869849460e-12 
3.9980000000e+00 3.0980382770e-12 
3.9990000000e+00 3.1091486370e-12 
4.0000000000e+00 3.1203143010e-12 
4.0010000000e+00 3.1315087610e-12 
4.0020000000e+00 3.1427424520e-12 
4.0030000000e+00 3.1541064300e-12 
4.0040000000e+00 3.1654141690e-12 
4.0050000000e+00 3.1767987040e-12 
4.0060000000e+00 3.1882944870e-12 
4.0070000000e+00 3.1997509150e-12 
4.0080000000e+00 3.2113492710e-12 
4.0090000000e+00 3.2228338930e-12 
4.0100000000e+00 3.2344629830e-12 
4.0110000000e+00 3.2461526770e-12 
4.0120000000e+00 3.2578610110e-12 
4.0130000000e+00 3.2696149240e-12 
4.0140000000e+00 3.2814724760e-12 
4.0150000000e+00 3.2933257940e-12 
4.0160000000e+00 3.3052306390e-12 
4.0170000000e+00 3.3172039750e-12 
4.0180000000e+00 3.3292326370e-12 
4.0190000000e+00 3.3412538470e-12 
4.0200000000e+00 3.3535296600e-12 
4.0210000000e+00 3.3656475080e-12 
4.0220000000e+00 3.3779033370e-12 
4.0230000000e+00 3.3902117080e-12 
4.0240000000e+00 3.4026409080e-12 
4.0250000000e+00 3.4150156820e-12 
4.0260000000e+00 3.4275465450e-12 
4.0270000000e+00 3.4399848470e-12 
4.0280000000e+00 3.4525819750e-12 
4.0290000000e+00 3.4652273900e-12 
4.0300000000e+00 3.4778805570e-12 
4.0310000000e+00 3.4906427640e-12 
4.0320000000e+00 3.5034143680e-12 
4.0330000000e+00 3.5162187480e-12 
4.0340000000e+00 3.5291457030e-12 
4.0350000000e+00 3.5421177310e-12 
4.0360000000e+00 3.5551208110e-12 
4.0370000000e+00 3.5682230150e-12 
4.0380000000e+00 3.5813368290e-12 
4.0390000000e+00 3.5945081890e-12 
4.0400000000e+00 3.6077452290e-12 
4.0410000000e+00 3.6211515300e-12 
4.0420000000e+00 3.6343327400e-12 
4.0430000000e+00 3.6477443810e-12 
4.0440000000e+00 3.6612452450e-12 
4.0450000000e+00 3.6746847260e-12 
4.0460000000e+00 3.6883479090e-12 
4.0470000000e+00 3.7019904080e-12 
4.0480000000e+00 3.7156533540e-12 
4.0490000000e+00 3.7294551580e-12 
4.0500000000e+00 3.7432594170e-12 
4.0510000000e+00 3.7571392190e-12 
4.0520000000e+00 3.7711248330e-12 
4.0530000000e+00 3.7850773490e-12 
4.0540000000e+00 3.7991258300e-12 
4.0550000000e+00 3.8133264460e-12 
4.0560000000e+00 3.8275828930e-12 
4.0570000000e+00 3.8416635240e-12 
4.0580000000e+00 3.8560641700e-12 
4.0590000000e+00 3.8704395600e-12 
4.0600000000e+00 3.8848099380e-12 
4.0610000000e+00 3.8993971030e-12 
4.0620000000e+00 3.9138894640e-12 
4.0630000000e+00 3.9285242900e-12 
4.0640000000e+00 3.9432430140e-12 
4.0650000000e+00 3.9579205080e-12 
4.0660000000e+00 3.9727405590e-12 
4.0670000000e+00 3.9876586600e-12 
4.0680000000e+00 4.0025774630e-12 
4.0690000000e+00 4.0176713550e-12 
4.0700000000e+00 4.0326898860e-12 
4.0710000000e+00 4.0478439950e-12 
4.0720000000e+00 4.0630605610e-12 
4.0730000000e+00 4.0783928280e-12 
4.0740000000e+00 4.0936893500e-12 
4.0750000000e+00 4.1091382980e-12 
4.0760000000e+00 4.1246187200e-12 
4.0770000000e+00 4.1401205730e-12 
4.0780000000e+00 4.1557265500e-12 
4.0790000000e+00 4.1714600240e-12 
4.0800000000e+00 4.1871651650e-12 
4.0810000000e+00 4.2030295150e-12 
4.0820000000e+00 4.2189588560e-12 
4.0830000000e+00 4.2349523350e-12 
4.0840000000e+00 4.2509245070e-12 
4.0850000000e+00 4.2670626060e-12 
4.0860000000e+00 4.2832062490e-12 
4.0870000000e+00 4.2995850370e-12 
4.0880000000e+00 4.3157805680e-12 
4.0890000000e+00 4.3321936380e-12 
4.0900000000e+00 4.3487191650e-12 
4.0910000000e+00 4.3652943550e-12 
4.0920000000e+00 4.3818625640e-12 
4.0930000000e+00 4.3986356970e-12 
4.0940000000e+00 4.4153787600e-12 
4.0950000000e+00 4.4322497110e-12 
4.0960000000e+00 4.4491779050e-12 
4.0970000000e+00 4.4661716280e-12 
4.0980000000e+00 4.4831782240e-12 
4.0990000000e+00 4.5004658550e-12 
4.1000000000e+00 4.5177186970e-12 
4.1010000000e+00 4.5349916580e-12 
4.1020000000e+00 4.5523342200e-12 
4.1030000000e+00 4.5699335030e-12 
4.1040000000e+00 4.5874575990e-12 
4.1050000000e+00 4.6051337310e-12 
4.1060000000e+00 4.6228300840e-12 
4.1070000000e+00 4.6406059530e-12 
4.1080000000e+00 4.6585563500e-12 
4.1090000000e+00 4.6764872160e-12 
4.1100000000e+00 4.6945234300e-12 
4.1110000000e+00 4.7127008940e-12 
4.1120000000e+00 4.7308817340e-12 
4.1130000000e+00 4.7491296310e-12 
4.1140000000e+00 4.7674691650e-12 
4.1150000000e+00 4.7859214440e-12 
4.1160000000e+00 4.8044839420e-12 
4.1170000000e+00 4.8231986170e-12 
4.1180000000e+00 4.8419123400e-12 
4.1190000000e+00 4.8606219700e-12 
4.1200000000e+00 4.8796236440e-12 
4.1210000000e+00 4.8985672790e-12 
4.1220000000e+00 4.9176775900e-12 
4.1230000000e+00 4.9368772710e-12 
4.1240000000e+00 4.9561387270e-12 
4.1250000000e+00 4.9754615150e-12 
4.1260000000e+00 4.9949128620e-12 
4.1270000000e+00 5.0144482570e-12 
4.1280000000e+00 5.0340092860e-12 
4.1290000000e+00 5.0537619410e-12 
4.1300000000e+00 5.0736309390e-12 
4.1310000000e+00 5.0934531320e-12 
4.1320000000e+00 5.1134563630e-12 
4.1330000000e+00 5.1334561780e-12 
4.1340000000e+00 5.1537988500e-12 
4.1350000000e+00 5.1740756000e-12 
4.1360000000e+00 5.1943611750e-12 
4.1370000000e+00 5.2148360080e-12 
4.1380000000e+00 5.2354622650e-12 
4.1390000000e+00 5.2560692760e-12 
4.1400000000e+00 5.2768990860e-12 
4.1410000000e+00 5.2977722530e-12 
4.1420000000e+00 5.3186680700e-12 
4.1430000000e+00 5.3397391870e-12 
4.1440000000e+00 5.3608512770e-12 
4.1450000000e+00 5.3822066990e-12 
4.1460000000e+00 5.4034866950e-12 
4.1470000000e+00 5.4250062070e-12 
4.1480000000e+00 5.4464967940e-12 
4.1490000000e+00 5.4683041120e-12 
4.1500000000e+00 5.4900250210e-12 
4.1510000000e+00 5.5118739950e-12 
4.1520000000e+00 5.5339086990e-12 
4.1530000000e+00 5.5558966700e-12 
4.1540000000e+00 5.5781943240e-12 
4.1550000000e+00 5.6005556790e-12 
4.1560000000e+00 5.6230081640e-12 
4.1570000000e+00 5.6454479400e-12 
4.1580000000e+00 5.6682584520e-12 
4.1590000000e+00 5.6909615750e-12 
4.1600000000e+00 5.7138647230e-12 
4.1610000000e+00 5.7369833210e-12 
4.1620000000e+00 5.7600374550e-12 
4.1630000000e+00 5.7832516200e-12 
4.1640000000e+00 5.8066097010e-12 
4.1650000000e+00 5.8300515080e-12 
4.1660000000e+00 5.8535972680e-12 
4.1670000000e+00 5.8773363380e-12 
4.1680000000e+00 5.9011427380e-12 
4.1690000000e+00 5.9250488060e-12 
4.1700000000e+00 5.9491781550e-12 
4.1710000000e+00 5.9732702930e-12 
4.1720000000e+00 5.9975634990e-12 
4.1730000000e+00 6.0218937760e-12 
4.1740000000e+00 6.0465392960e-12 
4.1750000000e+00 6.0711576910e-12 
4.1760000000e+00 6.0958445390e-12 
4.1770000000e+00 6.1207420560e-12 
4.1780000000e+00 6.1457861080e-12 
4.1790000000e+00 6.1709844570e-12 
4.1800000000e+00 6.1962175790e-12 
4.1810000000e+00 6.2215980300e-12 
4.1820000000e+00 6.2471668330e-12 
4.1830000000e+00 6.2727741930e-12 
4.1840000000e+00 6.2985577100e-12 
4.1850000000e+00 6.3244680460e-12 
4.1860000000e+00 6.3505609200e-12 
4.1870000000e+00 6.3767109810e-12 
4.1880000000e+00 6.4029300940e-12 
4.1890000000e+00 6.4294625880e-12 
4.1900000000e+00 6.4559850960e-12 
4.1910000000e+00 6.4827724430e-12 
4.1920000000e+00 6.5095029320e-12 
4.1930000000e+00 6.5364816720e-12 
4.1940000000e+00 6.5635893540e-12 
4.1950000000e+00 6.5909888510e-12 
4.1960000000e+00 6.6182790950e-12 
4.1970000000e+00 6.6458886310e-12 
4.1980000000e+00 6.6735884980e-12 
4.1990000000e+00 6.7014368160e-12 
4.2000000000e+00 6.7294939640e-12 
4.2010000000e+00 6.7575945060e-12 
4.2020000000e+00 6.7859134000e-12 
4.2030000000e+00 6.8144042320e-12 
4.2040000000e+00 6.8429589900e-12 
4.2050000000e+00 6.8717758600e-12 
4.2060000000e+00 6.9006328670e-12 
4.2070000000e+00 6.9297064030e-12 
4.2080000000e+00 6.9588538980e-12 
4.2090000000e+00 6.9882520000e-12 
4.2100000000e+00 7.0177425480e-12 
4.2110000000e+00 7.0474067390e-12 
4.2120000000e+00 7.0772133980e-12 
4.2130000000e+00 7.1072387030e-12 
4.2140000000e+00 7.1374007180e-12 
4.2150000000e+00 7.1677081750e-12 
4.2160000000e+00 7.1981213330e-12 
4.2170000000e+00 7.2287027990e-12 
4.2180000000e+00 7.2595619610e-12 
4.2190000000e+00 7.2905147530e-12 
4.2200000000e+00 7.3217046530e-12 
4.2210000000e+00 7.3529525020e-12 
4.2220000000e+00 7.3843819760e-12 
4.2230000000e+00 7.4159737750e-12 
4.2240000000e+00 7.4477682840e-12 
4.2250000000e+00 7.4796616930e-12 
4.2260000000e+00 7.5118931120e-12 
4.2270000000e+00 7.5441698570e-12 
4.2280000000e+00 7.5766190140e-12 
4.2290000000e+00 7.6092909010e-12 
4.2300000000e+00 7.6421491220e-12 
4.2310000000e+00 7.6752034270e-12 
4.2320000000e+00 7.7083829460e-12 
4.2330000000e+00 7.7417642710e-12 
4.2340000000e+00 7.7753809620e-12 
4.2350000000e+00 7.8090504060e-12 
4.2360000000e+00 7.8430881320e-12 
4.2370000000e+00 7.8772100150e-12 
4.2380000000e+00 7.9116004170e-12 
4.2390000000e+00 7.9460562520e-12 
4.2400000000e+00 7.9806992190e-12 
4.2410000000e+00 8.0157030230e-12 
4.2420000000e+00 8.0507508420e-12 
4.2430000000e+00 8.0860675160e-12 
4.2440000000e+00 8.1214676490e-12 
4.2450000000e+00 8.1571587790e-12 
4.2460000000e+00 8.1930171850e-12 
4.2470000000e+00 8.2291280100e-12 
4.2480000000e+00 8.2655227400e-12 
4.2490000000e+00 8.3020689470e-12 
4.2500000000e+00 8.3386252600e-12 
4.2510000000e+00 8.3755878180e-12 
4.2520000000e+00 8.4127990690e-12 
4.2530000000e+00 8.4500400730e-12 
4.2540000000e+00 8.4875841120e-12 
4.2550000000e+00 8.5253634290e-12 
4.2560000000e+00 8.5634251460e-12 
4.2570000000e+00 8.6017372260e-12 
4.2580000000e+00 8.6400332790e-12 
4.2590000000e+00 8.6787096070e-12 
4.2600000000e+00 8.7175701730e-12 
4.2610000000e+00 8.7567774620e-12 
4.2620000000e+00 8.7960907690e-12 
4.2630000000e+00 8.8355902120e-12 
4.2640000000e+00 8.8754654100e-12 
4.2650000000e+00 8.9155131190e-12 
4.2660000000e+00 8.9558452740e-12 
4.2670000000e+00 8.9963038790e-12 
4.2680000000e+00 9.0370030900e-12 
4.2690000000e+00 9.0780144510e-12 
4.2700000000e+00 9.1191745350e-12 
4.2710000000e+00 9.1607065210e-12 
4.2720000000e+00 9.2024910480e-12 
4.2730000000e+00 9.2444390120e-12 
4.2740000000e+00 9.2866726790e-12 
4.2750000000e+00 9.3290374430e-12 
4.2760000000e+00 9.3718987120e-12 
4.2770000000e+00 9.4148676820e-12 
4.2780000000e+00 9.4580397000e-12 
4.2790000000e+00 9.5016552720e-12 
4.2800000000e+00 9.5454392130e-12 
4.2810000000e+00 9.5894632640e-12 
4.2820000000e+00 9.6337910180e-12 
4.2830000000e+00 9.6784014750e-12 
4.2840000000e+00 9.7232608510e-12 
4.2850000000e+00 9.7683315990e-12 
4.2860000000e+00 9.8137922690e-12 
4.2870000000e+00 9.8595070720e-12 
4.2880000000e+00 9.9054213100e-12 
4.2890000000e+00 9.9517563840e-12 
4.2900000000e+00 9.9984232400e-12 
4.2910000000e+00 1.0045226860e-11 
4.2920000000e+00 1.0092504230e-11 
4.2930000000e+00 1.0140015440e-11 
4.2940000000e+00 1.0187765370e-11 
4.2950000000e+00 1.0235932250e-11 
4.2960000000e+00 1.0284397680e-11 
4.2970000000e+00 1.0332980920e-11 
4.2980000000e+00 1.0382033560e-11 
4.2990000000e+00 1.0431382960e-11 
4.3000000000e+00 1.0481107030e-11 
4.3010000000e+00 1.0531067650e-11 
4.3020000000e+00 1.0581023230e-11 
4.3030000000e+00 1.0631474860e-11 
4.3040000000e+00 1.0682125610e-11 
4.3050000000e+00 1.0733192240e-11 
4.3060000000e+00 1.0784570620e-11 
4.3070000000e+00 1.0836377550e-11 
4.3080000000e+00 1.0888444540e-11 
4.3090000000e+00 1.0940813240e-11 
4.3100000000e+00 1.0993567750e-11 
4.3110000000e+00 1.1046622560e-11 
4.3120000000e+00 1.1100069290e-11 
4.3130000000e+00 1.1153879690e-11 
4.3140000000e+00 1.1207999910e-11 
4.3150000000e+00 1.1262482620e-11 
4.3160000000e+00 1.1317441270e-11 
4.3170000000e+00 1.1372608540e-11 
4.3180000000e+00 1.1428327230e-11 
4.3190000000e+00 1.1484375940e-11 
4.3200000000e+00 1.1540833290e-11 
4.3210000000e+00 1.1597682820e-11 
4.3220000000e+00 1.1654760940e-11 
4.3230000000e+00 1.1712298870e-11 
4.3240000000e+00 1.1770311470e-11 
4.3250000000e+00 1.1828785160e-11 
4.3260000000e+00 1.1887456360e-11 
4.3270000000e+00 1.1946679740e-11 
4.3280000000e+00 1.2006387410e-11 
4.3290000000e+00 1.2066314730e-11 
4.3300000000e+00 1.2126725290e-11 
4.3310000000e+00 1.2187635100e-11 
4.3320000000e+00 1.2248925810e-11 
4.3330000000e+00 1.2310620360e-11 
4.3340000000e+00 1.2372789520e-11 
4.3350000000e+00 1.2435436820e-11 
4.3360000000e+00 1.2498436080e-11 
4.3370000000e+00 1.2561987030e-11 
4.3380000000e+00 1.2626013050e-11 
4.3390000000e+00 1.2690445060e-11 
4.3400000000e+00 1.2755463860e-11 
4.3410000000e+00 1.2820819030e-11 
4.3420000000e+00 1.2886649930e-11 
4.3430000000e+00 1.2953136860e-11 
4.3440000000e+00 1.3019974760e-11 
4.3450000000e+00 1.3087404380e-11 
4.3460000000e+00 1.3155207500e-11 
4.3470000000e+00 1.3223603140e-11 
4.3480000000e+00 1.3292535770e-11 
4.3490000000e+00 1.3361989630e-11 
4.3500000000e+00 1.3431955230e-11 
4.3510000000e+00 1.3502481670e-11 
4.3520000000e+00 1.3573604690e-11 
4.3530000000e+00 1.3645243940e-11 
4.3540000000e+00 1.3717313490e-11 
4.3550000000e+00 1.3790060490e-11 
4.3560000000e+00 1.3863378580e-11 
4.3570000000e+00 1.3937276130e-11 
4.3580000000e+00 1.4011696020e-11 
4.3590000000e+00 1.4086785200e-11 
4.3600000000e+00 1.4162354410e-11 
4.3610000000e+00 1.4238610470e-11 
4.3620000000e+00 1.4315462570e-11 
4.3630000000e+00 1.4392931440e-11 
4.3640000000e+00 1.4471035690e-11 
4.3650000000e+00 1.4549861380e-11 
4.3660000000e+00 1.4629398840e-11 
4.3670000000e+00 1.4709495040e-11 
4.3680000000e+00 1.4790268230e-11 
4.3690000000e+00 1.4871638600e-11 
4.3700000000e+00 1.4953795360e-11 
4.3710000000e+00 1.5036583730e-11 
4.3720000000e+00 1.5120132520e-11 
4.3730000000e+00 1.5204392420e-11 
4.3740000000e+00 1.5289430610e-11 
4.3750000000e+00 1.5374944240e-11 
4.3760000000e+00 1.5461478700e-11 
4.3770000000e+00 1.5548506120e-11 
4.3780000000e+00 1.5636563810e-11 
4.3790000000e+00 1.5725304950e-11 
4.3800000000e+00 1.5814785810e-11 
4.3810000000e+00 1.5905110520e-11 
4.3820000000e+00 1.5996252080e-11 
4.3830000000e+00 1.6088079040e-11 
4.3840000000e+00 1.6180896400e-11 
4.3850000000e+00 1.6274420110e-11 
4.3860000000e+00 1.6368911480e-11 
4.3870000000e+00 1.6464262750e-11 
4.3880000000e+00 1.6560515070e-11 
4.3890000000e+00 1.6657605170e-11 
4.3900000000e+00 1.6755713810e-11 
4.3910000000e+00 1.6854575660e-11 
4.3920000000e+00 1.6954502880e-11 
4.3930000000e+00 1.7055449860e-11 
4.3940000000e+00 1.7157226210e-11 
4.3950000000e+00 1.7260040030e-11 
4.3960000000e+00 1.7363835610e-11 
4.3970000000e+00 1.7468726270e-11 
4.3980000000e+00 1.7574646690e-11 
4.3990000000e+00 1.7681601350e-11 
4.4000000000e+00 1.7789582280e-11 
4.4010000000e+00 1.7898708490e-11 
4.4020000000e+00 1.8008867120e-11 
4.4030000000e+00 1.8120261520e-11 
4.4040000000e+00 1.8232723000e-11 
4.4050000000e+00 1.8346446080e-11 
4.4060000000e+00 1.8461295550e-11 
4.4070000000e+00 1.8577412000e-11 
4.4080000000e+00 1.8694779010e-11 
4.4090000000e+00 1.8813287280e-11 
4.4100000000e+00 1.8933212220e-11 
4.4110000000e+00 1.9054443860e-11 
4.4120000000e+00 1.9176868600e-11 
4.4130000000e+00 1.9300608860e-11 
4.4140000000e+00 1.9425877060e-11 
4.4150000000e+00 1.9552504600e-11 
4.4160000000e+00 1.9680498310e-11 
4.4170000000e+00 1.9810160490e-11 
4.4180000000e+00 1.9941235730e-11 
4.4190000000e+00 2.0073896760e-11 
4.4200000000e+00 2.0208069160e-11 
4.4210000000e+00 2.0343869240e-11 
4.4220000000e+00 2.0481231300e-11 
4.4230000000e+00 2.0620269050e-11 
4.4240000000e+00 2.0760997240e-11 
4.4250000000e+00 2.0903588090e-11 
4.4260000000e+00 2.1047817600e-11 
4.4270000000e+00 2.1193932640e-11 
4.4280000000e+00 2.1341963870e-11 
4.4290000000e+00 2.1491819870e-11 
4.4300000000e+00 2.1643630950e-11 
4.4310000000e+00 2.1797530710e-11 
4.4320000000e+00 2.1953400340e-11 
4.4330000000e+00 2.2111232580e-11 
4.4340000000e+00 2.2271444800e-11 
4.4350000000e+00 2.2433657210e-11 
4.4360000000e+00 2.2598317540e-11 
4.4370000000e+00 2.2765173650e-11 
4.4380000000e+00 2.2934623910e-11 
4.4390000000e+00 2.3106302800e-11 
4.4400000000e+00 2.3280512960e-11 
4.4410000000e+00 2.3457360390e-11 
4.4420000000e+00 2.3636908810e-11 
4.4430000000e+00 2.3819053550e-11 
4.4440000000e+00 2.4004064620e-11 
4.4450000000e+00 2.4191862120e-11 
4.4460000000e+00 2.4382788200e-11 
4.4470000000e+00 2.4576594890e-11 
4.4480000000e+00 2.4773982650e-11 
4.4490000000e+00 2.4974347110e-11 
4.4500000000e+00 2.5177627090e-11 
4.4510000000e+00 2.5384809220e-11 
4.4520000000e+00 2.5595480100e-11 
4.4530000000e+00 2.5809831610e-11 
4.4540000000e+00 2.6027994420e-11 
4.4550000000e+00 2.6250167120e-11 
4.4560000000e+00 2.6476461700e-11 
4.4570000000e+00 2.6706811630e-11 
4.4580000000e+00 2.6941679020e-11 
4.4590000000e+00 2.7181079410e-11 
4.4600000000e+00 2.7425231050e-11 
4.4610000000e+00 2.7674291170e-11 
4.4620000000e+00 2.7928513110e-11 
4.4630000000e+00 2.8188097920e-11 
4.4640000000e+00 2.8453171400e-11 
4.4650000000e+00 2.8724141330e-11 
4.4660000000e+00 2.9001152010e-11 
4.4670000000e+00 2.9284888300e-11 
4.4680000000e+00 2.9574858550e-11 
4.4690000000e+00 2.9871805830e-11 
4.4700000000e+00 3.0176146000e-11 
4.4710000000e+00 3.0488124150e-11 
4.4720000000e+00 3.0808151520e-11 
4.4730000000e+00 3.1136688110e-11 
4.4740000000e+00 3.1474146230e-11 
4.4750000000e+00 3.1821298140e-11 
4.4760000000e+00 3.2178508360e-11 
4.4770000000e+00 3.2546578890e-11 
4.4780000000e+00 3.2925862990e-11 
4.4790000000e+00 3.3317450340e-11 
4.4800000000e+00 3.3721421090e-11 
4.4810000000e+00 3.4139953020e-11 
4.4820000000e+00 3.4573517420e-11 
4.4830000000e+00 3.5023356600e-11 
4.4840000000e+00 3.5490758500e-11 
4.4850000000e+00 3.5977395560e-11 
4.4860000000e+00 3.6484951350e-11 
4.4870000000e+00 3.7016277710e-11 
4.4880000000e+00 3.7572321530e-11 
4.4890000000e+00 3.8156633960e-11 
4.4900000000e+00 3.8772846640e-11 
4.4910000000e+00 3.9424034200e-11 
4.4920000000e+00 4.0116779520e-11 
4.4930000000e+00 4.0856704970e-11 
4.4940000000e+00 4.1652883530e-11 
4.4950000000e+00 4.2514220690e-11 
4.4955000000e+00 4.2973152490e-11 
4.4960000000e+00 4.3456031040e-11 
4.4965000000e+00 4.3963295040e-11 
4.4970000000e+00 4.4498828080e-11 
4.4975000000e+00 4.5067056230e-11 
4.4977500000e+00 4.5363843800e-11 
4.4980000000e+00 4.5672932420e-11 
4.4982500000e+00 4.5992062700e-11 
4.4985000000e+00 4.6323516510e-11 
4.4987500000e+00 4.6668248530e-11 
4.4988750000e+00 4.6844956910e-11 
4.4990000000e+00 4.7026595970e-11 
4.4991250000e+00 4.7212249330e-11 
4.4992500000e+00 4.7402368450e-11 
4.4993750000e+00 4.7598215700e-11 
4.4995000000e+00 4.7797843980e-11 
4.4996250000e+00 4.8002804660e-11 
4.4997500000e+00 4.8213295350e-11 
4.4998750000e+00 4.8429813150e-11 
4.5000000000e+00 4.8652897640e-11 
4.5001250000e+00 4.8882768950e-11 
4.5002500000e+00 4.9120212030e-11 
4.5003125000e+00 4.9240845910e-11 
4.5003750000e+00 4.9364729990e-11 
4.5004375000e+00 4.9490764940e-11 
4.5005000000e+00 4.9619412740e-11 
4.5005625000e+00 4.9750322290e-11 
4.5006250000e+00 4.9883830170e-11 
4.5006875000e+00 5.0020230660e-11 
4.5007500000e+00 5.0159342930e-11 
4.5008125000e+00 5.0301576120e-11 
4.5008750000e+00 5.0447111190e-11 
4.5009375000e+00 5.0596017510e-11 
4.5010000000e+00 5.0748575030e-11 
4.5010625000e+00 5.0905095340e-11 
4.5011250000e+00 5.1065655400e-11 
4.5011562500e+00 5.1149017270e-11 
4.5011875000e+00 5.1232056680e-11 
4.5012187500e+00 5.1316489910e-11 
4.5012500000e+00 5.1402185590e-11 
4.5012812500e+00 5.1489070010e-11 
4.5013125000e+00 5.1577367060e-11 
4.5013437500e+00 5.1667084240e-11 
4.5013750000e+00 5.1758202750e-11 
4.5014062500e+00 5.1850997260e-11 
4.5014375000e+00 5.1945291200e-11 
4.5014687500e+00 5.2041398730e-11 
4.5015000000e+00 5.2139156620e-11 
4.5015312500e+00 5.2238897460e-11 
4.5015625000e+00 5.2340518010e-11 
4.5015937500e+00 5.2444273190e-11 
4.5016250000e+00 5.2550289410e-11 
4.5016562500e+00 5.2658541710e-11 
4.5016875000e+00 5.2769361260e-11 
4.5017187500e+00 5.2882722350e-11 
4.5017500000e+00 5.2999024140e-11 
4.5017656250e+00 5.3057247070e-11 
4.5017812500e+00 5.3117281340e-11 
4.5017968750e+00 5.3178190780e-11 
4.5018125000e+00 5.3239793450e-11 
4.5018281250e+00 5.3302398250e-11 
4.5018437500e+00 5.3365887220e-11 
4.5018593750e+00 5.3430324390e-11 
4.5018750000e+00 5.3495727340e-11 
4.5018906250e+00 5.3562104930e-11 
4.5019062500e+00 5.3629695000e-11 
4.5019218750e+00 5.3698301010e-11 
4.5019375000e+00 5.3768153550e-11 
4.5019531250e+00 5.3839223830e-11 
4.5019687500e+00 5.3911593100e-11 
4.5019843750e+00 5.3985343400e-11 
4.5020000000e+00 5.4061101590e-11 
4.4520000000e+00 2.5595505300e-11 
4.4020000000e+00 1.8008885610e-11 
4.3520000000e+00 1.3573539310e-11 
4.3020000000e+00 1.0581146540e-11 
4.2520000000e+00 8.4128131610e-12 
4.2020000000e+00 6.7858917600e-12 
4.1520000000e+00 5.5339801040e-12 
4.1020000000e+00 4.5523614740e-12 
4.0520000000e+00 3.7710461730e-12 
4.0020000000e+00 3.1427920070e-12 
3.9520000000e+00 2.6333564740e-12 
3.9020000000e+00 2.2172968810e-12 
3.8520000000e+00 1.8745859480e-12 
3.8020000000e+00 1.5910535540e-12 
3.7520000000e+00 1.3563838140e-12 
3.7020000000e+00 1.1605655140e-12 
3.6520000000e+00 9.9691012090e-13 
3.6020000000e+00 8.5891987090e-13 
3.5520000000e+00 7.4234366530e-13 
3.5020000000e+00 6.4234124890e-13 
3.4520000000e+00 5.5651358220e-13 
3.4020000000e+00 4.8272201880e-13 
3.3520000000e+00 4.1924068450e-13 
3.3020000000e+00 3.6435826450e-13 
3.2520000000e+00 3.1658262340e-13 
3.2020000000e+00 2.7522105070e-13 
3.1520000000e+00 2.3900524150e-13 
3.1020000000e+00 2.0731534920e-13 
3.0520000000e+00 1.7958982160e-13 
3.0020000000e+00 1.5533801040e-13 
2.9520000000e+00 1.3414566450e-13 
2.9020000000e+00 1.1586371140e-13 
2.8520000000e+00 9.9581440560e-14 
2.8020000000e+00 8.5339855800e-14 
2.7520000000e+00 7.3003380700e-14 
2.7020000000e+00 6.2128374570e-14 
2.6520000000e+00 5.2923445500e-14 
2.6020000000e+00 4.4752062110e-14 
2.5520000000e+00 3.7936304600e-14 
2.5020000000e+00 3.2075546990e-14 
2.4520000000e+00 2.7112339200e-14 
2.4020000000e+00 2.2898102880e-14 
2.3520000000e+00 1.9295288670e-14 
2.3020000000e+00 1.6316688520e-14 
2.2520000000e+00 1.3902555810e-14 
2.2020000000e+00 1.1961273730e-14 
2.1520000000e+00 1.0353470540e-14 
2.1020000000e+00 9.1176896450e-15 
2.0520000000e+00 8.0634440490e-15 
2.0020000000e+00 7.2493262860e-15 
1.9520000000e+00 6.6182576300e-15 
1.9020000000e+00 6.0702835920e-15 
1.8520000000e+00 5.5825550330e-15 
1.8020000000e+00 5.1450871020e-15 
1.7520000000e+00 4.7332961720e-15 
1.7020000000e+00 4.4170843770e-15 
1.6520000000e+00 4.0730609270e-15 
1.6020000000e+00 3.8049827060e-15 
1.5520000000e+00 3.5864487680e-15 
1.5020000000e+00 3.3370551230e-15 
1.4520000000e+00 3.1451081230e-15 
1.4020000000e+00 2.9573098320e-15 
1.3520000000e+00 2.7798414330e-15 
1.3020000000e+00 2.5980467400e-15 
1.2520000000e+00 2.4631169490e-15 
1.2020000000e+00 2.2989355380e-15 
1.1520000000e+00 2.1007604910e-15 
1.1020000000e+00 1.9679256420e-15 
1.0520000000e+00 1.8800273350e-15 
1.0020000000e+00 1.7713950510e-15 
9.5200000000e-01 1.5895459130e-15 
9.0200000000e-01 1.4634325370e-15 
8.5200000000e-01 1.3241151950e-15 
8.0200000000e-01 1.2274484100e-15 
7.5200000000e-01 1.0857721060e-15 
7.0200000000e-01 9.8178711450e-16 
6.5200000000e-01 9.0711537690e-16 
6.0200000000e-01 7.7388420110e-16 
5.5200000000e-01 7.4656049520e-16 
5.0200000000e-01 6.1300068330e-16 
4.5200000000e-01 6.0881326890e-16 
4.0200000000e-01 4.8809563960e-16 
3.5200000000e-01 4.2285795070e-16 
3.0200000000e-01 3.4113934030e-16 
2.5200000000e-01 3.2496323640e-16 
2.0200000000e-01 3.0585032320e-16 
1.5200000000e-01 2.2129879420e-16 
1.0200000000e-01 1.7366565380e-16 
5.2000000000e-02 9.8492713340e-17 
2.0000000000e-03 1.9593096320e-17 
