EXPORTED XY-GRAPH DATA
873 2 2
Drain Voltage
Drain Current
0.0000000000e+00 -5.8933056480e-18 
5.0000000000e-02 8.4410969550e-17 
1.0000000000e-01 1.6227964250e-16 
1.5000000000e-01 2.4408341090e-16 
2.0000000000e-01 3.1637719850e-16 
2.5000000000e-01 3.9128169430e-16 
3.0000000000e-01 4.5957098180e-16 
3.5000000000e-01 5.4563013060e-16 
4.0000000000e-01 6.5053752040e-16 
4.5000000000e-01 7.9865576200e-16 
5.0000000000e-01 8.7721212170e-16 
5.5000000000e-01 9.5520342200e-16 
6.0000000000e-01 1.0466373670e-15 
6.5000000000e-01 1.1478404130e-15 
7.0000000000e-01 1.2317256960e-15 
7.5000000000e-01 1.3356374350e-15 
8.0000000000e-01 1.4521594980e-15 
8.5000000000e-01 1.5509838070e-15 
9.0000000000e-01 1.6425431030e-15 
9.5000000000e-01 1.7581415740e-15 
1.0000000000e+00 1.9419149380e-15 
1.0500000000e+00 2.0702042710e-15 
1.1000000000e+00 2.2239776150e-15 
1.1500000000e+00 2.3855057090e-15 
1.2000000000e+00 2.5920178950e-15 
1.2500000000e+00 2.8453792420e-15 
1.3000000000e+00 3.1233059480e-15 
1.3500000000e+00 3.4258469940e-15 
1.4000000000e+00 3.7514563470e-15 
1.4500000000e+00 4.1382701370e-15 
1.5000000000e+00 4.4880470580e-15 
1.5500000000e+00 4.8936763430e-15 
1.6000000000e+00 5.3308316870e-15 
1.6500000000e+00 5.7732999450e-15 
1.7000000000e+00 6.2695002480e-15 
1.7500000000e+00 6.7598925240e-15 
1.8000000000e+00 7.3105135230e-15 
1.8500000000e+00 7.8974200120e-15 
1.9000000000e+00 8.5552085580e-15 
1.9500000000e+00 9.3214683730e-15 
2.0000000000e+00 1.0112553480e-14 
2.0500000000e+00 1.1049763620e-14 
2.1000000000e+00 1.2218338320e-14 
2.1500000000e+00 1.3631135640e-14 
2.2000000000e+00 1.5383332330e-14 
2.2500000000e+00 1.7491298660e-14 
2.3000000000e+00 2.0093084410e-14 
2.3500000000e+00 2.3154456890e-14 
2.4000000000e+00 2.6830868180e-14 
2.4500000000e+00 3.1228612100e-14 
2.5000000000e+00 3.6639492790e-14 
2.5500000000e+00 4.3350602480e-14 
2.6000000000e+00 5.1910621660e-14 
2.6500000000e+00 6.3053993200e-14 
2.7000000000e+00 7.7667978170e-14 
2.7500000000e+00 9.6880525380e-14 
2.8000000000e+00 1.2215806640e-13 
2.8500000000e+00 1.5523098780e-13 
2.9000000000e+00 1.9726845960e-13 
2.9500000000e+00 2.4754448000e-13 
3.0000000000e+00 3.0916347290e-13 
3.0500000000e+00 3.8654447220e-13 
3.1000000000e+00 4.8117630830e-13 
3.1500000000e+00 5.9691766200e-13 
3.2000000000e+00 7.3557617120e-13 
3.2500000000e+00 9.0148160630e-13 
3.3000000000e+00 1.0992327430e-12 
3.3500000000e+00 1.3369745130e-12 
3.4000000000e+00 1.6233011060e-12 
3.4500000000e+00 1.9694460480e-12 
3.5000000000e+00 2.3900767650e-12 
3.5500000000e+00 2.9033348500e-12 
3.6000000000e+00 3.5375496690e-12 
3.6100000000e+00 3.6820059820e-12 
3.6200000000e+00 3.8330923650e-12 
3.6300000000e+00 3.9912997920e-12 
3.6400000000e+00 4.1570546950e-12 
3.6500000000e+00 4.3307289200e-12 
3.6600000000e+00 4.5130277930e-12 
3.6700000000e+00 4.7045963350e-12 
3.6800000000e+00 4.9061322680e-12 
3.6900000000e+00 5.1183844210e-12 
3.7000000000e+00 5.3421118520e-12 
3.7005000000e+00 5.3536053860e-12 
3.7010000000e+00 5.3651522120e-12 
3.7015000000e+00 5.3767138770e-12 
3.7020000000e+00 5.3883156310e-12 
3.7025000000e+00 5.3999509750e-12 
3.7030000000e+00 5.4116336690e-12 
3.7035000000e+00 5.4233240000e-12 
3.7040000000e+00 5.4350534830e-12 
3.7045000000e+00 5.4468142590e-12 
3.7050000000e+00 5.4585995130e-12 
3.7055000000e+00 5.4704322990e-12 
3.7060000000e+00 5.4822826170e-12 
3.7065000000e+00 5.4941911690e-12 
3.7070000000e+00 5.5060994470e-12 
3.7075000000e+00 5.5180655920e-12 
3.7080000000e+00 5.5300373600e-12 
3.7085000000e+00 5.5420747720e-12 
3.7090000000e+00 5.5541438670e-12 
3.7095000000e+00 5.5662192800e-12 
3.7100000000e+00 5.5783796770e-12 
3.7105000000e+00 5.5905111960e-12 
3.7110000000e+00 5.6026873290e-12 
3.7115000000e+00 5.6149157770e-12 
3.7120000000e+00 5.6272013140e-12 
3.7125000000e+00 5.6394808330e-12 
3.7130000000e+00 5.6517912760e-12 
3.7135000000e+00 5.6641788750e-12 
3.7140000000e+00 5.6765911770e-12 
3.7145000000e+00 5.6890046640e-12 
3.7150000000e+00 5.7014410710e-12 
3.7155000000e+00 5.7139609060e-12 
3.7160000000e+00 5.7264716140e-12 
3.7165000000e+00 5.7390306070e-12 
3.7170000000e+00 5.7515973370e-12 
3.7175000000e+00 5.7642521770e-12 
3.7180000000e+00 5.7769039270e-12 
3.7185000000e+00 5.7896331800e-12 
3.7190000000e+00 5.8023513430e-12 
3.7195000000e+00 5.8151012030e-12 
3.7200000000e+00 5.8279235620e-12 
3.7205000000e+00 5.8407567700e-12 
3.7210000000e+00 5.8536481050e-12 
3.7215000000e+00 5.8665824940e-12 
3.7220000000e+00 5.8795320220e-12 
3.7225000000e+00 5.8925709080e-12 
3.7230000000e+00 5.9055612660e-12 
3.7235000000e+00 5.9186179400e-12 
3.7240000000e+00 5.9318038690e-12 
3.7245000000e+00 5.9449133900e-12 
3.7250000000e+00 5.9581014470e-12 
3.7255000000e+00 5.9713208030e-12 
3.7260000000e+00 5.9846032740e-12 
3.7265000000e+00 5.9979029790e-12 
3.7270000000e+00 6.0112545540e-12 
3.7275000000e+00 6.0246248600e-12 
3.7280000000e+00 6.0380553210e-12 
3.7285000000e+00 6.0515022460e-12 
3.7290000000e+00 6.0650093590e-12 
3.7295000000e+00 6.0785551080e-12 
3.7300000000e+00 6.0921347580e-12 
3.7305000000e+00 6.1057784520e-12 
3.7310000000e+00 6.1194271500e-12 
3.7315000000e+00 6.1331235260e-12 
3.7320000000e+00 6.1468728690e-12 
3.7325000000e+00 6.1606616680e-12 
3.7330000000e+00 6.1744942730e-12 
3.7335000000e+00 6.1883467280e-12 
3.7340000000e+00 6.2022760160e-12 
3.7345000000e+00 6.2162471120e-12 
3.7350000000e+00 6.2302379410e-12 
3.7355000000e+00 6.2442809430e-12 
3.7360000000e+00 6.2583714820e-12 
3.7365000000e+00 6.2724670140e-12 
3.7370000000e+00 6.2866272340e-12 
3.7375000000e+00 6.3008233820e-12 
3.7380000000e+00 6.3150887300e-12 
3.7385000000e+00 6.3293887740e-12 
3.7390000000e+00 6.3437440460e-12 
3.7395000000e+00 6.3581243230e-12 
3.7400000000e+00 6.3725653820e-12 
3.7405000000e+00 6.3870213350e-12 
3.7410000000e+00 6.4015375670e-12 
3.7415000000e+00 6.4160868820e-12 
3.7420000000e+00 6.4306832300e-12 
3.7425000000e+00 6.4453653120e-12 
3.7430000000e+00 6.4600606070e-12 
3.7435000000e+00 6.4748020710e-12 
3.7440000000e+00 6.4895690850e-12 
3.7445000000e+00 6.5044224890e-12 
3.7450000000e+00 6.5193215080e-12 
3.7455000000e+00 6.5342692290e-12 
3.7460000000e+00 6.5492383490e-12 
3.7465000000e+00 6.5642515860e-12 
3.7470000000e+00 6.5793213220e-12 
3.7475000000e+00 6.5944335150e-12 
3.7480000000e+00 6.6096085850e-12 
3.7485000000e+00 6.6248429340e-12 
3.7490000000e+00 6.6400923380e-12 
3.7495000000e+00 6.6554184670e-12 
3.7500000000e+00 6.6707712490e-12 
3.7505000000e+00 6.6861546030e-12 
3.7510000000e+00 6.7016331230e-12 
3.7515000000e+00 6.7171362640e-12 
3.7520000000e+00 6.7327098230e-12 
3.7525000000e+00 6.7483372480e-12 
3.7530000000e+00 6.7639748340e-12 
3.7535000000e+00 6.7796860240e-12 
3.7540000000e+00 6.7954355710e-12 
3.7545000000e+00 6.8112495300e-12 
3.7550000000e+00 6.8271282660e-12 
3.7555000000e+00 6.8430388290e-12 
3.7560000000e+00 6.8590401680e-12 
3.7565000000e+00 6.8750202770e-12 
3.7570000000e+00 6.8911119390e-12 
3.7575000000e+00 6.9072217360e-12 
3.7580000000e+00 6.9234240710e-12 
3.7585000000e+00 6.9396710590e-12 
3.7590000000e+00 6.9559164820e-12 
3.7595000000e+00 6.9722760990e-12 
3.7600000000e+00 6.9886766450e-12 
3.7605000000e+00 7.0051294440e-12 
3.7610000000e+00 7.0216294240e-12 
3.7615000000e+00 7.0382214330e-12 
3.7620000000e+00 7.0548070340e-12 
3.7625000000e+00 7.0714878850e-12 
3.7630000000e+00 7.0881952070e-12 
3.7635000000e+00 7.1049988050e-12 
3.7640000000e+00 7.1218429540e-12 
3.7645000000e+00 7.1387252930e-12 
3.7650000000e+00 7.1556877430e-12 
3.7655000000e+00 7.1727041300e-12 
3.7660000000e+00 7.1897645750e-12 
3.7665000000e+00 7.2068908380e-12 
3.7670000000e+00 7.2240638480e-12 
3.7675000000e+00 7.2413205070e-12 
3.7680000000e+00 7.2586212750e-12 
3.7685000000e+00 7.2759768400e-12 
3.7690000000e+00 7.2934150190e-12 
3.7695000000e+00 7.3109195560e-12 
3.7700000000e+00 7.3284372270e-12 
3.7705000000e+00 7.3460427340e-12 
3.7710000000e+00 7.3637403960e-12 
3.7715000000e+00 7.3814651840e-12 
3.7720000000e+00 7.3992338400e-12 
3.7725000000e+00 7.4171162630e-12 
3.7730000000e+00 7.4350422000e-12 
3.7735000000e+00 7.4530166970e-12 
3.7740000000e+00 7.4710616110e-12 
3.7745000000e+00 7.4891476210e-12 
3.7750000000e+00 7.5073330440e-12 
3.7755000000e+00 7.5255815560e-12 
3.7760000000e+00 7.5438677020e-12 
3.7765000000e+00 7.5622449810e-12 
3.7770000000e+00 7.5806943080e-12 
3.7775000000e+00 7.5991910620e-12 
3.7780000000e+00 7.6177585570e-12 
3.7785000000e+00 7.6363890890e-12 
3.7790000000e+00 7.6550769380e-12 
3.7795000000e+00 7.6738707920e-12 
3.7800000000e+00 7.6927070740e-12 
3.7805000000e+00 7.7115836120e-12 
3.7810000000e+00 7.7305828240e-12 
3.7815000000e+00 7.7496348630e-12 
3.7820000000e+00 7.7687369310e-12 
3.7825000000e+00 7.7879461680e-12 
3.7830000000e+00 7.8072119420e-12 
3.7835000000e+00 7.8265277960e-12 
3.7840000000e+00 7.8459205840e-12 
3.7845000000e+00 7.8654182030e-12 
3.7850000000e+00 7.8849175940e-12 
3.7855000000e+00 7.9045624670e-12 
3.7860000000e+00 7.9242456880e-12 
3.7865000000e+00 7.9440257500e-12 
3.7870000000e+00 7.9638436590e-12 
3.7875000000e+00 7.9837666780e-12 
3.7880000000e+00 8.0037576380e-12 
3.7885000000e+00 8.0238197840e-12 
3.7890000000e+00 8.0439798570e-12 
3.7895000000e+00 8.0641998500e-12 
3.7900000000e+00 8.0845049340e-12 
3.7905000000e+00 8.1049745640e-12 
3.7910000000e+00 8.1255963930e-12 
3.7915000000e+00 8.1463099980e-12 
3.7920000000e+00 8.1671158660e-12 
3.7925000000e+00 8.1879959300e-12 
3.7930000000e+00 8.2089645970e-12 
3.7935000000e+00 8.2300011840e-12 
3.7940000000e+00 8.2511933060e-12 
3.7945000000e+00 8.2723884840e-12 
3.7950000000e+00 8.2936891570e-12 
3.7955000000e+00 8.3150730720e-12 
3.7960000000e+00 8.3365127530e-12 
3.7965000000e+00 8.3580941360e-12 
3.7970000000e+00 8.3797492240e-12 
3.7975000000e+00 8.4014868770e-12 
3.7980000000e+00 8.4232802410e-12 
3.7985000000e+00 8.4451848590e-12 
3.7990000000e+00 8.4671795120e-12 
3.7995000000e+00 8.4892697150e-12 
3.8000000000e+00 8.5114481380e-12 
3.8005000000e+00 8.5337260380e-12 
3.8010000000e+00 8.5560508610e-12 
3.8015000000e+00 8.5784990260e-12 
3.8020000000e+00 8.6010217390e-12 
3.8025000000e+00 8.6236562530e-12 
3.8030000000e+00 8.6464026440e-12 
3.8035000000e+00 8.6692179600e-12 
3.8040000000e+00 8.6921416430e-12 
3.8045000000e+00 8.7151633220e-12 
3.8050000000e+00 8.7382581060e-12 
3.8055000000e+00 8.7614830820e-12 
3.8060000000e+00 8.7847563390e-12 
3.8065000000e+00 8.8081765230e-12 
3.8070000000e+00 8.8316703870e-12 
3.8075000000e+00 8.8553052450e-12 
3.8080000000e+00 8.8789985520e-12 
3.8085000000e+00 8.9028049830e-12 
3.8090000000e+00 8.9267203120e-12 
3.8095000000e+00 8.9507464730e-12 
3.8100000000e+00 8.9748599170e-12 
3.8105000000e+00 8.9990590230e-12 
3.8110000000e+00 9.0234027400e-12 
3.8115000000e+00 9.0478525780e-12 
3.8120000000e+00 9.0724143280e-12 
3.8125000000e+00 9.0970546120e-12 
3.8130000000e+00 9.1218215110e-12 
3.8135000000e+00 9.1466802870e-12 
3.8140000000e+00 9.1716514460e-12 
3.8145000000e+00 9.1967752290e-12 
3.8150000000e+00 9.2220060320e-12 
3.8155000000e+00 9.2473053490e-12 
3.8160000000e+00 9.2727498630e-12 
3.8165000000e+00 9.2982983470e-12 
3.8170000000e+00 9.3239782920e-12 
3.8175000000e+00 9.3497907630e-12 
3.8180000000e+00 9.3756741640e-12 
3.8185000000e+00 9.4016776990e-12 
3.8190000000e+00 9.4278334430e-12 
3.8195000000e+00 9.4540881480e-12 
3.8200000000e+00 9.4804935160e-12 
3.8300000000e+00 1.0035761860e-11 
3.8400000000e+00 1.0649498120e-11 
3.8500000000e+00 1.1334671270e-11 
3.8600000000e+00 1.2108842420e-11 
3.8700000000e+00 1.2997060990e-11 
3.8800000000e+00 1.4039408210e-11 
3.8900000000e+00 1.5298437600e-11 
3.9000000000e+00 1.6896200160e-11 
3.9100000000e+00 1.9095781770e-11 
3.9125000000e+00 1.9813175060e-11 
3.9137500000e+00 2.0212797590e-11 
3.9037500000e+00 1.7625852180e-11 
3.8937500000e+00 1.5849072300e-11 
3.8837500000e+00 1.4481422410e-11 
3.8737500000e+00 1.3366945780e-11 
3.8637500000e+00 1.2426844310e-11 
3.8537500000e+00 1.1613391630e-11 
3.8437500000e+00 1.0897256030e-11 
3.8337500000e+00 1.0258454010e-11 
3.8237500000e+00 9.6825730480e-12 
3.8137500000e+00 9.1592912140e-12 
3.8037500000e+00 8.6807560930e-12 
3.7937500000e+00 8.2406750260e-12 
3.7837500000e+00 7.8362765760e-12 
3.7737500000e+00 7.4620775730e-12 
3.7637500000e+00 7.1134087050e-12 
3.7537500000e+00 6.7875285270e-12 
3.7437500000e+00 6.4821693770e-12 
3.7337500000e+00 6.1952723700e-12 
3.7237500000e+00 5.9251628230e-12 
3.7137500000e+00 5.6703535580e-12 
3.7037500000e+00 5.4291744890e-12 
3.6937500000e+00 5.2008379230e-12 
3.6837500000e+00 4.9844204050e-12 
3.6737500000e+00 4.7789627750e-12 
3.6637500000e+00 4.5837352570e-12 
3.6537500000e+00 4.3980137610e-12 
3.6437500000e+00 4.2211484120e-12 
3.6337500000e+00 4.0525638050e-12 
3.6237500000e+00 3.8915888330e-12 
3.6137500000e+00 3.7378457620e-12 
3.6037500000e+00 3.5910014890e-12 
3.5937500000e+00 3.4505399130e-12 
3.5837500000e+00 3.3161590140e-12 
3.5737500000e+00 3.1875616160e-12 
3.5637500000e+00 3.0643793300e-12 
3.5537500000e+00 2.9463334330e-12 
3.5437500000e+00 2.8332130100e-12 
3.5337500000e+00 2.7247276200e-12 
3.5237500000e+00 2.6206233520e-12 
3.5137500000e+00 2.5207940610e-12 
3.5037500000e+00 2.4249867150e-12 
3.4937500000e+00 2.3328715660e-12 
3.4837500000e+00 2.2442155130e-12 
3.4737500000e+00 2.1589711680e-12 
3.4637500000e+00 2.0770196230e-12 
3.4537500000e+00 1.9982150420e-12 
3.4437500000e+00 1.9224161760e-12 
3.4337500000e+00 1.8495317190e-12 
3.4237500000e+00 1.7794081300e-12 
3.4137500000e+00 1.7119129200e-12 
3.4037500000e+00 1.6469907700e-12 
3.3937500000e+00 1.5845143410e-12 
3.3837500000e+00 1.5244359150e-12 
3.3737500000e+00 1.4665272460e-12 
3.3637500000e+00 1.4107093470e-12 
3.3537500000e+00 1.3567257960e-12 
3.3532500000e+00 1.3540825060e-12 
3.3527500000e+00 1.3514283450e-12 
3.3522500000e+00 1.3488056320e-12 
3.3517500000e+00 1.3461668500e-12 
3.3512500000e+00 1.3435575350e-12 
3.3507500000e+00 1.3409312140e-12 
3.3502500000e+00 1.3383122220e-12 
3.3497500000e+00 1.3357020240e-12 
3.3492500000e+00 1.3330833890e-12 
3.3487500000e+00 1.3304876490e-12 
3.3482500000e+00 1.3278647810e-12 
3.3477500000e+00 1.3252867430e-12 
3.3472500000e+00 1.3226803270e-12 
3.3467500000e+00 1.3201103890e-12 
3.3462500000e+00 1.3175287860e-12 
3.3457500000e+00 1.3149560940e-12 
3.3452500000e+00 1.3123601480e-12 
3.3447500000e+00 1.3098312860e-12 
3.3442500000e+00 1.3072673720e-12 
3.3437500000e+00 1.3047054810e-12 
3.3432500000e+00 1.3021605490e-12 
3.3427500000e+00 1.2995910150e-12 
3.3422500000e+00 1.2970735320e-12 
3.3417500000e+00 1.2945432500e-12 
3.3412500000e+00 1.2919955750e-12 
3.3407500000e+00 1.2894469060e-12 
3.3402500000e+00 1.2869468480e-12 
3.3397500000e+00 1.2844522720e-12 
3.3392500000e+00 1.2819110970e-12 
3.3387500000e+00 1.2794241030e-12 
3.3382500000e+00 1.2769277640e-12 
3.3377500000e+00 1.2744131060e-12 
3.3372500000e+00 1.2719012260e-12 
3.3367500000e+00 1.2694332710e-12 
3.3362500000e+00 1.2669617260e-12 
3.3357500000e+00 1.2644641390e-12 
3.3352500000e+00 1.2619893870e-12 
3.3347500000e+00 1.2595152270e-12 
3.3342500000e+00 1.2570587880e-12 
3.3337500000e+00 1.2545965200e-12 
3.3332500000e+00 1.2521626580e-12 
3.3327500000e+00 1.2497284380e-12 
3.3322500000e+00 1.2472967240e-12 
3.3317500000e+00 1.2448698130e-12 
3.3312500000e+00 1.2424204500e-12 
3.3307500000e+00 1.2399888440e-12 
3.3302500000e+00 1.2375723850e-12 
3.3297500000e+00 1.2351615700e-12 
3.3292500000e+00 1.2327355150e-12 
3.3287500000e+00 1.2303554180e-12 
3.3282500000e+00 1.2279451500e-12 
3.3277500000e+00 1.2255300880e-12 
3.3272500000e+00 1.2231554540e-12 
3.3267500000e+00 1.2207555610e-12 
3.3262500000e+00 1.2183907720e-12 
3.3257500000e+00 1.2159996810e-12 
3.3252500000e+00 1.2136416090e-12 
3.3247500000e+00 1.2112792730e-12 
3.3242500000e+00 1.2088538800e-12 
3.3237500000e+00 1.2065143520e-12 
3.3232500000e+00 1.2041954200e-12 
3.3227500000e+00 1.2018513430e-12 
3.3222500000e+00 1.1994857790e-12 
3.3217500000e+00 1.1971394560e-12 
3.3212500000e+00 1.1947974430e-12 
3.3207500000e+00 1.1924471040e-12 
3.3202500000e+00 1.1901455660e-12 
3.3197500000e+00 1.1878102230e-12 
3.3192500000e+00 1.1854673940e-12 
3.3187500000e+00 1.1831371310e-12 
3.3182500000e+00 1.1808498250e-12 
3.3177500000e+00 1.1785238120e-12 
3.3172500000e+00 1.1762206030e-12 
3.3167500000e+00 1.1739161810e-12 
3.3162500000e+00 1.1716287170e-12 
3.3157500000e+00 1.1693289720e-12 
3.3152500000e+00 1.1670125610e-12 
3.3147500000e+00 1.1647397430e-12 
3.3142500000e+00 1.1624596600e-12 
3.3137500000e+00 1.1602045840e-12 
3.3132500000e+00 1.1579254320e-12 
3.3127500000e+00 1.1556572960e-12 
3.3122500000e+00 1.1533976690e-12 
3.3117500000e+00 1.1511124040e-12 
3.3112500000e+00 1.1488916280e-12 
3.3107500000e+00 1.1466423960e-12 
3.3102500000e+00 1.1443905040e-12 
3.3097500000e+00 1.1421192460e-12 
3.3092500000e+00 1.1399069460e-12 
3.3087500000e+00 1.1376646290e-12 
3.3082500000e+00 1.1354368890e-12 
3.3077500000e+00 1.1332262350e-12 
3.3072500000e+00 1.1309920410e-12 
3.3067500000e+00 1.1287768150e-12 
3.3062500000e+00 1.1265620730e-12 
3.3057500000e+00 1.1243388350e-12 
3.3052500000e+00 1.1221270480e-12 
3.3047500000e+00 1.1199380970e-12 
3.3042500000e+00 1.1177365810e-12 
3.3037500000e+00 1.1155494450e-12 
3.3032500000e+00 1.1133663510e-12 
3.3027500000e+00 1.1111600420e-12 
3.3022500000e+00 1.1090002830e-12 
3.3017500000e+00 1.1068326640e-12 
3.3012500000e+00 1.1046343150e-12 
3.3007500000e+00 1.1024590220e-12 
3.3002500000e+00 1.1003137820e-12 
3.2997500000e+00 1.0981399050e-12 
3.2992500000e+00 1.0959888770e-12 
3.2987500000e+00 1.0938334440e-12 
3.2982500000e+00 1.0916813340e-12 
3.2977500000e+00 1.0895166750e-12 
3.2972500000e+00 1.0873785260e-12 
3.2967500000e+00 1.0852544600e-12 
3.2962500000e+00 1.0831094940e-12 
3.2957500000e+00 1.0809922950e-12 
3.2952500000e+00 1.0788440680e-12 
3.2947500000e+00 1.0767422360e-12 
3.2942500000e+00 1.0746034050e-12 
3.2937500000e+00 1.0724979830e-12 
3.2932500000e+00 1.0704009120e-12 
3.2927500000e+00 1.0682922440e-12 
3.2922500000e+00 1.0661923470e-12 
3.2917500000e+00 1.0640645650e-12 
3.2912500000e+00 1.0619739610e-12 
3.2907500000e+00 1.0598660230e-12 
3.2902500000e+00 1.0577785560e-12 
3.2897500000e+00 1.0557223190e-12 
3.2892500000e+00 1.0536676530e-12 
3.2887500000e+00 1.0515553470e-12 
3.2882500000e+00 1.0494727060e-12 
3.2877500000e+00 1.0474037540e-12 
3.2872500000e+00 1.0453672910e-12 
3.2867500000e+00 1.0432745480e-12 
3.2862500000e+00 1.0412375850e-12 
3.2857500000e+00 1.0391881030e-12 
3.2852500000e+00 1.0371292360e-12 
3.2847500000e+00 1.0350771720e-12 
3.2842500000e+00 1.0330184410e-12 
3.2837500000e+00 1.0309945040e-12 
3.2832500000e+00 1.0289553380e-12 
3.2827500000e+00 1.0269407350e-12 
3.2822500000e+00 1.0249008790e-12 
3.2817500000e+00 1.0229142020e-12 
3.2812500000e+00 1.0208732820e-12 
3.2807500000e+00 1.0188187320e-12 
3.2802500000e+00 1.0168214480e-12 
3.2797500000e+00 1.0148057170e-12 
3.2792500000e+00 1.0128025570e-12 
3.2787500000e+00 1.0108112370e-12 
3.2782500000e+00 1.0087848680e-12 
3.2777500000e+00 1.0067839180e-12 
3.2772500000e+00 1.0048034800e-12 
3.2767500000e+00 1.0028249660e-12 
3.2762500000e+00 1.0008077530e-12 
3.2757500000e+00 9.9882651070e-13 
3.2752500000e+00 9.9688050960e-13 
3.2747500000e+00 9.9490552480e-13 
3.2742500000e+00 9.9292254810e-13 
3.2737500000e+00 9.9092844780e-13 
3.2732500000e+00 9.8901136620e-13 
3.2727500000e+00 9.8700264540e-13 
3.2722500000e+00 9.8504866910e-13 
3.2717500000e+00 9.8310557120e-13 
3.2712500000e+00 9.8115814330e-13 
3.2707500000e+00 9.7921213150e-13 
3.2702500000e+00 9.7727328060e-13 
3.2697500000e+00 9.7533877200e-13 
3.2692500000e+00 9.7341017310e-13 
3.2687500000e+00 9.7147777290e-13 
3.2682500000e+00 9.6953979700e-13 
3.2677500000e+00 9.6761473100e-13 
3.2672500000e+00 9.6567469250e-13 
3.2667500000e+00 9.6379320310e-13 
3.2662500000e+00 9.6183523250e-13 
3.2657500000e+00 9.5994844940e-13 
3.2652500000e+00 9.5803740350e-13 
3.2647500000e+00 9.5612987480e-13 
3.2642500000e+00 9.5423411470e-13 
3.2637500000e+00 9.5231273710e-13 
3.2632500000e+00 9.5043832400e-13 
3.2627500000e+00 9.4853276070e-13 
3.2622500000e+00 9.4666090090e-13 
3.2617500000e+00 9.4475998160e-13 
3.2612500000e+00 9.4287699850e-13 
3.2607500000e+00 9.4101383250e-13 
3.2602500000e+00 9.3915784820e-13 
3.2597500000e+00 9.3726100760e-13 
3.2592500000e+00 9.3539860780e-13 
3.2587500000e+00 9.3354276610e-13 
3.2582500000e+00 9.3168575570e-13 
3.2577500000e+00 9.2981619430e-13 
3.2572500000e+00 9.2797157430e-13 
3.2567500000e+00 9.2613967810e-13 
3.2562500000e+00 9.2428374650e-13 
3.2557500000e+00 9.2246654440e-13 
3.2552500000e+00 9.2061778970e-13 
3.2547500000e+00 9.1876463590e-13 
3.2542500000e+00 9.1694092020e-13 
3.2537500000e+00 9.1509588930e-13 
3.2532500000e+00 9.1327434590e-13 
3.2527500000e+00 9.1142678980e-13 
3.2522500000e+00 9.0959750150e-13 
3.2517500000e+00 9.0781582760e-13 
3.2512500000e+00 9.0598955510e-13 
3.2507500000e+00 9.0417518290e-13 
3.2502500000e+00 9.0239558290e-13 
3.2497500000e+00 9.0060595450e-13 
3.2492500000e+00 8.9875763290e-13 
3.2487500000e+00 8.9699212550e-13 
3.2482500000e+00 8.9518949530e-13 
3.2477500000e+00 8.9341074900e-13 
3.2472500000e+00 8.9161687260e-13 
3.2467500000e+00 8.8980870240e-13 
3.2462500000e+00 8.8799135650e-13 
3.2457500000e+00 8.8620775770e-13 
3.2452500000e+00 8.8444171980e-13 
3.2447500000e+00 8.8265303710e-13 
3.2442500000e+00 8.8092121090e-13 
3.2437500000e+00 8.7913401730e-13 
3.2432500000e+00 8.7738204460e-13 
3.2427500000e+00 8.7556315860e-13 
3.2422500000e+00 8.7380727430e-13 
3.2417500000e+00 8.7203951440e-13 
3.2412500000e+00 8.7027648450e-13 
3.2407500000e+00 8.6853259720e-13 
3.2402500000e+00 8.6677819450e-13 
3.2397500000e+00 8.6503301500e-13 
3.2392500000e+00 8.6329904380e-13 
3.2387500000e+00 8.6154401200e-13 
3.2382500000e+00 8.5978692730e-13 
3.2377500000e+00 8.5805849360e-13 
3.2372500000e+00 8.5631140390e-13 
3.2367500000e+00 8.5459453350e-13 
3.2362500000e+00 8.5287728440e-13 
3.2357500000e+00 8.5115809100e-13 
3.2352500000e+00 8.4942337790e-13 
3.2347500000e+00 8.4772202040e-13 
3.2342500000e+00 8.4601673690e-13 
3.2337500000e+00 8.4428580620e-13 
3.2332500000e+00 8.4259335090e-13 
3.2327500000e+00 8.4090188050e-13 
3.2322500000e+00 8.3917014470e-13 
3.2317500000e+00 8.3748503250e-13 
3.2312500000e+00 8.3574889230e-13 
3.2307500000e+00 8.3407273480e-13 
3.2302500000e+00 8.3236571430e-13 
3.2297500000e+00 8.3070156150e-13 
3.2292500000e+00 8.2901751310e-13 
3.2287500000e+00 8.2732505750e-13 
3.2282500000e+00 8.2565918040e-13 
3.2277500000e+00 8.2398813520e-13 
3.2272500000e+00 8.2231702210e-13 
3.2267500000e+00 8.2065287750e-13 
3.2262500000e+00 8.1896947000e-13 
3.2257500000e+00 8.1731504700e-13 
3.2252500000e+00 8.1566799200e-13 
3.2247500000e+00 8.1401013460e-13 
3.2242500000e+00 8.1234899450e-13 
3.2237500000e+00 8.1069606000e-13 
3.2232500000e+00 8.0904412610e-13 
3.2227500000e+00 8.0739350680e-13 
3.2222500000e+00 8.0575746590e-13 
3.2217500000e+00 8.0413527330e-13 
3.2212500000e+00 8.0246813390e-13 
3.2207500000e+00 8.0084774070e-13 
3.2202500000e+00 7.9921247900e-13 
3.2197500000e+00 7.9758260960e-13 
3.2192500000e+00 7.9597003860e-13 
3.2187500000e+00 7.9432192390e-13 
3.2182500000e+00 7.9270437210e-13 
3.2177500000e+00 7.9110015260e-13 
3.2172500000e+00 7.8949172140e-13 
3.2167500000e+00 7.8789067150e-13 
3.2162500000e+00 7.8627789240e-13 
3.2157500000e+00 7.8466539460e-13 
3.2152500000e+00 7.8305589420e-13 
3.2147500000e+00 7.8145377800e-13 
3.2142500000e+00 7.7985131900e-13 
3.2137500000e+00 7.7827817660e-13 
3.2132500000e+00 7.7668276190e-13 
3.2127500000e+00 7.7508084510e-13 
3.2122500000e+00 7.7349989260e-13 
3.2117500000e+00 7.7193395260e-13 
3.2112500000e+00 7.7035514240e-13 
3.2107500000e+00 7.6878351370e-13 
3.2102500000e+00 7.6719974720e-13 
3.2097500000e+00 7.6563193620e-13 
3.2092500000e+00 7.6406504300e-13 
3.2087500000e+00 7.6248946060e-13 
3.2082500000e+00 7.6094121900e-13 
3.2077500000e+00 7.5940360980e-13 
3.2072500000e+00 7.5784363290e-13 
3.2067500000e+00 7.5629690080e-13 
3.2062500000e+00 7.5469939670e-13 
3.2057500000e+00 7.5316860840e-13 
3.2052500000e+00 7.5162119920e-13 
3.2047500000e+00 7.5006322700e-13 
3.2042500000e+00 7.4851422140e-13 
3.2037500000e+00 7.4699245890e-13 
3.2032500000e+00 7.4546441730e-13 
3.2027500000e+00 7.4392821760e-13 
3.2022500000e+00 7.4239388600e-13 
3.2017500000e+00 7.4086560060e-13 
3.2012500000e+00 7.3937375210e-13 
3.2007500000e+00 7.3784858000e-13 
3.2002500000e+00 7.3631734160e-13 
3.1997500000e+00 7.3483329610e-13 
3.1992500000e+00 7.3331749620e-13 
3.1987500000e+00 7.3180315180e-13 
3.1982500000e+00 7.3027386770e-13 
3.1977500000e+00 7.2877747490e-13 
3.1972500000e+00 7.2726423610e-13 
3.1967500000e+00 7.2577522920e-13 
3.1962500000e+00 7.2427420650e-13 
3.1957500000e+00 7.2278425260e-13 
3.1952500000e+00 7.2128980580e-13 
3.1947500000e+00 7.1982219630e-13 
3.1942500000e+00 7.1832158720e-13 
3.1937500000e+00 7.1685711290e-13 
3.1932500000e+00 7.1536715880e-13 
3.1927500000e+00 7.1389840700e-13 
3.1922500000e+00 7.1241691750e-13 
3.1917500000e+00 7.1095224560e-13 
3.1912500000e+00 7.0946282760e-13 
3.1907500000e+00 7.0801581450e-13 
3.1902500000e+00 7.0654729420e-13 
3.1897500000e+00 7.0507763170e-13 
3.1892500000e+00 7.0362050840e-13 
3.1887500000e+00 7.0216924130e-13 
3.1882500000e+00 7.0071704290e-13 
3.1877500000e+00 6.9927571490e-13 
3.1872500000e+00 6.9781382360e-13 
3.1867500000e+00 6.9638118410e-13 
3.1862500000e+00 6.9494615400e-13 
3.1857500000e+00 6.9353066490e-13 
3.1852500000e+00 6.9207801040e-13 
3.1847500000e+00 6.9065534140e-13 
3.1842500000e+00 6.8920208770e-13 
3.1837500000e+00 6.8777464360e-13 
3.1832500000e+00 6.8636517730e-13 
3.1827500000e+00 6.8491092540e-13 
3.1822500000e+00 6.8351527690e-13 
3.1817500000e+00 6.8207526190e-13 
3.1812500000e+00 6.8067902220e-13 
3.1807500000e+00 6.7927361110e-13 
3.1802500000e+00 6.7786821930e-13 
3.1797500000e+00 6.7645783480e-13 
3.1792500000e+00 6.7506465800e-13 
3.1787500000e+00 6.7364485910e-13 
3.1782500000e+00 6.7222885450e-13 
3.1777500000e+00 6.7082228310e-13 
3.1772500000e+00 6.6943684200e-13 
3.1767500000e+00 6.6803838220e-13 
3.1762500000e+00 6.6665061060e-13 
3.1757500000e+00 6.6524710620e-13 
3.1752500000e+00 6.6387559540e-13 
3.1747500000e+00 6.6245556120e-13 
3.1742500000e+00 6.6106386650e-13 
3.1737500000e+00 6.5968850230e-13 
3.1732500000e+00 6.5831860800e-13 
3.1727500000e+00 6.5691669280e-13 
3.1722500000e+00 6.5557998440e-13 
3.1717500000e+00 6.5420488580e-13 
3.1712500000e+00 6.5283682600e-13 
3.1707500000e+00 6.5146734650e-13 
3.1702500000e+00 6.5011294810e-13 
3.1697500000e+00 6.4874585240e-13 
3.1692500000e+00 6.4738015830e-13 
3.1687500000e+00 6.4604343660e-13 
3.1682500000e+00 6.4470185170e-13 
3.1677500000e+00 6.4335926810e-13 
3.1672500000e+00 6.4199584430e-13 
3.1667500000e+00 6.4065283160e-13 
3.1662500000e+00 6.3928647330e-13 
3.1657500000e+00 6.3794470460e-13 
3.1652500000e+00 6.3662136450e-13 
3.1647500000e+00 6.3527958880e-13 
3.1642500000e+00 6.3391666280e-13 
3.1637500000e+00 6.3259681320e-13 
3.1632500000e+00 6.3127847630e-13 
3.1627500000e+00 6.2992249040e-13 
3.1622500000e+00 6.2862107010e-13 
3.1617500000e+00 6.2730654350e-13 
3.1612500000e+00 6.2598267080e-13 
3.1607500000e+00 6.2468892810e-13 
3.1602500000e+00 6.2334030770e-13 
3.1597500000e+00 6.2203612560e-13 
3.1592500000e+00 6.2071967540e-13 
3.1587500000e+00 6.1937257760e-13 
3.1582500000e+00 6.1808286930e-13 
3.1577500000e+00 6.1678204330e-13 
3.1572500000e+00 6.1548451180e-13 
3.1567500000e+00 6.1418056310e-13 
3.1562500000e+00 6.1288481840e-13 
3.1557500000e+00 6.1159236970e-13 
3.1552500000e+00 6.1032222450e-13 
3.1547500000e+00 6.0902498650e-13 
3.1542500000e+00 6.0773908750e-13 
3.1537500000e+00 6.0645700880e-13 
3.1532500000e+00 6.0518334620e-13 
3.1527500000e+00 6.0389251390e-13 
3.1522500000e+00 6.0262920990e-13 
3.1517500000e+00 6.0133244580e-13 
3.1512500000e+00 6.0006979020e-13 
3.1507500000e+00 5.9880615420e-13 
3.1502500000e+00 5.9753506340e-13 
3.1500000000e+00 5.9691631420e-13 
3.1400000000e+00 5.7208755600e-13 
3.1300000000e+00 5.4811856450e-13 
3.1200000000e+00 5.2499296080e-13 
3.1100000000e+00 5.0263705720e-13 
3.1000000000e+00 4.8118807060e-13 
3.0900000000e+00 4.6048651420e-13 
3.0800000000e+00 4.4058105380e-13 
3.0700000000e+00 4.2181067410e-13 
3.0600000000e+00 4.0385221680e-13 
3.0500000000e+00 3.8660843300e-13 
3.0400000000e+00 3.6988362240e-13 
3.0300000000e+00 3.5383258180e-13 
3.0200000000e+00 3.3837643620e-13 
3.0100000000e+00 3.2349807190e-13 
3.0000000000e+00 3.0911086810e-13 
2.9500000000e+00 2.4754501410e-13 
2.9000000000e+00 1.9727776160e-13 
2.8500000000e+00 1.5524582160e-13 
2.8000000000e+00 1.2215211660e-13 
2.7500000000e+00 9.6876245750e-14 
2.7000000000e+00 7.7653672460e-14 
2.6500000000e+00 6.3049608220e-14 
2.6000000000e+00 5.1910309250e-14 
2.5500000000e+00 4.3375040390e-14 
2.5000000000e+00 3.6630198740e-14 
2.4500000000e+00 3.1224121880e-14 
2.4000000000e+00 2.6827630970e-14 
2.3500000000e+00 2.3152055030e-14 
2.3000000000e+00 2.0103214440e-14 
2.2500000000e+00 1.7527641280e-14 
2.2000000000e+00 1.5374977730e-14 
2.1500000000e+00 1.3635104100e-14 
2.1000000000e+00 1.2205597520e-14 
2.0500000000e+00 1.1040573520e-14 
2.0000000000e+00 1.0092397940e-14 
1.9500000000e+00 9.3016261630e-15 
1.9000000000e+00 8.5552085450e-15 
1.8500000000e+00 7.8844703100e-15 
1.8000000000e+00 7.2950574810e-15 
1.7500000000e+00 6.7676205520e-15 
1.7000000000e+00 6.2534176120e-15 
1.6500000000e+00 5.7799836660e-15 
1.6000000000e+00 5.3211193720e-15 
1.5500000000e+00 4.9125786820e-15 
1.5000000000e+00 4.4931644470e-15 
1.4500000000e+00 4.1265738290e-15 
1.4000000000e+00 3.7416395940e-15 
1.3500000000e+00 3.4242799800e-15 
1.3000000000e+00 3.1595438790e-15 
1.2500000000e+00 2.8454838530e-15 
1.2000000000e+00 2.5914958840e-15 
1.1500000000e+00 2.3742270240e-15 
1.1000000000e+00 2.2381791920e-15 
1.0500000000e+00 2.0709343310e-15 
1.0000000000e+00 1.9183080400e-15 
9.5000000000e-01 1.7651434620e-15 
9.0000000000e-01 1.6568548760e-15 
8.5000000000e-01 1.5321840780e-15 
8.0000000000e-01 1.4433847010e-15 
7.5000000000e-01 1.3452346410e-15 
7.0000000000e-01 1.2301665480e-15 
6.5000000000e-01 1.1558739830e-15 
6.0000000000e-01 1.0508154920e-15 
5.5000000000e-01 9.6701003270e-16 
5.0000000000e-01 8.8869809120e-16 
4.5000000000e-01 7.8624132010e-16 
4.0000000000e-01 6.5453044090e-16 
3.5000000000e-01 5.3297092450e-16 
3.0000000000e-01 4.5531534770e-16 
2.5000000000e-01 3.9897381830e-16 
2.0000000000e-01 3.1444519280e-16 
1.5000000000e-01 2.4513426530e-16 
1.0000000000e-01 1.5936857990e-16 
5.0000000000e-02 8.7080531440e-17 
0.0000000000e+00 -3.8447866820e-19 
