EXPORTED XY-GRAPH DATA
1502 2 2
Drain Voltage
Drain Current
0.0000000000e+00 1.9783120460e-18 
5.0000000000e-02 7.6943985010e-17 
1.0000000000e-01 1.5637263870e-16 
1.5000000000e-01 2.3963847700e-16 
2.0000000000e-01 3.2107666430e-16 
2.5000000000e-01 3.8558684600e-16 
3.0000000000e-01 4.5917283280e-16 
3.5000000000e-01 5.2594130250e-16 
4.0000000000e-01 6.4086122840e-16 
4.5000000000e-01 7.7481116500e-16 
5.0000000000e-01 8.5954148940e-16 
5.5000000000e-01 9.6318174890e-16 
6.0000000000e-01 1.0435751540e-15 
6.5000000000e-01 1.1577334420e-15 
7.0000000000e-01 1.2350830880e-15 
7.5000000000e-01 1.3072011590e-15 
8.0000000000e-01 1.4321502880e-15 
8.5000000000e-01 1.5346043200e-15 
9.0000000000e-01 1.6302218150e-15 
9.5000000000e-01 1.7565813380e-15 
1.0000000000e+00 1.9041161650e-15 
1.0500000000e+00 2.0654184840e-15 
1.1000000000e+00 2.2205484820e-15 
1.1500000000e+00 2.3594024270e-15 
1.2000000000e+00 2.5719104580e-15 
1.2500000000e+00 2.8404560850e-15 
1.3000000000e+00 3.1149581210e-15 
1.3500000000e+00 3.4152357150e-15 
1.4000000000e+00 3.7530352900e-15 
1.4500000000e+00 4.0962312310e-15 
1.5000000000e+00 4.4677345340e-15 
1.5500000000e+00 4.8807606470e-15 
1.6000000000e+00 5.3046247880e-15 
1.6500000000e+00 5.7603274420e-15 
1.7000000000e+00 6.2355076980e-15 
1.7500000000e+00 6.7529385380e-15 
1.8000000000e+00 7.3048933570e-15 
1.8500000000e+00 7.8976453400e-15 
1.9000000000e+00 8.5779229640e-15 
1.9500000000e+00 9.3231133190e-15 
2.0000000000e+00 1.0131861900e-14 
2.0500000000e+00 1.1066096350e-14 
2.1000000000e+00 1.2243797270e-14 
2.1500000000e+00 1.3685256500e-14 
2.2000000000e+00 1.5426730870e-14 
2.2500000000e+00 1.7593721630e-14 
2.3000000000e+00 2.0221449750e-14 
2.3500000000e+00 2.3283044590e-14 
2.4000000000e+00 2.6984321580e-14 
2.4500000000e+00 3.1400109020e-14 
2.5000000000e+00 3.6815891280e-14 
2.5500000000e+00 4.3516101940e-14 
2.6000000000e+00 5.2062987400e-14 
2.6500000000e+00 6.3101153670e-14 
2.7000000000e+00 7.7515076310e-14 
2.7500000000e+00 9.6397982810e-14 
2.8000000000e+00 1.2115332420e-13 
2.8500000000e+00 1.5333950880e-13 
2.9000000000e+00 1.9405947340e-13 
2.9500000000e+00 2.4249675180e-13 
3.0000000000e+00 3.0147503990e-13 
3.0500000000e+00 3.7522417740e-13 
3.1000000000e+00 4.6480075990e-13 
3.1500000000e+00 5.7369269260e-13 
3.2000000000e+00 7.0325227580e-13 
3.2500000000e+00 8.5709730450e-13 
3.3000000000e+00 1.0389627470e-12 
3.3500000000e+00 1.2556499580e-12 
3.4000000000e+00 1.5139129030e-12 
3.4500000000e+00 1.8225591380e-12 
3.5000000000e+00 2.1924220260e-12 
3.5500000000e+00 2.6362703630e-12 
3.6000000000e+00 3.1737457120e-12 
3.6100000000e+00 3.2944301180e-12 
3.6200000000e+00 3.4200693450e-12 
3.6300000000e+00 3.5508153390e-12 
3.6400000000e+00 3.6869717160e-12 
3.6500000000e+00 3.8288124770e-12 
3.6600000000e+00 3.9766684820e-12 
3.6700000000e+00 4.1309399250e-12 
3.6800000000e+00 4.2919979090e-12 
3.6900000000e+00 4.4602175720e-12 
3.7000000000e+00 4.6360838340e-12 
3.7005000000e+00 4.6450872060e-12 
3.7010000000e+00 4.6541467150e-12 
3.7015000000e+00 4.6631307410e-12 
3.7020000000e+00 4.6722359270e-12 
3.7025000000e+00 4.6812995530e-12 
3.7030000000e+00 4.6904056760e-12 
3.7035000000e+00 4.6995054100e-12 
3.7040000000e+00 4.7086705910e-12 
3.7045000000e+00 4.7178474240e-12 
3.7050000000e+00 4.7270192920e-12 
3.7055000000e+00 4.7362310890e-12 
3.7060000000e+00 4.7454647350e-12 
3.7065000000e+00 4.7547130110e-12 
3.7070000000e+00 4.7639776800e-12 
3.7075000000e+00 4.7732883500e-12 
3.7080000000e+00 4.7825832460e-12 
3.7085000000e+00 4.7919098440e-12 
3.7090000000e+00 4.8012539290e-12 
3.7095000000e+00 4.8106206060e-12 
3.7100000000e+00 4.8200564390e-12 
3.7105000000e+00 4.8294727500e-12 
3.7110000000e+00 4.8388860270e-12 
3.7115000000e+00 4.8483489950e-12 
3.7120000000e+00 4.8578294760e-12 
3.7125000000e+00 4.8673378990e-12 
3.7130000000e+00 4.8768451140e-12 
3.7135000000e+00 4.8864228520e-12 
3.7140000000e+00 4.8960010270e-12 
3.7145000000e+00 4.9055939300e-12 
3.7150000000e+00 4.9151754410e-12 
3.7155000000e+00 4.9248414150e-12 
3.7160000000e+00 4.9344766470e-12 
3.7165000000e+00 4.9441695800e-12 
3.7170000000e+00 4.9538771720e-12 
3.7175000000e+00 4.9636424360e-12 
3.7180000000e+00 4.9733658340e-12 
3.7185000000e+00 4.9831467700e-12 
3.7190000000e+00 4.9929470090e-12 
3.7195000000e+00 5.0027465880e-12 
3.7200000000e+00 5.0126066920e-12 
3.7205000000e+00 5.0224356140e-12 
3.7210000000e+00 5.0323340110e-12 
3.7215000000e+00 5.0422455800e-12 
3.7220000000e+00 5.0521758410e-12 
3.7225000000e+00 5.0621480680e-12 
3.7230000000e+00 5.0721199500e-12 
3.7235000000e+00 5.0820817420e-12 
3.7240000000e+00 5.0921443330e-12 
3.7245000000e+00 5.1021742740e-12 
3.7250000000e+00 5.1122237770e-12 
3.7255000000e+00 5.1223034760e-12 
3.7260000000e+00 5.1324318410e-12 
3.7265000000e+00 5.1425592520e-12 
3.7270000000e+00 5.1526970760e-12 
3.7275000000e+00 5.1628819530e-12 
3.7280000000e+00 5.1730633220e-12 
3.7285000000e+00 5.1833084220e-12 
3.7290000000e+00 5.1935615730e-12 
3.7295000000e+00 5.2038344580e-12 
3.7300000000e+00 5.2141160940e-12 
3.7305000000e+00 5.2244718400e-12 
3.7310000000e+00 5.2347951580e-12 
3.7315000000e+00 5.2451954770e-12 
3.7320000000e+00 5.2555871470e-12 
3.7325000000e+00 5.2660327060e-12 
3.7330000000e+00 5.2764754300e-12 
3.7335000000e+00 5.2869247020e-12 
3.7340000000e+00 5.2974059860e-12 
3.7345000000e+00 5.3079610380e-12 
3.7350000000e+00 5.3185185150e-12 
3.7355000000e+00 5.3290701490e-12 
3.7360000000e+00 5.3396755530e-12 
3.7365000000e+00 5.3503120500e-12 
3.7370000000e+00 5.3609721010e-12 
3.7375000000e+00 5.3716210190e-12 
3.7380000000e+00 5.3823671860e-12 
3.7385000000e+00 5.3930810890e-12 
3.7390000000e+00 5.4038037520e-12 
3.7395000000e+00 5.4145988610e-12 
3.7400000000e+00 5.4254265050e-12 
3.7405000000e+00 5.4362672410e-12 
3.7410000000e+00 5.4471379700e-12 
3.7415000000e+00 5.4579997190e-12 
3.7420000000e+00 5.4689351820e-12 
3.7425000000e+00 5.4798615250e-12 
3.7430000000e+00 5.4908668700e-12 
3.7435000000e+00 5.5018396640e-12 
3.7440000000e+00 5.5128452370e-12 
3.7445000000e+00 5.5238836830e-12 
3.7450000000e+00 5.5349184470e-12 
3.7455000000e+00 5.5460482030e-12 
3.7460000000e+00 5.5571858340e-12 
3.7465000000e+00 5.5683257860e-12 
3.7470000000e+00 5.5795138860e-12 
3.7475000000e+00 5.5907290190e-12 
3.7480000000e+00 5.6019734620e-12 
3.7485000000e+00 5.6132408270e-12 
3.7490000000e+00 5.6245505160e-12 
3.7495000000e+00 5.6358792230e-12 
3.7500000000e+00 5.6472190950e-12 
3.7505000000e+00 5.6586065580e-12 
3.7510000000e+00 5.6700037880e-12 
3.7515000000e+00 5.6814748860e-12 
3.7520000000e+00 5.6929239620e-12 
3.7525000000e+00 5.7044070760e-12 
3.7530000000e+00 5.7159646230e-12 
3.7535000000e+00 5.7274915230e-12 
3.7540000000e+00 5.7390720320e-12 
3.7545000000e+00 5.7506863900e-12 
3.7550000000e+00 5.7623621480e-12 
3.7555000000e+00 5.7740199160e-12 
3.7560000000e+00 5.7857146020e-12 
3.7565000000e+00 5.7974809620e-12 
3.7570000000e+00 5.8092398140e-12 
3.7575000000e+00 5.8210465900e-12 
3.7580000000e+00 5.8328342220e-12 
3.7585000000e+00 5.8447011690e-12 
3.7590000000e+00 5.8565589530e-12 
3.7595000000e+00 5.8684703160e-12 
3.7600000000e+00 5.8804471420e-12 
3.7605000000e+00 5.8923919710e-12 
3.7610000000e+00 5.9043904170e-12 
3.7615000000e+00 5.9164392180e-12 
3.7620000000e+00 5.9285106780e-12 
3.7625000000e+00 5.9406022650e-12 
3.7630000000e+00 5.9527064390e-12 
3.7635000000e+00 5.9648865670e-12 
3.7640000000e+00 5.9770740120e-12 
3.7645000000e+00 5.9893228470e-12 
3.7650000000e+00 6.0015592140e-12 
3.7655000000e+00 6.0138630850e-12 
3.7660000000e+00 6.0261724020e-12 
3.7665000000e+00 6.0385091770e-12 
3.7670000000e+00 6.0508933320e-12 
3.7675000000e+00 6.0633123110e-12 
3.7680000000e+00 6.0757455150e-12 
3.7685000000e+00 6.0882519240e-12 
3.7690000000e+00 6.1007681220e-12 
3.7695000000e+00 6.1133098540e-12 
3.7700000000e+00 6.1258711420e-12 
3.7705000000e+00 6.1384865270e-12 
3.7710000000e+00 6.1511084670e-12 
3.7715000000e+00 6.1638127540e-12 
3.7720000000e+00 6.1764994210e-12 
3.7725000000e+00 6.1892572080e-12 
3.7730000000e+00 6.2020354400e-12 
3.7735000000e+00 6.2148230210e-12 
3.7740000000e+00 6.2276964730e-12 
3.7745000000e+00 6.2405799500e-12 
3.7750000000e+00 6.2534948360e-12 
3.7755000000e+00 6.2664630340e-12 
3.7760000000e+00 6.2794296890e-12 
3.7765000000e+00 6.2924210690e-12 
3.7770000000e+00 6.3054954750e-12 
3.7775000000e+00 6.3185961380e-12 
3.7780000000e+00 6.3317085150e-12 
3.7785000000e+00 6.3448822880e-12 
3.7790000000e+00 6.3580470400e-12 
3.7795000000e+00 6.3712868130e-12 
3.7800000000e+00 6.3845299350e-12 
3.7805000000e+00 6.3978520930e-12 
3.7810000000e+00 6.4112119020e-12 
3.7815000000e+00 6.4245615010e-12 
3.7820000000e+00 6.4379893170e-12 
3.7825000000e+00 6.4514434170e-12 
3.7830000000e+00 6.4649116560e-12 
3.7835000000e+00 6.4784586490e-12 
3.7840000000e+00 6.4919961200e-12 
3.7845000000e+00 6.5056078970e-12 
3.7850000000e+00 6.5192094650e-12 
3.7855000000e+00 6.5328971830e-12 
3.7860000000e+00 6.5465978140e-12 
3.7865000000e+00 6.5603664670e-12 
3.7870000000e+00 6.5741411810e-12 
3.7875000000e+00 6.5879656830e-12 
3.7880000000e+00 6.6018120570e-12 
3.7885000000e+00 6.6157140030e-12 
3.7890000000e+00 6.6296760840e-12 
3.7895000000e+00 6.6436646390e-12 
3.7900000000e+00 6.6576432910e-12 
3.7905000000e+00 6.6718864880e-12 
3.7910000000e+00 6.6860590770e-12 
3.7915000000e+00 6.7003561400e-12 
3.7920000000e+00 6.7146711230e-12 
3.7925000000e+00 6.7290096300e-12 
3.7930000000e+00 6.7434033740e-12 
3.7935000000e+00 6.7578260040e-12 
3.7940000000e+00 6.7723215550e-12 
3.7945000000e+00 6.7868463380e-12 
3.7950000000e+00 6.8013943660e-12 
3.7955000000e+00 6.8159842960e-12 
3.7960000000e+00 6.8306218350e-12 
3.7965000000e+00 6.8452803180e-12 
3.7970000000e+00 6.8600465960e-12 
3.7975000000e+00 6.8747804830e-12 
3.7980000000e+00 6.8895789590e-12 
3.7985000000e+00 6.9044632930e-12 
3.7990000000e+00 6.9193427980e-12 
3.7995000000e+00 6.9343001490e-12 
3.8000000000e+00 6.9492781810e-12 
3.8005000000e+00 6.9642916860e-12 
3.8010000000e+00 6.9793671510e-12 
3.8015000000e+00 6.9944611980e-12 
3.8020000000e+00 7.0096452190e-12 
3.8025000000e+00 7.0248477430e-12 
3.8030000000e+00 7.0401010000e-12 
3.8035000000e+00 7.0553765450e-12 
3.8040000000e+00 7.0706992950e-12 
3.8045000000e+00 7.0860996020e-12 
3.8050000000e+00 7.1015017090e-12 
3.8055000000e+00 7.1169812900e-12 
3.8060000000e+00 7.1324822220e-12 
3.8065000000e+00 7.1480646170e-12 
3.8070000000e+00 7.1636934490e-12 
3.8075000000e+00 7.1793149950e-12 
3.8080000000e+00 7.1950191310e-12 
3.8085000000e+00 7.2107683210e-12 
3.8090000000e+00 7.2265483200e-12 
3.8095000000e+00 7.2424374080e-12 
3.8100000000e+00 7.2583058360e-12 
3.8105000000e+00 7.2742601850e-12 
3.8110000000e+00 7.2902575940e-12 
3.8115000000e+00 7.3062967640e-12 
3.8120000000e+00 7.3223632380e-12 
3.8125000000e+00 7.3384843310e-12 
3.8130000000e+00 7.3546827660e-12 
3.8135000000e+00 7.3708934320e-12 
3.8140000000e+00 7.3871673520e-12 
3.8145000000e+00 7.4035263040e-12 
3.8150000000e+00 7.4199139530e-12 
3.8155000000e+00 7.4363398570e-12 
3.8160000000e+00 7.4528239160e-12 
3.8165000000e+00 7.4693561610e-12 
3.8170000000e+00 7.4859366470e-12 
3.8175000000e+00 7.5025862100e-12 
3.8180000000e+00 7.5192476770e-12 
3.8185000000e+00 7.5359933700e-12 
3.8190000000e+00 7.5527777060e-12 
3.8195000000e+00 7.5696522230e-12 
3.8200000000e+00 7.5865287300e-12 
3.8300000000e+00 7.9358545210e-12 
3.8400000000e+00 8.3084521630e-12 
3.8500000000e+00 8.7071899500e-12 
3.8600000000e+00 9.1354364660e-12 
3.8700000000e+00 9.5969556150e-12 
3.8800000000e+00 1.0097710310e-11 
3.8900000000e+00 1.0643672320e-11 
3.9000000000e+00 1.1244482300e-11 
3.9100000000e+00 1.1907859220e-11 
3.9200000000e+00 1.2646963920e-11 
3.9300000000e+00 1.3480159240e-11 
3.9400000000e+00 1.4432778890e-11 
3.9500000000e+00 1.5543189680e-11 
3.9600000000e+00 1.6874808430e-11 
3.9700000000e+00 1.8543525270e-11 
3.9800000000e+00 2.0800653050e-11 
3.9850000000e+00 2.2345415170e-11 
3.9862500000e+00 2.2806410180e-11 
4.0112500000e+00 7.5931721780e-06 
4.0362500000e+00 8.3157106740e-06 
4.0862500000e+00 9.8453984410e-06 
4.1362500000e+00 1.1488996970e-05 
4.1862500000e+00 1.3247222780e-05 
4.2362500000e+00 1.5121270990e-05 
4.2862500000e+00 1.7114746600e-05 
4.3362500000e+00 1.9230954000e-05 
4.3862500000e+00 2.1473878200e-05 
4.4362500000e+00 2.3847244470e-05 
4.4862500000e+00 2.6356426860e-05 
4.5362500000e+00 2.9008906160e-05 
4.5862500000e+00 3.1814020390e-05 
4.6362500000e+00 3.4776204850e-05 
4.6862500000e+00 3.7883862480e-05 
4.7362500000e+00 4.1146498690e-05 
4.7862500000e+00 4.4572351840e-05 
4.8362500000e+00 4.8170382500e-05 
4.8862500000e+00 5.1944545110e-05 
4.9362500000e+00 5.5901391610e-05 
4.9862500000e+00 6.0041326660e-05 
5.0362500000e+00 6.4374134810e-05 
5.0862500000e+00 6.8908994180e-05 
5.1362500000e+00 7.3646669080e-05 
5.1862500000e+00 7.8599824520e-05 
5.2362500000e+00 8.3789724290e-05 
5.2862500000e+00 8.9222757620e-05 
5.3362500000e+00 9.4813688640e-05 
5.3862500000e+00 1.0061739600e-04 
5.4362500000e+00 1.0665872250e-04 
5.4862500000e+00 1.1294509970e-04 
5.5362500000e+00 1.1946826870e-04 
5.5862500000e+00 1.2624615010e-04 
5.6362500000e+00 1.3329393830e-04 
5.6862500000e+00 1.4060478750e-04 
5.7362500000e+00 1.4820131060e-04 
5.7862500000e+00 1.5611410690e-04 
5.8362500000e+00 1.6438909280e-04 
5.8862500000e+00 1.7299403390e-04 
5.9362500000e+00 1.8186763190e-04 
5.9862500000e+00 1.9106669990e-04 
6.0362500000e+00 2.0050234170e-04 
6.0862500000e+00 2.0992674840e-04 
6.1362500000e+00 2.1961050000e-04 
6.1862500000e+00 2.2953935430e-04 
6.2362500000e+00 2.3971019690e-04 
6.2862500000e+00 2.5015770240e-04 
6.3362500000e+00 2.6086298580e-04 
6.3862500000e+00 2.7175593850e-04 
6.4362500000e+00 2.8289408390e-04 
6.4862500000e+00 2.9428662270e-04 
6.5362500000e+00 3.0592902610e-04 
6.5862500000e+00 3.1783314350e-04 
6.6362500000e+00 3.3001543010e-04 
6.6862500000e+00 3.4252206250e-04 
6.7362500000e+00 3.5532319190e-04 
6.7862500000e+00 3.6789111090e-04 
6.8362500000e+00 3.8058763790e-04 
6.8862500000e+00 3.9347583350e-04 
6.9362500000e+00 4.0655814170e-04 
6.9862500000e+00 4.1984140950e-04 
6.9762500000e+00 4.1716724780e-04 
6.9662500000e+00 4.1450244310e-04 
6.9562500000e+00 4.1184585030e-04 
6.9462500000e+00 4.0919740730e-04 
6.9362500000e+00 4.0655707270e-04 
6.9262500000e+00 4.0392482940e-04 
6.9162500000e+00 4.0130064030e-04 
6.9062500000e+00 3.9868426340e-04 
6.8962500000e+00 3.9607563930e-04 
6.8862500000e+00 3.9347476280e-04 
6.8762500000e+00 3.9088163030e-04 
6.8662500000e+00 3.8829624250e-04 
6.8562500000e+00 3.8571860140e-04 
6.8462500000e+00 3.8314870990e-04 
6.8362500000e+00 3.8058656860e-04 
6.8262500000e+00 3.7803216830e-04 
6.8162500000e+00 3.7548551310e-04 
6.8062500000e+00 3.7294660940e-04 
6.7962500000e+00 3.7041442690e-04 
6.7862500000e+00 3.6789000580e-04 
6.7762500000e+00 3.6537345940e-04 
6.7662500000e+00 3.6286460460e-04 
6.7562500000e+00 3.6036354630e-04 
6.7462500000e+00 3.5787028970e-04 
6.7362500000e+00 3.5532247430e-04 
6.7262500000e+00 3.5273710720e-04 
6.7162500000e+00 3.5016448290e-04 
6.7062500000e+00 3.4760439080e-04 
6.7000000000e+00 3.4601299670e-04 
6.6995000000e+00 3.4588316560e-04 
6.6990000000e+00 3.4575590320e-04 
6.6985000000e+00 3.4562867190e-04 
6.6980000000e+00 3.4550147130e-04 
6.6975000000e+00 3.4537430130e-04 
6.6970000000e+00 3.4524716190e-04 
6.6965000000e+00 3.4512005320e-04 
6.6960000000e+00 3.4499297510e-04 
6.6955000000e+00 3.4486592760e-04 
6.6950000000e+00 3.4473891070e-04 
6.6945000000e+00 3.4461192440e-04 
6.6940000000e+00 3.4448496860e-04 
6.6935000000e+00 3.4435804330e-04 
6.6930000000e+00 3.4423114850e-04 
6.6925000000e+00 3.4410428430e-04 
6.6920000000e+00 3.4397745050e-04 
6.6915000000e+00 3.4385064720e-04 
6.6910000000e+00 3.4372387430e-04 
6.6905000000e+00 3.4359713180e-04 
6.6900000000e+00 3.4347041980e-04 
6.6895000000e+00 3.4334373810e-04 
6.6890000000e+00 3.4321708690e-04 
6.6885000000e+00 3.4309046600e-04 
6.6880000000e+00 3.4296387540e-04 
6.6875000000e+00 3.4283731520e-04 
6.6870000000e+00 3.4271078520e-04 
6.6865000000e+00 3.4258428560e-04 
6.6860000000e+00 3.4245781620e-04 
6.6855000000e+00 3.4233137710e-04 
6.6850000000e+00 3.4220496830e-04 
6.6845000000e+00 3.4207858970e-04 
6.6840000000e+00 3.4195224130e-04 
6.6835000000e+00 3.4182592310e-04 
6.6830000000e+00 3.4169963500e-04 
6.6825000000e+00 3.4157337710e-04 
6.6820000000e+00 3.4144714940e-04 
6.6815000000e+00 3.4132095180e-04 
6.6810000000e+00 3.4119478430e-04 
6.6805000000e+00 3.4106864700e-04 
6.6800000000e+00 3.4094253960e-04 
6.6795000000e+00 3.4081646240e-04 
6.6790000000e+00 3.4069041520e-04 
6.6785000000e+00 3.4056439810e-04 
6.6780000000e+00 3.4043841090e-04 
6.6775000000e+00 3.4031245380e-04 
6.6770000000e+00 3.4018652670e-04 
6.6765000000e+00 3.4006062950e-04 
6.6760000000e+00 3.3993476230e-04 
6.6755000000e+00 3.3980892500e-04 
6.6750000000e+00 3.3968311760e-04 
6.6745000000e+00 3.3955734020e-04 
6.6740000000e+00 3.3943159260e-04 
6.6735000000e+00 3.3930587490e-04 
6.6730000000e+00 3.3918018710e-04 
6.6725000000e+00 3.3905452920e-04 
6.6720000000e+00 3.3892890100e-04 
6.6715000000e+00 3.3880330270e-04 
6.6710000000e+00 3.3867773420e-04 
6.6705000000e+00 3.3855219540e-04 
6.6700000000e+00 3.3842668650e-04 
6.6695000000e+00 3.3830120720e-04 
6.6690000000e+00 3.3817575780e-04 
6.6685000000e+00 3.3805033800e-04 
6.6680000000e+00 3.3792494800e-04 
6.6675000000e+00 3.3779958760e-04 
6.6670000000e+00 3.3767425690e-04 
6.6665000000e+00 3.3754895590e-04 
6.6660000000e+00 3.3742368460e-04 
6.6655000000e+00 3.3729844280e-04 
6.6650000000e+00 3.3717323070e-04 
6.6645000000e+00 3.3704804820e-04 
6.6640000000e+00 3.3692289530e-04 
6.6635000000e+00 3.3679777190e-04 
6.6630000000e+00 3.3667267820e-04 
6.6625000000e+00 3.3654761390e-04 
6.6620000000e+00 3.3642257920e-04 
6.6615000000e+00 3.3629757400e-04 
6.6610000000e+00 3.3617259830e-04 
6.6605000000e+00 3.3604765210e-04 
6.6600000000e+00 3.3592273530e-04 
6.6595000000e+00 3.3579784800e-04 
6.6590000000e+00 3.3567299020e-04 
6.6585000000e+00 3.3554816180e-04 
6.6580000000e+00 3.3542336280e-04 
6.6575000000e+00 3.3529859320e-04 
6.6570000000e+00 3.3517385290e-04 
6.6565000000e+00 3.3504914210e-04 
6.6560000000e+00 3.3492446060e-04 
6.6555000000e+00 3.3479980840e-04 
6.6550000000e+00 3.3467518560e-04 
6.6545000000e+00 3.3455059210e-04 
6.6540000000e+00 3.3442602790e-04 
6.6535000000e+00 3.3430149290e-04 
6.6530000000e+00 3.3417698730e-04 
6.6525000000e+00 3.3405251080e-04 
6.6520000000e+00 3.3392806370e-04 
6.6515000000e+00 3.3380364570e-04 
6.6510000000e+00 3.3367925700e-04 
6.6505000000e+00 3.3355489750e-04 
6.6500000000e+00 3.3343056710e-04 
6.6495000000e+00 3.3330626600e-04 
6.6490000000e+00 3.3318199400e-04 
6.6485000000e+00 3.3305775110e-04 
6.6480000000e+00 3.3293353740e-04 
6.6475000000e+00 3.3280917710e-04 
6.6470000000e+00 3.3268464460e-04 
6.6465000000e+00 3.3256014180e-04 
6.6460000000e+00 3.3243566880e-04 
6.6455000000e+00 3.3231122560e-04 
6.6450000000e+00 3.3218681220e-04 
6.6445000000e+00 3.3206242850e-04 
6.6440000000e+00 3.3193807460e-04 
6.6435000000e+00 3.3181375050e-04 
6.6430000000e+00 3.3168945600e-04 
6.6425000000e+00 3.3156519130e-04 
6.6420000000e+00 3.3144095630e-04 
6.6415000000e+00 3.3131675100e-04 
6.6410000000e+00 3.3119257530e-04 
6.6405000000e+00 3.3106842930e-04 
6.6400000000e+00 3.3094431290e-04 
6.6395000000e+00 3.3082022610e-04 
6.6390000000e+00 3.3069616900e-04 
6.6385000000e+00 3.3057214150e-04 
6.6380000000e+00 3.3044814350e-04 
6.6375000000e+00 3.3032417510e-04 
6.6370000000e+00 3.3020023630e-04 
6.6365000000e+00 3.3007632700e-04 
6.6360000000e+00 3.2995247230e-04 
6.6355000000e+00 3.2982882280e-04 
6.6350000000e+00 3.2970525210e-04 
6.6345000000e+00 3.2958173620e-04 
6.6340000000e+00 3.2945825000e-04 
6.6335000000e+00 3.2933479270e-04 
6.6330000000e+00 3.2921139530e-04 
6.6325000000e+00 3.2908814570e-04 
6.6320000000e+00 3.2896492830e-04 
6.6315000000e+00 3.2884173950e-04 
6.6310000000e+00 3.2871857950e-04 
6.6305000000e+00 3.2859544810e-04 
6.6300000000e+00 3.2847234530e-04 
6.6295000000e+00 3.2834927120e-04 
6.6290000000e+00 3.2822626090e-04 
6.6285000000e+00 3.2810337530e-04 
6.6280000000e+00 3.2798052090e-04 
6.6275000000e+00 3.2785769490e-04 
6.6270000000e+00 3.2773489720e-04 
6.6265000000e+00 3.2761216080e-04 
6.6260000000e+00 3.2748951870e-04 
6.6255000000e+00 3.2736692980e-04 
6.6250000000e+00 3.2724439050e-04 
6.6245000000e+00 3.2712187990e-04 
6.6240000000e+00 3.2699939720e-04 
6.6235000000e+00 3.2687694260e-04 
6.6230000000e+00 3.2675451600e-04 
6.6225000000e+00 3.2663211740e-04 
6.6220000000e+00 3.2650974680e-04 
6.6215000000e+00 3.2638740410e-04 
6.6210000000e+00 3.2626508940e-04 
6.6205000000e+00 3.2614280260e-04 
6.6200000000e+00 3.2602054370e-04 
6.6195000000e+00 3.2589831280e-04 
6.6190000000e+00 3.2577610980e-04 
6.6185000000e+00 3.2565393460e-04 
6.6180000000e+00 3.2553178740e-04 
6.6175000000e+00 3.2540966800e-04 
6.6170000000e+00 3.2528757650e-04 
6.6165000000e+00 3.2516551290e-04 
6.6160000000e+00 3.2504347710e-04 
6.6155000000e+00 3.2492146910e-04 
6.6150000000e+00 3.2479948890e-04 
6.6145000000e+00 3.2467753660e-04 
6.6140000000e+00 3.2455561200e-04 
6.6135000000e+00 3.2443371530e-04 
6.6130000000e+00 3.2431184630e-04 
6.6125000000e+00 3.2419000500e-04 
6.6120000000e+00 3.2406819160e-04 
6.6115000000e+00 3.2394640580e-04 
6.6110000000e+00 3.2382464780e-04 
6.6105000000e+00 3.2370291750e-04 
6.6100000000e+00 3.2358121490e-04 
6.6095000000e+00 3.2345954010e-04 
6.6090000000e+00 3.2333789290e-04 
6.6085000000e+00 3.2321627330e-04 
6.6080000000e+00 3.2309468150e-04 
6.6075000000e+00 3.2297311730e-04 
6.6070000000e+00 3.2285158070e-04 
6.6065000000e+00 3.2273007180e-04 
6.6060000000e+00 3.2260859050e-04 
6.6055000000e+00 3.2248713680e-04 
6.6050000000e+00 3.2236571070e-04 
6.6045000000e+00 3.2224431220e-04 
6.6040000000e+00 3.2212294130e-04 
6.6035000000e+00 3.2200159790e-04 
6.6030000000e+00 3.2188028220e-04 
6.6025000000e+00 3.2175899390e-04 
6.6020000000e+00 3.2163773320e-04 
6.6015000000e+00 3.2151650000e-04 
6.6010000000e+00 3.2139529440e-04 
6.6005000000e+00 3.2127411620e-04 
6.6000000000e+00 3.2115296550e-04 
6.5995000000e+00 3.2103184240e-04 
6.5990000000e+00 3.2091074670e-04 
6.5985000000e+00 3.2078967840e-04 
6.5980000000e+00 3.2066863770e-04 
6.5975000000e+00 3.2054762450e-04 
6.5970000000e+00 3.2042663870e-04 
6.5965000000e+00 3.2030568040e-04 
6.5960000000e+00 3.2018474950e-04 
6.5955000000e+00 3.2006384600e-04 
6.5950000000e+00 3.1994296990e-04 
6.5945000000e+00 3.1982212120e-04 
6.5940000000e+00 3.1970129980e-04 
6.5935000000e+00 3.1958050580e-04 
6.5930000000e+00 3.1945973920e-04 
6.5925000000e+00 3.1933899990e-04 
6.5920000000e+00 3.1921828790e-04 
6.5915000000e+00 3.1909760330e-04 
6.5910000000e+00 3.1897694600e-04 
6.5905000000e+00 3.1885631600e-04 
6.5900000000e+00 3.1873571320e-04 
6.5895000000e+00 3.1861513780e-04 
6.5890000000e+00 3.1849458960e-04 
6.5885000000e+00 3.1837406870e-04 
6.5880000000e+00 3.1825357500e-04 
6.5875000000e+00 3.1813310850e-04 
6.5870000000e+00 3.1801266930e-04 
6.5865000000e+00 3.1789225720e-04 
6.5860000000e+00 3.1777187230e-04 
6.5855000000e+00 3.1765151470e-04 
6.5850000000e+00 3.1753118420e-04 
6.5845000000e+00 3.1741088080e-04 
6.5840000000e+00 3.1729060460e-04 
6.5835000000e+00 3.1717035560e-04 
6.5830000000e+00 3.1705013370e-04 
6.5825000000e+00 3.1692993890e-04 
6.5820000000e+00 3.1680977120e-04 
6.5815000000e+00 3.1668963060e-04 
6.5810000000e+00 3.1656951720e-04 
6.5805000000e+00 3.1644943080e-04 
6.5800000000e+00 3.1632937150e-04 
6.5795000000e+00 3.1620933930e-04 
6.5790000000e+00 3.1608933410e-04 
6.5785000000e+00 3.1596935600e-04 
6.5780000000e+00 3.1584940490e-04 
6.5775000000e+00 3.1572948090e-04 
6.5770000000e+00 3.1560958390e-04 
6.5765000000e+00 3.1548971390e-04 
6.5760000000e+00 3.1536987090e-04 
6.5755000000e+00 3.1525005490e-04 
6.5750000000e+00 3.1513026590e-04 
6.5745000000e+00 3.1501050380e-04 
6.5740000000e+00 3.1489076870e-04 
6.5735000000e+00 3.1477106060e-04 
6.5730000000e+00 3.1465137950e-04 
6.5725000000e+00 3.1453172530e-04 
6.5720000000e+00 3.1441209800e-04 
6.5715000000e+00 3.1429249760e-04 
6.5710000000e+00 3.1417292420e-04 
6.5705000000e+00 3.1405337760e-04 
6.5700000000e+00 3.1393385800e-04 
6.5695000000e+00 3.1381436520e-04 
6.5690000000e+00 3.1369489930e-04 
6.5685000000e+00 3.1357546030e-04 
6.5680000000e+00 3.1345604800e-04 
6.5675000000e+00 3.1333666260e-04 
6.5670000000e+00 3.1321730400e-04 
6.5665000000e+00 3.1309797220e-04 
6.5660000000e+00 3.1297866720e-04 
6.5655000000e+00 3.1285938900e-04 
6.5650000000e+00 3.1274013750e-04 
6.5645000000e+00 3.1262091280e-04 
6.5640000000e+00 3.1250171490e-04 
6.5635000000e+00 3.1238254370e-04 
6.5630000000e+00 3.1226339920e-04 
6.5625000000e+00 3.1214428150e-04 
6.5620000000e+00 3.1202519060e-04 
6.5615000000e+00 3.1190612630e-04 
6.5610000000e+00 3.1178708870e-04 
6.5605000000e+00 3.1166807790e-04 
6.5600000000e+00 3.1154909370e-04 
6.5595000000e+00 3.1143013620e-04 
6.5590000000e+00 3.1131120540e-04 
6.5585000000e+00 3.1119230120e-04 
6.5580000000e+00 3.1107342370e-04 
6.5575000000e+00 3.1095457290e-04 
6.5570000000e+00 3.1083574870e-04 
6.5565000000e+00 3.1071695110e-04 
6.5560000000e+00 3.1059818010e-04 
6.5555000000e+00 3.1047943580e-04 
6.5550000000e+00 3.1036071810e-04 
6.5545000000e+00 3.1024202700e-04 
6.5540000000e+00 3.1012336240e-04 
6.5535000000e+00 3.1000472450e-04 
6.5530000000e+00 3.0988611310e-04 
6.5525000000e+00 3.0976752830e-04 
6.5520000000e+00 3.0964897000e-04 
6.5515000000e+00 3.0953043840e-04 
6.5510000000e+00 3.0941193330e-04 
6.5505000000e+00 3.0929345480e-04 
6.5500000000e+00 3.0917500270e-04 
6.5495000000e+00 3.0905657720e-04 
6.5490000000e+00 3.0893817820e-04 
6.5485000000e+00 3.0881980580e-04 
6.5480000000e+00 3.0870145980e-04 
6.5475000000e+00 3.0858314040e-04 
6.5470000000e+00 3.0846484750e-04 
6.5465000000e+00 3.0834658100e-04 
6.5460000000e+00 3.0822834110e-04 
6.5455000000e+00 3.0811012760e-04 
6.5450000000e+00 3.0799194050e-04 
6.5445000000e+00 3.0787377990e-04 
6.5440000000e+00 3.0775564570e-04 
6.5435000000e+00 3.0763753790e-04 
6.5430000000e+00 3.0751945660e-04 
6.5425000000e+00 3.0740140170e-04 
6.5420000000e+00 3.0728337310e-04 
6.5415000000e+00 3.0716537100e-04 
6.5410000000e+00 3.0704739530e-04 
6.5405000000e+00 3.0692944590e-04 
6.5400000000e+00 3.0681152290e-04 
6.5395000000e+00 3.0669362630e-04 
6.5390000000e+00 3.0657575600e-04 
6.5385000000e+00 3.0645791210e-04 
6.5380000000e+00 3.0634009460e-04 
6.5375000000e+00 3.0622230340e-04 
6.5370000000e+00 3.0610453850e-04 
6.5365000000e+00 3.0598680000e-04 
6.5360000000e+00 3.0586908770e-04 
6.5355000000e+00 3.0575140180e-04 
6.5350000000e+00 3.0563374220e-04 
6.5345000000e+00 3.0551610880e-04 
6.5340000000e+00 3.0539850180e-04 
6.5335000000e+00 3.0528092100e-04 
6.5330000000e+00 3.0516336650e-04 
6.5325000000e+00 3.0504583830e-04 
6.5320000000e+00 3.0492833630e-04 
6.5315000000e+00 3.0481086050e-04 
6.5310000000e+00 3.0469341100e-04 
6.5305000000e+00 3.0457598780e-04 
6.5300000000e+00 3.0445859070e-04 
6.5295000000e+00 3.0434121990e-04 
6.5290000000e+00 3.0422387530e-04 
6.5285000000e+00 3.0410655690e-04 
6.5280000000e+00 3.0398926460e-04 
6.5275000000e+00 3.0387199860e-04 
6.5270000000e+00 3.0375475880e-04 
6.5265000000e+00 3.0363754510e-04 
6.5260000000e+00 3.0352035760e-04 
6.5255000000e+00 3.0340319630e-04 
6.5250000000e+00 3.0328606110e-04 
6.5245000000e+00 3.0316895210e-04 
6.5240000000e+00 3.0305186920e-04 
6.5235000000e+00 3.0293481250e-04 
6.5230000000e+00 3.0281778180e-04 
6.5225000000e+00 3.0270077730e-04 
6.5220000000e+00 3.0258379890e-04 
6.5215000000e+00 3.0246684670e-04 
6.5210000000e+00 3.0234992050e-04 
6.5205000000e+00 3.0223302040e-04 
6.5200000000e+00 3.0211614640e-04 
6.5195000000e+00 3.0199929850e-04 
6.5190000000e+00 3.0188247660e-04 
6.5185000000e+00 3.0176568090e-04 
6.5180000000e+00 3.0164891110e-04 
6.5175000000e+00 3.0153216750e-04 
6.5170000000e+00 3.0141544990e-04 
6.5165000000e+00 3.0129875830e-04 
6.5160000000e+00 3.0118209270e-04 
6.5155000000e+00 3.0106545320e-04 
6.5150000000e+00 3.0094883970e-04 
6.5145000000e+00 3.0083225220e-04 
6.5140000000e+00 3.0071569080e-04 
6.5135000000e+00 3.0059915530e-04 
6.5130000000e+00 3.0048264580e-04 
6.5125000000e+00 3.0036616230e-04 
6.5120000000e+00 3.0024970480e-04 
6.5115000000e+00 3.0013327330e-04 
6.5110000000e+00 3.0001686770e-04 
6.5105000000e+00 2.9990048810e-04 
6.5100000000e+00 2.9978413440e-04 
6.5095000000e+00 2.9966780670e-04 
6.5090000000e+00 2.9955150490e-04 
6.5085000000e+00 2.9943522900e-04 
6.5080000000e+00 2.9931897900e-04 
6.5075000000e+00 2.9920275490e-04 
6.5070000000e+00 2.9908655680e-04 
6.5065000000e+00 2.9897038450e-04 
6.5060000000e+00 2.9885423810e-04 
6.5055000000e+00 2.9873811760e-04 
6.5050000000e+00 2.9862202290e-04 
6.5045000000e+00 2.9850595420e-04 
6.5040000000e+00 2.9838991120e-04 
6.5035000000e+00 2.9827389420e-04 
6.5030000000e+00 2.9815790300e-04 
6.5025000000e+00 2.9804193760e-04 
6.5020000000e+00 2.9792599810e-04 
6.5015000000e+00 2.9781008440e-04 
6.5010000000e+00 2.9769419660e-04 
6.5005000000e+00 2.9757833450e-04 
6.5000000000e+00 2.9746249830e-04 
6.4500000000e+00 2.8600127310e-04 
6.4000000000e+00 2.7479343970e-04 
6.3500000000e+00 2.6384047870e-04 
6.3000000000e+00 2.5307606350e-04 
6.2500000000e+00 2.4255698160e-04 
6.2000000000e+00 2.3229849600e-04 
6.1500000000e+00 2.2232075130e-04 
6.1000000000e+00 2.1256277980e-04 
6.0500000000e+00 2.0306807620e-04 
6.0000000000e+00 1.9366447670e-04 
5.9500000000e+00 1.8435895630e-04 
5.9000000000e+00 1.7540412340e-04 
5.8500000000e+00 1.6672552010e-04 
5.8000000000e+00 1.5835550450e-04 
5.7500000000e+00 1.5034237800e-04 
5.7000000000e+00 1.4266407170e-04 
5.6500000000e+00 1.3527830740e-04 
5.6000000000e+00 1.2815659400e-04 
5.5500000000e+00 1.2130561390e-04 
5.5000000000e+00 1.1471668380e-04 
5.4500000000e+00 1.0836253540e-04 
5.4000000000e+00 1.0225459560e-04 
5.3500000000e+00 9.6386293890e-05 
5.3000000000e+00 9.0739728490e-05 
5.2500000000e+00 8.5262053640e-05 
5.2000000000e+00 8.0002345240e-05 
5.1500000000e+00 7.4986101360e-05 
5.1000000000e+00 7.0192090740e-05 
5.0500000000e+00 6.5600888560e-05 
5.0000000000e+00 6.1212851780e-05 
4.9900000000e+00 6.0359206250e-05 
4.9800000000e+00 5.9513372100e-05 
4.9700000000e+00 5.8675132810e-05 
4.9600000000e+00 5.7844169430e-05 
4.9500000000e+00 5.7020836550e-05 
4.9400000000e+00 5.6205122070e-05 
4.9300000000e+00 5.5397033250e-05 
4.9200000000e+00 5.4596384290e-05 
4.9100000000e+00 5.3801451830e-05 
4.9000000000e+00 5.3014121630e-05 
4.8900000000e+00 5.2234591470e-05 
4.8800000000e+00 5.1462569130e-05 
4.8700000000e+00 5.0697855240e-05 
4.8600000000e+00 4.9940395890e-05 
4.8500000000e+00 4.9190120160e-05 
4.8400000000e+00 4.8446969230e-05 
4.8300000000e+00 4.7710885550e-05 
4.8200000000e+00 4.6981812840e-05 
4.8100000000e+00 4.6259312200e-05 
4.8000000000e+00 4.5544299210e-05 
4.7900000000e+00 4.4835959830e-05 
4.7800000000e+00 4.4134574290e-05 
4.7700000000e+00 4.3440082900e-05 
4.7600000000e+00 4.2752427460e-05 
4.7500000000e+00 4.2071551780e-05 
4.7400000000e+00 4.1397400660e-05 
4.7300000000e+00 4.0729919850e-05 
4.7200000000e+00 4.0069056020e-05 
4.7100000000e+00 3.9414756710e-05 
4.7000000000e+00 3.8766520180e-05 
4.6900000000e+00 3.8123255930e-05 
4.6800000000e+00 3.7486513930e-05 
4.6700000000e+00 3.6856241630e-05 
4.6600000000e+00 3.6232387530e-05 
4.6500000000e+00 3.5614906030e-05 
4.6400000000e+00 3.5003748610e-05 
4.6300000000e+00 3.4397594370e-05 
4.6200000000e+00 3.3796768060e-05 
4.6100000000e+00 3.3202336140e-05 
4.6000000000e+00 3.2613660140e-05 
4.5900000000e+00 3.2030692270e-05 
4.5800000000e+00 3.1454720910e-05 
4.5700000000e+00 3.0885174400e-05 
4.5600000000e+00 3.0321926590e-05 
4.5500000000e+00 2.9764859800e-05 
4.5400000000e+00 2.9213886090e-05 
4.5300000000e+00 2.8669018280e-05 
4.5200000000e+00 2.8130570900e-05 
4.5100000000e+00 2.7597996540e-05 
4.5000000000e+00 2.7071249640e-05 
4.4900000000e+00 2.6550271430e-05 
4.4800000000e+00 2.6035053890e-05 
4.4700000000e+00 2.5525580660e-05 
4.4600000000e+00 2.5021608080e-05 
4.4500000000e+00 2.4523322790e-05 
4.4400000000e+00 2.4030546010e-05 
4.4300000000e+00 2.3543190390e-05 
4.4200000000e+00 2.3061226020e-05 
4.4100000000e+00 2.2584613770e-05 
4.4000000000e+00 2.2113312830e-05 
4.3900000000e+00 2.1647261550e-05 
4.3800000000e+00 2.1186437340e-05 
4.3700000000e+00 2.0730809730e-05 
4.3600000000e+00 2.0280342220e-05 
4.3500000000e+00 1.9834999430e-05 
4.3400000000e+00 1.9394747030e-05 
4.3300000000e+00 1.8959551730e-05 
4.3200000000e+00 1.8529478220e-05 
4.3100000000e+00 1.8104413120e-05 
4.3000000000e+00 1.7684326240e-05 
4.2900000000e+00 1.7269188150e-05 
4.2800000000e+00 1.6858964330e-05 
4.2700000000e+00 1.6453626340e-05 
4.2600000000e+00 1.6053146580e-05 
4.2500000000e+00 1.5657498270e-05 
4.2400000000e+00 1.5266655930e-05 
4.2300000000e+00 1.4880591660e-05 
4.2200000000e+00 1.4499306310e-05 
4.2100000000e+00 1.4122755780e-05 
4.2000000000e+00 1.3750916200e-05 
4.1900000000e+00 1.3383764430e-05 
4.1800000000e+00 1.3021272200e-05 
4.1700000000e+00 1.2663371770e-05 
4.1600000000e+00 1.2310001920e-05 
4.1500000000e+00 1.1961172680e-05 
4.1400000000e+00 1.1616971540e-05 
4.1300000000e+00 1.1277348450e-05 
4.1200000000e+00 1.0942363520e-05 
4.1100000000e+00 1.0611987230e-05 
4.1000000000e+00 1.0286074930e-05 
4.0900000000e+00 9.9647619850e-06 
4.0800000000e+00 9.6480315290e-06 
4.0700000000e+00 9.3357854150e-06 
4.0600000000e+00 9.0281380410e-06 
4.0500000000e+00 8.7250246050e-06 
4.0400000000e+00 8.4264807620e-06 
4.0300000000e+00 8.1324260690e-06 
4.0200000000e+00 7.8428517800e-06 
4.0100000000e+00 7.5577481780e-06 
4.0000000000e+00 7.2771061740e-06 
3.9900000000e+00 7.0009187170e-06 
3.9800000000e+00 6.7291740740e-06 
3.9700000000e+00 6.4619374760e-06 
3.9600000000e+00 6.1992298320e-06 
3.9500000000e+00 5.9409832940e-06 
3.9400000000e+00 5.6872000390e-06 
3.9300000000e+00 5.4378852270e-06 
3.9200000000e+00 5.1930498110e-06 
3.9100000000e+00 4.9526915750e-06 
3.9000000000e+00 4.7168071730e-06 
3.8900000000e+00 4.4854519980e-06 
3.8800000000e+00 4.2586383400e-06 
3.8700000000e+00 4.0363852580e-06 
3.8600000000e+00 3.8187410680e-06 
3.8500000000e+00 3.6057096610e-06 
3.8400000000e+00 3.3973374040e-06 
3.8300000000e+00 3.1936722830e-06 
3.8200000000e+00 2.9947733180e-06 
3.8100000000e+00 2.8005493480e-06 
3.8000000000e+00 2.6111068360e-06 
3.7900000000e+00 2.4266588380e-06 
3.7800000000e+00 2.2473561600e-06 
3.7700000000e+00 2.0731785740e-06 
3.7600000000e+00 1.9042880400e-06 
3.7500000000e+00 1.7408175930e-06 
3.7400000000e+00 1.5829091200e-06 
3.7300000000e+00 1.4307245790e-06 
3.7200000000e+00 1.2844451890e-06 
3.7100000000e+00 1.1442755100e-06 
3.7000000000e+00 1.0104443270e-06 
3.6900000000e+00 8.8320921030e-07 
3.6800000000e+00 7.6286981290e-07 
3.6700000000e+00 6.4978380130e-07 
3.6600000000e+00 5.4417387550e-07 
3.6500000000e+00 4.4651425260e-07 
3.6400000000e+00 3.5711343930e-07 
3.6300000000e+00 2.7629479970e-07 
3.6200000000e+00 2.0428277750e-07 
3.6100000000e+00 1.4104537400e-07 
3.6000000000e+00 8.5794608140e-08 
3.5900000000e+00 3.0577233800e-12 
3.5850000000e+00 3.0014002000e-12 
3.5800000000e+00 2.9461820410e-12 
3.5700000000e+00 2.8388708150e-12 
3.5600000000e+00 2.7355860100e-12 
3.5500000000e+00 2.6362587500e-12 
3.5400000000e+00 2.5406223440e-12 
3.5300000000e+00 2.4485138730e-12 
3.5200000000e+00 2.3599340650e-12 
3.5100000000e+00 2.2746299090e-12 
3.5000000000e+00 2.1923989810e-12 
3.4900000000e+00 2.1129867060e-12 
3.4800000000e+00 2.0363596140e-12 
3.4700000000e+00 1.9624687140e-12 
3.4600000000e+00 1.8912062740e-12 
3.4500000000e+00 1.8225123100e-12 
3.4400000000e+00 1.7562943980e-12 
3.4300000000e+00 1.6923698610e-12 
3.4200000000e+00 1.6307229160e-12 
3.4100000000e+00 1.5712663650e-12 
3.4000000000e+00 1.5139139650e-12 
3.3900000000e+00 1.4586150910e-12 
3.3800000000e+00 1.4052459920e-12 
3.3700000000e+00 1.3537546450e-12 
3.3600000000e+00 1.3038778600e-12 
3.3500000000e+00 1.2556361330e-12 
3.3495000000e+00 1.2532911740e-12 
3.3490000000e+00 1.2509233980e-12 
3.3485000000e+00 1.2485751340e-12 
3.3480000000e+00 1.2462330170e-12 
3.3475000000e+00 1.2438694790e-12 
3.3470000000e+00 1.2415142830e-12 
3.3465000000e+00 1.2391620000e-12 
3.3460000000e+00 1.2368369640e-12 
3.3455000000e+00 1.2344978210e-12 
3.3450000000e+00 1.2321684870e-12 
3.3445000000e+00 1.2298490680e-12 
3.3440000000e+00 1.2275159630e-12 
3.3435000000e+00 1.2252042630e-12 
3.3430000000e+00 1.2228997650e-12 
3.3425000000e+00 1.2205749020e-12 
3.3420000000e+00 1.2182581830e-12 
3.3415000000e+00 1.2159872070e-12 
3.3410000000e+00 1.2136577500e-12 
3.3405000000e+00 1.2113824960e-12 
3.3400000000e+00 1.2091049490e-12 
3.3395000000e+00 1.2068182660e-12 
3.3390000000e+00 1.2045302440e-12 
3.3385000000e+00 1.2022663540e-12 
3.3380000000e+00 1.1999755310e-12 
3.3375000000e+00 1.1977000700e-12 
3.3370000000e+00 1.1954422720e-12 
3.3365000000e+00 1.1931607820e-12 
3.3360000000e+00 1.1908964340e-12 
3.3355000000e+00 1.1886520480e-12 
3.3350000000e+00 1.1864007870e-12 
3.3345000000e+00 1.1841630160e-12 
3.3340000000e+00 1.1819167010e-12 
3.3335000000e+00 1.1796993980e-12 
3.3330000000e+00 1.1774699670e-12 
3.3325000000e+00 1.1752670020e-12 
3.3320000000e+00 1.1730466440e-12 
3.3315000000e+00 1.1708279010e-12 
3.3310000000e+00 1.1686074320e-12 
3.3305000000e+00 1.1664187610e-12 
3.3300000000e+00 1.1642080010e-12 
3.3295000000e+00 1.1620250720e-12 
3.3290000000e+00 1.1598552500e-12 
3.3285000000e+00 1.1576634480e-12 
3.3280000000e+00 1.1554677310e-12 
3.3275000000e+00 1.1532810520e-12 
3.3270000000e+00 1.1511009050e-12 
3.3265000000e+00 1.1489297960e-12 
3.3260000000e+00 1.1467671010e-12 
3.3255000000e+00 1.1446049880e-12 
3.3250000000e+00 1.1424423090e-12 
3.3245000000e+00 1.1402784380e-12 
3.3240000000e+00 1.1381036650e-12 
3.3235000000e+00 1.1359356380e-12 
3.3230000000e+00 1.1338061080e-12 
3.3225000000e+00 1.1316866680e-12 
3.3220000000e+00 1.1295425440e-12 
3.3215000000e+00 1.1274020390e-12 
3.3210000000e+00 1.1252374770e-12 
3.3205000000e+00 1.1231090140e-12 
3.3200000000e+00 1.1210179030e-12 
3.3195000000e+00 1.1189022180e-12 
3.3190000000e+00 1.1167524550e-12 
3.3185000000e+00 1.1146672000e-12 
3.3180000000e+00 1.1125268780e-12 
3.3175000000e+00 1.1104328950e-12 
3.3170000000e+00 1.1083226960e-12 
3.3165000000e+00 1.1062227040e-12 
3.3160000000e+00 1.1041318750e-12 
3.3155000000e+00 1.1020151210e-12 
3.3150000000e+00 1.0999325960e-12 
3.3145000000e+00 1.0978463920e-12 
3.3140000000e+00 1.0957788580e-12 
3.3135000000e+00 1.0936893710e-12 
3.3130000000e+00 1.0916378760e-12 
3.3125000000e+00 1.0895767540e-12 
3.3120000000e+00 1.0874871020e-12 
3.3115000000e+00 1.0854086060e-12 
3.3110000000e+00 1.0833699850e-12 
3.3105000000e+00 1.0813150570e-12 
3.3100000000e+00 1.0792613660e-12 
3.3095000000e+00 1.0772028570e-12 
3.3090000000e+00 1.0751737840e-12 
3.3085000000e+00 1.0731170230e-12 
3.3080000000e+00 1.0711071410e-12 
3.3075000000e+00 1.0690767790e-12 
3.3070000000e+00 1.0670405580e-12 
3.3065000000e+00 1.0650050600e-12 
3.3060000000e+00 1.0629372840e-12 
3.3055000000e+00 1.0609520020e-12 
3.3050000000e+00 1.0589419630e-12 
3.3045000000e+00 1.0569111370e-12 
3.3040000000e+00 1.0548868850e-12 
3.3035000000e+00 1.0528875890e-12 
3.3030000000e+00 1.0508794140e-12 
3.3025000000e+00 1.0489022540e-12 
3.3020000000e+00 1.0469307320e-12 
3.3015000000e+00 1.0449159750e-12 
3.3010000000e+00 1.0429228360e-12 
3.3005000000e+00 1.0409444240e-12 
3.3000000000e+00 1.0389514990e-12 
3.2995000000e+00 1.0369981580e-12 
3.2990000000e+00 1.0350134920e-12 
3.2985000000e+00 1.0330535810e-12 
3.2980000000e+00 1.0310867850e-12 
3.2975000000e+00 1.0291319010e-12 
3.2970000000e+00 1.0271488290e-12 
3.2965000000e+00 1.0252038840e-12 
3.2960000000e+00 1.0232231280e-12 
3.2955000000e+00 1.0212800590e-12 
3.2950000000e+00 1.0193382970e-12 
3.2945000000e+00 1.0173847470e-12 
3.2940000000e+00 1.0154457280e-12 
3.2935000000e+00 1.0135303270e-12 
3.2930000000e+00 1.0115975030e-12 
3.2925000000e+00 1.0096546710e-12 
3.2920000000e+00 1.0077383840e-12 
3.2915000000e+00 1.0057941290e-12 
3.2910000000e+00 1.0038700490e-12 
3.2905000000e+00 1.0019572700e-12 
3.2900000000e+00 1.0000400240e-12 
3.2895000000e+00 9.9813125970e-13 
3.2890000000e+00 9.9621395650e-13 
3.2885000000e+00 9.9430043780e-13 
3.2880000000e+00 9.9241232200e-13 
3.2875000000e+00 9.9050762810e-13 
3.2870000000e+00 9.8863136750e-13 
3.2865000000e+00 9.8674698960e-13 
3.2860000000e+00 9.8483726390e-13 
3.2855000000e+00 9.8295931590e-13 
3.2850000000e+00 9.8108348760e-13 
3.2845000000e+00 9.7921959670e-13 
3.2840000000e+00 9.7733861160e-13 
3.2835000000e+00 9.7547708470e-13 
3.2830000000e+00 9.7360953530e-13 
3.2825000000e+00 9.7173011600e-13 
3.2820000000e+00 9.6988133190e-13 
3.2815000000e+00 9.6804092690e-13 
3.2810000000e+00 9.6615420110e-13 
3.2805000000e+00 9.6428141390e-13 
3.2800000000e+00 9.6247112730e-13 
3.2795000000e+00 9.6058382010e-13 
3.2790000000e+00 9.5875316700e-13 
3.2785000000e+00 9.5691285390e-13 
3.2780000000e+00 9.5507081860e-13 
3.2775000000e+00 9.5328857290e-13 
3.2770000000e+00 9.5142837070e-13 
3.2765000000e+00 9.4956801520e-13 
3.2760000000e+00 9.4775596410e-13 
3.2755000000e+00 9.4595598010e-13 
3.2750000000e+00 9.4412921490e-13 
3.2745000000e+00 9.4229300520e-13 
3.2740000000e+00 9.4049633080e-13 
3.2735000000e+00 9.3871653060e-13 
3.2730000000e+00 9.3689363800e-13 
3.2725000000e+00 9.3506992820e-13 
3.2720000000e+00 9.3329578300e-13 
3.2715000000e+00 9.3150645560e-13 
3.2710000000e+00 9.2968513320e-13 
3.2705000000e+00 9.2789990650e-13 
3.2700000000e+00 9.2611694030e-13 
3.2695000000e+00 9.2435252670e-13 
3.2690000000e+00 9.2253596570e-13 
3.2685000000e+00 9.2079163740e-13 
3.2680000000e+00 9.1902273350e-13 
3.2675000000e+00 9.1722027340e-13 
3.2670000000e+00 9.1544535130e-13 
3.2665000000e+00 9.1368491360e-13 
3.2660000000e+00 9.1190690050e-13 
3.2655000000e+00 9.1014473100e-13 
3.2650000000e+00 9.0838211460e-13 
3.2645000000e+00 9.0664630890e-13 
3.2640000000e+00 9.0489731690e-13 
3.2635000000e+00 9.0313399080e-13 
3.2630000000e+00 9.0143079170e-13 
3.2625000000e+00 8.9965874610e-13 
3.2620000000e+00 8.9793168630e-13 
3.2615000000e+00 8.9617849460e-13 
3.2610000000e+00 8.9445828050e-13 
3.2605000000e+00 8.9272895850e-13 
3.2600000000e+00 8.9100535880e-13 
3.2595000000e+00 8.8927505470e-13 
3.2590000000e+00 8.8754483490e-13 
3.2585000000e+00 8.8583809340e-13 
3.2580000000e+00 8.8411483300e-13 
3.2575000000e+00 8.8241035280e-13 
3.2570000000e+00 8.8067755450e-13 
3.2565000000e+00 8.7897001270e-13 
3.2560000000e+00 8.7730276650e-13 
3.2555000000e+00 8.7560678670e-13 
3.2550000000e+00 8.7389377050e-13 
3.2545000000e+00 8.7220810260e-13 
3.2540000000e+00 8.7052106470e-13 
3.2535000000e+00 8.6884247420e-13 
3.2530000000e+00 8.6713682480e-13 
3.2525000000e+00 8.6547116310e-13 
3.2520000000e+00 8.6377249130e-13 
3.2515000000e+00 8.6212299880e-13 
3.2510000000e+00 8.6042023770e-13 
3.2505000000e+00 8.5876383770e-13 
3.2500000000e+00 8.5708518720e-13 
3.2495000000e+00 8.5544464910e-13 
3.2490000000e+00 8.5376661480e-13 
3.2485000000e+00 8.5210173490e-13 
3.2480000000e+00 8.5042610350e-13 
3.2475000000e+00 8.4878325880e-13 
3.2470000000e+00 8.4713571870e-13 
3.2465000000e+00 8.4550532150e-13 
3.2460000000e+00 8.4381509500e-13 
3.2455000000e+00 8.4218085470e-13 
3.2450000000e+00 8.4055414440e-13 
3.2445000000e+00 8.3892960400e-13 
3.2440000000e+00 8.3726247930e-13 
3.2435000000e+00 8.3563840160e-13 
3.2430000000e+00 8.3398687860e-13 
3.2425000000e+00 8.3233871850e-13 
3.2420000000e+00 8.3071052670e-13 
3.2415000000e+00 8.2909196520e-13 
3.2410000000e+00 8.2745066020e-13 
3.2405000000e+00 8.2584164860e-13 
3.2400000000e+00 8.2424080710e-13 
3.2395000000e+00 8.2260636300e-13 
3.2390000000e+00 8.2102029690e-13 
3.2385000000e+00 8.1938914190e-13 
3.2380000000e+00 8.1777994460e-13 
3.2375000000e+00 8.1618623080e-13 
3.2370000000e+00 8.1456842100e-13 
3.2365000000e+00 8.1296056100e-13 
3.2360000000e+00 8.1138165820e-13 
3.2355000000e+00 8.0979401290e-13 
3.2350000000e+00 8.0819637260e-13 
3.2345000000e+00 8.0659416850e-13 
3.2340000000e+00 8.0499596450e-13 
3.2335000000e+00 8.0343194250e-13 
3.2330000000e+00 8.0184288970e-13 
3.2325000000e+00 8.0025961360e-13 
3.2320000000e+00 7.9868136200e-13 
3.2315000000e+00 7.9712268010e-13 
3.2310000000e+00 7.9555056220e-13 
3.2305000000e+00 7.9398610420e-13 
3.2300000000e+00 7.9240361650e-13 
3.2295000000e+00 7.9085197390e-13 
3.2290000000e+00 7.8928929980e-13 
3.2285000000e+00 7.8770515130e-13 
3.2280000000e+00 7.8618558170e-13 
3.2275000000e+00 7.8462741200e-13 
3.2270000000e+00 7.8306990950e-13 
3.2265000000e+00 7.8150733110e-13 
3.2260000000e+00 7.7997466270e-13 
3.2255000000e+00 7.7841707740e-13 
3.2250000000e+00 7.7689525100e-13 
3.2245000000e+00 7.7534694240e-13 
3.2240000000e+00 7.7380828580e-13 
3.2235000000e+00 7.7228690540e-13 
3.2230000000e+00 7.7077089650e-13 
3.2225000000e+00 7.6924281940e-13 
3.2220000000e+00 7.6772794730e-13 
3.2215000000e+00 7.6620153040e-13 
3.2210000000e+00 7.6468288930e-13 
3.2205000000e+00 7.6316983150e-13 
3.2200000000e+00 7.6167384520e-13 
3.2195000000e+00 7.6015503750e-13 
3.2190000000e+00 7.5865643560e-13 
3.2185000000e+00 7.5715130500e-13 
3.2180000000e+00 7.5565844430e-13 
3.2175000000e+00 7.5412595110e-13 
3.2170000000e+00 7.5266619550e-13 
3.2165000000e+00 7.5115239670e-13 
3.2160000000e+00 7.4964053130e-13 
3.2155000000e+00 7.4815931890e-13 
3.2150000000e+00 7.4667899670e-13 
3.2145000000e+00 7.4520228040e-13 
3.2140000000e+00 7.4370180950e-13 
3.2135000000e+00 7.4221465790e-13 
3.2130000000e+00 7.4072275950e-13 
3.2125000000e+00 7.3925232740e-13 
3.2120000000e+00 7.3779041250e-13 
3.2115000000e+00 7.3632792980e-13 
3.2110000000e+00 7.3484461980e-13 
3.2105000000e+00 7.3340648470e-13 
3.2100000000e+00 7.3194950770e-13 
3.2095000000e+00 7.3047358490e-13 
3.2090000000e+00 7.2901098660e-13 
3.2085000000e+00 7.2758541970e-13 
3.2080000000e+00 7.2610707250e-13 
3.2075000000e+00 7.2466064050e-13 
3.2070000000e+00 7.2320550000e-13 
3.2065000000e+00 7.2180201360e-13 
3.2060000000e+00 7.2034648020e-13 
3.2055000000e+00 7.1893215880e-13 
3.2050000000e+00 7.1744198080e-13 
3.2045000000e+00 7.1602800080e-13 
3.2040000000e+00 7.1459466350e-13 
3.2035000000e+00 7.1314896640e-13 
3.2030000000e+00 7.1174845240e-13 
3.2025000000e+00 7.1033766840e-13 
3.2020000000e+00 7.0887358860e-13 
3.2015000000e+00 7.0746179430e-13 
3.2010000000e+00 7.0608212880e-13 
3.2005000000e+00 7.0467726200e-13 
3.2000000000e+00 7.0323309560e-13 
3.1995000000e+00 7.0179704260e-13 
3.1990000000e+00 7.0041098110e-13 
3.1985000000e+00 6.9902154640e-13 
3.1980000000e+00 6.9761125820e-13 
3.1975000000e+00 6.9624962400e-13 
3.1970000000e+00 6.9483271560e-13 
3.1965000000e+00 6.9343854400e-13 
3.1960000000e+00 6.9205342830e-13 
3.1955000000e+00 6.9068677020e-13 
3.1950000000e+00 6.8929679650e-13 
3.1945000000e+00 6.8788789400e-13 
3.1940000000e+00 6.8651248830e-13 
3.1935000000e+00 6.8514436740e-13 
3.1930000000e+00 6.8375439500e-13 
3.1925000000e+00 6.8236398040e-13 
3.1920000000e+00 6.8102763800e-13 
3.1915000000e+00 6.7964469520e-13 
3.1910000000e+00 6.7824679560e-13 
3.1905000000e+00 6.7691278630e-13 
3.1900000000e+00 6.7554805200e-13 
3.1895000000e+00 6.7420512270e-13 
3.1890000000e+00 6.7284629870e-13 
3.1885000000e+00 6.7146688110e-13 
3.1880000000e+00 6.7010780810e-13 
3.1875000000e+00 6.6876552930e-13 
3.1870000000e+00 6.6737299960e-13 
3.1865000000e+00 6.6602859500e-13 
3.1860000000e+00 6.6470652110e-13 
3.1855000000e+00 6.6338651860e-13 
3.1850000000e+00 6.6206242640e-13 
3.1845000000e+00 6.6071711800e-13 
3.1840000000e+00 6.5936521450e-13 
3.1835000000e+00 6.5804232800e-13 
3.1830000000e+00 6.5669676470e-13 
3.1825000000e+00 6.5540162820e-13 
3.1820000000e+00 6.5407305930e-13 
3.1815000000e+00 6.5273664460e-13 
3.1810000000e+00 6.5142454980e-13 
3.1805000000e+00 6.5008675230e-13 
3.1800000000e+00 6.4877661760e-13 
3.1795000000e+00 6.4746939560e-13 
3.1790000000e+00 6.4615634980e-13 
3.1785000000e+00 6.4487424740e-13 
3.1780000000e+00 6.4355862380e-13 
3.1775000000e+00 6.4223109670e-13 
3.1770000000e+00 6.4093197750e-13 
3.1765000000e+00 6.3962638620e-13 
3.1760000000e+00 6.3835024800e-13 
3.1755000000e+00 6.3701093150e-13 
3.1750000000e+00 6.3575631390e-13 
3.1745000000e+00 6.3444990200e-13 
3.1740000000e+00 6.3313326050e-13 
3.1735000000e+00 6.3184502990e-13 
3.1730000000e+00 6.3054583950e-13 
3.1725000000e+00 6.2925657620e-13 
3.1720000000e+00 6.2799593390e-13 
3.1715000000e+00 6.2670887700e-13 
3.1710000000e+00 6.2543143520e-13 
3.1705000000e+00 6.2417426110e-13 
3.1700000000e+00 6.2290132560e-13 
3.1695000000e+00 6.2164113950e-13 
3.1690000000e+00 6.2035610730e-13 
3.1685000000e+00 6.1907954350e-13 
3.1680000000e+00 6.1780977750e-13 
3.1675000000e+00 6.1657354450e-13 
3.1670000000e+00 6.1529189390e-13 
3.1665000000e+00 6.1401944430e-13 
3.1660000000e+00 6.1274617060e-13 
3.1655000000e+00 6.1151405510e-13 
3.1650000000e+00 6.1027599910e-13 
3.1645000000e+00 6.0901017660e-13 
3.1640000000e+00 6.0775564580e-13 
3.1635000000e+00 6.0648577670e-13 
3.1630000000e+00 6.0524850430e-13 
3.1625000000e+00 6.0401636340e-13 
3.1620000000e+00 6.0277817980e-13 
3.1615000000e+00 6.0152434640e-13 
3.1610000000e+00 6.0029131030e-13 
3.1605000000e+00 5.9904983100e-13 
3.1600000000e+00 5.9783687790e-13 
3.1595000000e+00 5.9662247930e-13 
3.1590000000e+00 5.9541384140e-13 
3.1585000000e+00 5.9416522300e-13 
3.1580000000e+00 5.9295494920e-13 
3.1575000000e+00 5.9172182260e-13 
3.1570000000e+00 5.9051148090e-13 
3.1565000000e+00 5.8930481320e-13 
3.1560000000e+00 5.8806338860e-13 
3.1555000000e+00 5.8688443440e-13 
3.1550000000e+00 5.8564994210e-13 
3.1545000000e+00 5.8444794870e-13 
3.1540000000e+00 5.8326446070e-13 
3.1535000000e+00 5.8204339800e-13 
3.1530000000e+00 5.8083990170e-13 
3.1525000000e+00 5.7966848810e-13 
3.1520000000e+00 5.7844226960e-13 
3.1515000000e+00 5.7725105870e-13 
3.1510000000e+00 5.7605245630e-13 
3.1505000000e+00 5.7487403270e-13 
3.1500000000e+00 5.7366879380e-13 
3.1400000000e+00 5.5038301160e-13 
3.1300000000e+00 5.2790435570e-13 
3.1200000000e+00 5.0611077870e-13 
3.1100000000e+00 4.8506890840e-13 
3.1000000000e+00 4.6480656000e-13 
3.0900000000e+00 4.4528610390e-13 
3.0800000000e+00 4.2644540930e-13 
3.0700000000e+00 4.0861451350e-13 
3.0600000000e+00 3.9167484250e-13 
3.0500000000e+00 3.7524124070e-13 
3.0400000000e+00 3.5937272670e-13 
3.0300000000e+00 3.4409828000e-13 
3.0200000000e+00 3.2939253470e-13 
3.0100000000e+00 3.1519340960e-13 
3.0000000000e+00 3.0146921680e-13 
2.9500000000e+00 2.4247242870e-13 
2.9000000000e+00 1.9405551100e-13 
2.8500000000e+00 1.5336958870e-13 
2.8000000000e+00 1.2115687710e-13 
2.7500000000e+00 9.6403728140e-14 
2.7000000000e+00 7.7491475660e-14 
2.6500000000e+00 6.3099483630e-14 
2.6000000000e+00 5.2060690550e-14 
2.5500000000e+00 4.3527590060e-14 
2.5000000000e+00 3.6810147850e-14 
2.4500000000e+00 3.1408046200e-14 
2.4000000000e+00 2.7008654540e-14 
2.3500000000e+00 2.3282940230e-14 
2.3000000000e+00 2.0220301030e-14 
2.2500000000e+00 1.7623380560e-14 
2.2000000000e+00 1.5447095280e-14 
2.1500000000e+00 1.3683481150e-14 
2.1000000000e+00 1.2243066230e-14 
2.0500000000e+00 1.1064843160e-14 
2.0000000000e+00 1.0117032450e-14 
1.9500000000e+00 9.3314679460e-15 
1.9000000000e+00 8.5814736720e-15 
1.8500000000e+00 7.8969142910e-15 
1.8000000000e+00 7.3104282950e-15 
1.7500000000e+00 6.7406154780e-15 
1.7000000000e+00 6.2340456430e-15 
1.6500000000e+00 5.7678466060e-15 
1.6000000000e+00 5.3152767610e-15 
1.5500000000e+00 4.8868178280e-15 
1.5000000000e+00 4.4850703370e-15 
1.4500000000e+00 4.1268298390e-15 
1.4000000000e+00 3.7495892780e-15 
1.3500000000e+00 3.4069852480e-15 
1.3000000000e+00 3.1461835860e-15 
1.2500000000e+00 2.8401431690e-15 
1.2000000000e+00 2.5814143470e-15 
1.1500000000e+00 2.3807055840e-15 
1.1000000000e+00 2.2232637840e-15 
1.0500000000e+00 2.0624950300e-15 
1.0000000000e+00 1.9094418270e-15 
9.5000000000e-01 1.7598180390e-15 
9.0000000000e-01 1.6437994980e-15 
8.5000000000e-01 1.5261458800e-15 
8.0000000000e-01 1.4324615460e-15 
7.5000000000e-01 1.3360274500e-15 
7.0000000000e-01 1.2176326220e-15 
6.5000000000e-01 1.1527373960e-15 
6.0000000000e-01 1.0324971250e-15 
5.5000000000e-01 9.5515021860e-16 
5.0000000000e-01 8.6371716720e-16 
4.5000000000e-01 7.9506132580e-16 
4.0000000000e-01 6.3626455610e-16 
3.5000000000e-01 5.5111611960e-16 
3.0000000000e-01 4.5363789760e-16 
2.5000000000e-01 3.9794907140e-16 
2.0000000000e-01 3.2687268130e-16 
1.5000000000e-01 2.3441684000e-16 
1.0000000000e-01 1.5228018070e-16 
5.0000000000e-02 8.7374204820e-17 
1.0711414300e-14 -3.5566231190e-18 
