EXPORTED XY-GRAPH DATA
1478 2 2
Drain Voltage
Drain Current
0.0000000000e+00 1.2603346790e-18 
5.0000000000e-02 1.1067589270e-16 
1.0000000000e-01 1.8498078950e-16 
1.5000000000e-01 2.5019931650e-16 
2.0000000000e-01 3.4939105240e-16 
2.5000000000e-01 4.8796687920e-16 
3.0000000000e-01 5.4366223110e-16 
3.5000000000e-01 5.9528630760e-16 
4.0000000000e-01 7.0364644950e-16 
4.5000000000e-01 8.3509763260e-16 
5.0000000000e-01 9.4487562460e-16 
5.5000000000e-01 1.0194779790e-15 
6.0000000000e-01 1.1260183060e-15 
6.5000000000e-01 1.1977468260e-15 
7.0000000000e-01 1.3169864420e-15 
7.5000000000e-01 1.4076086870e-15 
8.0000000000e-01 1.5206250960e-15 
8.5000000000e-01 1.6564618730e-15 
9.0000000000e-01 1.7783838620e-15 
9.5000000000e-01 1.9070378690e-15 
1.0000000000e+00 2.0758363730e-15 
1.0500000000e+00 2.2502733630e-15 
1.1000000000e+00 2.4335876060e-15 
1.1500000000e+00 2.6153470720e-15 
1.2000000000e+00 2.8618391260e-15 
1.2500000000e+00 3.1316147380e-15 
1.3000000000e+00 3.4614659710e-15 
1.3500000000e+00 3.7904396640e-15 
1.4000000000e+00 4.1562812930e-15 
1.4500000000e+00 4.5453600520e-15 
1.5000000000e+00 4.9869320800e-15 
1.5500000000e+00 5.4310538650e-15 
1.6000000000e+00 5.9088979710e-15 
1.6500000000e+00 6.3897626270e-15 
1.7000000000e+00 6.9033279940e-15 
1.7500000000e+00 7.4397888240e-15 
1.8000000000e+00 8.0562101780e-15 
1.8500000000e+00 8.6745919490e-15 
1.9000000000e+00 9.3858257480e-15 
1.9500000000e+00 1.0207913910e-14 
2.0000000000e+00 1.1081625750e-14 
2.0500000000e+00 1.2120834250e-14 
2.1000000000e+00 1.3464267540e-14 
2.1500000000e+00 1.5081080270e-14 
2.2000000000e+00 1.7062785300e-14 
2.2500000000e+00 1.9449401050e-14 
2.3000000000e+00 2.2363946530e-14 
2.3500000000e+00 2.5767090130e-14 
2.4000000000e+00 2.9854995000e-14 
2.4500000000e+00 3.4803484610e-14 
2.5000000000e+00 4.0906662740e-14 
2.5500000000e+00 4.8604613230e-14 
2.6000000000e+00 5.8611389050e-14 
2.6500000000e+00 7.1580221040e-14 
2.7000000000e+00 8.8570517440e-14 
2.7500000000e+00 1.1124067070e-13 
2.8000000000e+00 1.4094785380e-13 
2.8500000000e+00 1.7971792220e-13 
2.9000000000e+00 2.2733651900e-13 
2.9500000000e+00 2.8567813620e-13 
3.0000000000e+00 3.5849997310e-13 
3.0500000000e+00 4.4918446780e-13 
3.1000000000e+00 5.6171682240e-13 
3.1500000000e+00 6.9934209460e-13 
3.2000000000e+00 8.6564011910e-13 
3.2500000000e+00 1.0663908640e-12 
3.3000000000e+00 1.3102935780e-12 
3.3500000000e+00 1.6074256530e-12 
3.4000000000e+00 1.9712153820e-12 
3.4500000000e+00 2.4191169940e-12 
3.5000000000e+00 2.9757192940e-12 
3.5500000000e+00 3.6775880340e-12 
3.6000000000e+00 4.5780126760e-12 
3.6100000000e+00 4.7888566860e-12 
3.6200000000e+00 5.0120301120e-12 
3.6300000000e+00 5.2486304680e-12 
3.6400000000e+00 5.4999400420e-12 
3.6500000000e+00 5.7674105940e-12 
3.6600000000e+00 6.0526516510e-12 
3.6700000000e+00 6.3571535470e-12 
3.6800000000e+00 6.6837162990e-12 
3.6900000000e+00 7.0351015810e-12 
3.7000000000e+00 7.4146616560e-12 
3.7005000000e+00 7.4343670310e-12 
3.7010000000e+00 7.4542336570e-12 
3.7015000000e+00 7.4741965730e-12 
3.7020000000e+00 7.4941823080e-12 
3.7025000000e+00 7.5143130350e-12 
3.7030000000e+00 7.5344942310e-12 
3.7035000000e+00 7.5547694270e-12 
3.7040000000e+00 7.5751186610e-12 
3.7045000000e+00 7.5955501640e-12 
3.7050000000e+00 7.6160734210e-12 
3.7055000000e+00 7.6366791170e-12 
3.7060000000e+00 7.6573753750e-12 
3.7065000000e+00 7.6781593530e-12 
3.7070000000e+00 7.6990347840e-12 
3.7075000000e+00 7.7199944370e-12 
3.7080000000e+00 7.7410404770e-12 
3.7085000000e+00 7.7621998190e-12 
3.7090000000e+00 7.7834223030e-12 
3.7095000000e+00 7.8047497750e-12 
3.7100000000e+00 7.8261581820e-12 
3.7105000000e+00 7.8476703580e-12 
3.7110000000e+00 7.8692872070e-12 
3.7115000000e+00 7.8909663940e-12 
3.7120000000e+00 7.9127463110e-12 
3.7125000000e+00 7.9346285850e-12 
3.7130000000e+00 7.9565970910e-12 
3.7135000000e+00 7.9786789350e-12 
3.7140000000e+00 8.0008650890e-12 
3.7145000000e+00 8.0231315880e-12 
3.7150000000e+00 8.0454876770e-12 
3.7155000000e+00 8.0680061950e-12 
3.7160000000e+00 8.0905543540e-12 
3.7165000000e+00 8.1133180150e-12 
3.7170000000e+00 8.1360700840e-12 
3.7175000000e+00 8.1589718910e-12 
3.7180000000e+00 8.1819543710e-12 
3.7185000000e+00 8.2050398090e-12 
3.7190000000e+00 8.2282082950e-12 
3.7195000000e+00 8.2515154810e-12 
3.7200000000e+00 8.2749419630e-12 
3.7205000000e+00 8.2984204720e-12 
3.7210000000e+00 8.3220476360e-12 
3.7215000000e+00 8.3458213940e-12 
3.7220000000e+00 8.3696228200e-12 
3.7225000000e+00 8.3935640980e-12 
3.7230000000e+00 8.4176250910e-12 
3.7235000000e+00 8.4418223160e-12 
3.7240000000e+00 8.4661243540e-12 
3.7245000000e+00 8.4905486560e-12 
3.7250000000e+00 8.5150294400e-12 
3.7255000000e+00 8.5396972520e-12 
3.7260000000e+00 8.5644679250e-12 
3.7265000000e+00 8.5893734160e-12 
3.7270000000e+00 8.6143669370e-12 
3.7275000000e+00 8.6394885870e-12 
3.7280000000e+00 8.6647408640e-12 
3.7285000000e+00 8.6901030820e-12 
3.7290000000e+00 8.7156377810e-12 
3.7295000000e+00 8.7412016650e-12 
3.7300000000e+00 8.7669852000e-12 
3.7305000000e+00 8.7928636700e-12 
3.7310000000e+00 8.8188563710e-12 
3.7315000000e+00 8.8450211280e-12 
3.7320000000e+00 8.8712659050e-12 
3.7325000000e+00 8.8976664850e-12 
3.7330000000e+00 8.9242163540e-12 
3.7335000000e+00 8.9508497800e-12 
3.7340000000e+00 8.9776542120e-12 
3.7345000000e+00 9.0046282850e-12 
3.7350000000e+00 9.0316961050e-12 
3.7355000000e+00 9.0589092050e-12 
3.7360000000e+00 9.0862849660e-12 
3.7365000000e+00 9.1137901100e-12 
3.7370000000e+00 9.1414348050e-12 
3.7375000000e+00 9.1692499940e-12 
3.7380000000e+00 9.1971833820e-12 
3.7385000000e+00 9.2252886710e-12 
3.7390000000e+00 9.2535061440e-12 
3.7395000000e+00 9.2819254170e-12 
3.7400000000e+00 9.3104810220e-12 
3.7405000000e+00 9.3391679490e-12 
3.7410000000e+00 9.3680249430e-12 
3.7415000000e+00 9.3970568190e-12 
3.7420000000e+00 9.4262304120e-12 
3.7425000000e+00 9.4555786340e-12 
3.7430000000e+00 9.4850727490e-12 
3.7435000000e+00 9.5147464620e-12 
3.7440000000e+00 9.5445993270e-12 
3.7445000000e+00 9.5745704210e-12 
3.7450000000e+00 9.6047634050e-12 
3.7455000000e+00 9.6350871660e-12 
3.7460000000e+00 9.6655873910e-12 
3.7465000000e+00 9.6962719590e-12 
3.7470000000e+00 9.7271114560e-12 
3.7475000000e+00 9.7581623110e-12 
3.7480000000e+00 9.7894099270e-12 
3.7485000000e+00 9.8207724490e-12 
3.7490000000e+00 9.8523670640e-12 
3.7495000000e+00 9.8841433350e-12 
3.7500000000e+00 9.9160970850e-12 
3.7505000000e+00 9.9482533680e-12 
3.7510000000e+00 9.9806073650e-12 
3.7515000000e+00 1.0013146520e-11 
3.7520000000e+00 1.0045917380e-11 
3.7525000000e+00 1.0078846280e-11 
3.7530000000e+00 1.0111941210e-11 
3.7535000000e+00 1.0145316480e-11 
3.7540000000e+00 1.0178843870e-11 
3.7545000000e+00 1.0212629950e-11 
3.7550000000e+00 1.0246575410e-11 
3.7555000000e+00 1.0280776350e-11 
3.7560000000e+00 1.0315158640e-11 
3.7565000000e+00 1.0349774050e-11 
3.7570000000e+00 1.0384624660e-11 
3.7575000000e+00 1.0419660950e-11 
3.7580000000e+00 1.0454935310e-11 
3.7585000000e+00 1.0490469090e-11 
3.7590000000e+00 1.0526069820e-11 
3.7595000000e+00 1.0562031040e-11 
3.7600000000e+00 1.0598288000e-11 
3.7605000000e+00 1.0634747920e-11 
3.7610000000e+00 1.0671445690e-11 
3.7615000000e+00 1.0708388720e-11 
3.7620000000e+00 1.0745589930e-11 
3.7625000000e+00 1.0783033280e-11 
3.7630000000e+00 1.0820732450e-11 
3.7635000000e+00 1.0858730280e-11 
3.7640000000e+00 1.0896967560e-11 
3.7645000000e+00 1.0935483070e-11 
3.7650000000e+00 1.0974231460e-11 
3.7655000000e+00 1.1013287280e-11 
3.7660000000e+00 1.1052625440e-11 
3.7665000000e+00 1.1092237310e-11 
3.7670000000e+00 1.1132144030e-11 
3.7675000000e+00 1.1172327230e-11 
3.7680000000e+00 1.1212803900e-11 
3.7685000000e+00 1.1253589500e-11 
3.7690000000e+00 1.1294685680e-11 
3.7695000000e+00 1.1336073790e-11 
3.7700000000e+00 1.1377796660e-11 
3.7705000000e+00 1.1419801060e-11 
3.7710000000e+00 1.1462141880e-11 
3.7715000000e+00 1.1504806660e-11 
3.7720000000e+00 1.1547803800e-11 
3.7725000000e+00 1.1591140740e-11 
3.7730000000e+00 1.1634803360e-11 
3.7735000000e+00 1.1678828610e-11 
3.7740000000e+00 1.1723232730e-11 
3.7745000000e+00 1.1767953060e-11 
3.7750000000e+00 1.1813020300e-11 
3.7755000000e+00 1.1858503140e-11 
3.7760000000e+00 1.1904340400e-11 
3.7765000000e+00 1.1950743390e-11 
3.7770000000e+00 1.1997369190e-11 
3.7775000000e+00 1.2044358340e-11 
3.7780000000e+00 1.2091792410e-11 
3.7785000000e+00 1.2139615170e-11 
3.7790000000e+00 1.2187813510e-11 
3.7795000000e+00 1.2236461250e-11 
3.7800000000e+00 1.2285569240e-11 
3.7805000000e+00 1.2335085230e-11 
3.7810000000e+00 1.2385051880e-11 
3.7815000000e+00 1.2435456400e-11 
3.7820000000e+00 1.2486329080e-11 
3.7825000000e+00 1.2537694400e-11 
3.7830000000e+00 1.2589519980e-11 
3.7835000000e+00 1.2642024200e-11 
3.7840000000e+00 1.2695222630e-11 
3.7845000000e+00 1.2748931130e-11 
3.7850000000e+00 1.2803189310e-11 
3.7855000000e+00 1.2857724150e-11 
3.7860000000e+00 1.2913043400e-11 
3.7865000000e+00 1.2968887890e-11 
3.7870000000e+00 1.3025311020e-11 
3.7875000000e+00 1.3082327970e-11 
3.7880000000e+00 1.3139878460e-11 
3.7885000000e+00 1.3198194870e-11 
3.7890000000e+00 1.3257042380e-11 
3.7895000000e+00 1.3316555390e-11 
3.7900000000e+00 1.3376660070e-11 
3.7905000000e+00 1.3437469380e-11 
3.7910000000e+00 1.3498863860e-11 
3.7915000000e+00 1.3561238420e-11 
3.7920000000e+00 1.3624093150e-11 
3.7925000000e+00 1.3687703250e-11 
3.7930000000e+00 1.3752004340e-11 
3.7935000000e+00 1.3817087580e-11 
3.7940000000e+00 1.3882932800e-11 
3.7945000000e+00 1.3949602920e-11 
3.7950000000e+00 1.4016832530e-11 
3.7955000000e+00 1.4085101410e-11 
3.7960000000e+00 1.4154245950e-11 
3.7965000000e+00 1.4224215280e-11 
3.7970000000e+00 1.4295130600e-11 
3.7975000000e+00 1.4367236610e-11 
3.7980000000e+00 1.4440107990e-11 
3.7985000000e+00 1.4513927160e-11 
3.7990000000e+00 1.4588765670e-11 
3.7995000000e+00 1.4664361350e-11 
3.8000000000e+00 1.4741267260e-11 
3.8005000000e+00 1.4819256910e-11 
3.8010000000e+00 1.4898676820e-11 
3.8015000000e+00 1.4979079790e-11 
3.8020000000e+00 1.5060664640e-11 
3.8025000000e+00 1.5143138570e-11 
3.8030000000e+00 1.5227484110e-11 
3.8035000000e+00 1.5312977780e-11 
3.8040000000e+00 1.5399461160e-11 
3.8045000000e+00 1.5487671430e-11 
3.8050000000e+00 1.5577808510e-11 
3.8055000000e+00 1.5668711450e-11 
3.8060000000e+00 1.5761988550e-11 
3.8065000000e+00 1.5856472300e-11 
3.8070000000e+00 1.5952728150e-11 
3.8075000000e+00 1.6050808440e-11 
3.8080000000e+00 1.6150759490e-11 
3.8085000000e+00 1.6252640420e-11 
3.8090000000e+00 1.6356569890e-11 
3.8095000000e+00 1.6462691580e-11 
3.8100000000e+00 1.6570566110e-11 
3.8105000000e+00 1.6681595900e-11 
3.8110000000e+00 1.6794674950e-11 
3.8115000000e+00 1.6910227600e-11 
3.8120000000e+00 1.7028230290e-11 
3.8125000000e+00 1.7149953500e-11 
3.8130000000e+00 1.7274155130e-11 
3.8135000000e+00 1.7401133660e-11 
3.8140000000e+00 1.7531961280e-11 
3.8145000000e+00 1.7666387250e-11 
3.8150000000e+00 1.7804646790e-11 
3.8400000000e+00 4.9603894860e-06 
3.8650000000e+00 5.5452713880e-06 
3.9150000000e+00 6.7952938590e-06 
3.9650000000e+00 8.1527503550e-06 
4.0150000000e+00 9.6187247860e-06 
4.0650000000e+00 1.1194951720e-05 
4.1150000000e+00 1.2882891760e-05 
4.1650000000e+00 1.4686465500e-05 
4.2150000000e+00 1.6604596220e-05 
4.2650000000e+00 1.8641046810e-05 
4.3150000000e+00 2.0800374340e-05 
4.3650000000e+00 2.3085783600e-05 
4.4150000000e+00 2.5501392410e-05 
4.4650000000e+00 2.8051030140e-05 
4.5150000000e+00 3.0741012240e-05 
4.5650000000e+00 3.3581117080e-05 
4.6150000000e+00 3.6580864940e-05 
4.6650000000e+00 3.9743332960e-05 
4.7150000000e+00 4.3053843160e-05 
4.7650000000e+00 4.6521698330e-05 
4.8150000000e+00 5.0163748910e-05 
4.8650000000e+00 5.3980889860e-05 
4.9150000000e+00 5.7975740780e-05 
4.9650000000e+00 6.2152493970e-05 
5.0150000000e+00 6.6520760860e-05 
5.0650000000e+00 7.1086555140e-05 
5.1150000000e+00 7.5846820700e-05 
5.1650000000e+00 8.0822318520e-05 
5.2150000000e+00 8.6025774240e-05 
5.2650000000e+00 9.1479541740e-05 
5.3150000000e+00 9.7194971890e-05 
5.3650000000e+00 1.0305088510e-04 
5.4150000000e+00 1.0912692260e-04 
5.4650000000e+00 1.1543752390e-04 
5.5150000000e+00 1.2198577290e-04 
5.5650000000e+00 1.2879106480e-04 
5.6150000000e+00 1.3585275770e-04 
5.6650000000e+00 1.4317799900e-04 
5.7150000000e+00 1.5078762600e-04 
5.7650000000e+00 1.5870573970e-04 
5.8150000000e+00 1.6697984440e-04 
5.8650000000e+00 1.7558282840e-04 
5.9150000000e+00 1.8442340500e-04 
5.9650000000e+00 1.9358194460e-04 
6.0150000000e+00 2.0305783140e-04 
6.0650000000e+00 2.1267287600e-04 
6.1150000000e+00 2.2234481460e-04 
6.1650000000e+00 2.3220261780e-04 
6.2150000000e+00 2.4234830020e-04 
6.2650000000e+00 2.5275301650e-04 
6.3150000000e+00 2.6337156970e-04 
6.3650000000e+00 2.7418187190e-04 
6.4150000000e+00 2.8523442110e-04 
6.4650000000e+00 2.9652536990e-04 
6.5150000000e+00 3.0805217840e-04 
6.5650000000e+00 3.1982644750e-04 
6.6150000000e+00 3.3186812500e-04 
6.6650000000e+00 3.4419789990e-04 
6.7150000000e+00 3.5680807080e-04 
6.7650000000e+00 3.6959484710e-04 
6.8150000000e+00 3.8214213200e-04 
6.8650000000e+00 3.9487399900e-04 
6.9150000000e+00 4.0779715570e-04 
6.9650000000e+00 4.2091711940e-04 
7.0000000000e+00 4.3022356910e-04 
6.9900000000e+00 4.2755113990e-04 
6.9800000000e+00 4.2489109710e-04 
6.9700000000e+00 4.2223910930e-04 
6.9600000000e+00 4.1959515500e-04 
6.9500000000e+00 4.1695921470e-04 
6.9400000000e+00 4.1433127030e-04 
6.9300000000e+00 4.1171129690e-04 
6.9200000000e+00 4.0909923090e-04 
6.9100000000e+00 4.0649505060e-04 
6.9000000000e+00 4.0389874340e-04 
6.8900000000e+00 4.0131028100e-04 
6.8800000000e+00 3.9872957540e-04 
6.8700000000e+00 3.9615660090e-04 
6.8600000000e+00 3.9359130610e-04 
6.8500000000e+00 3.9103366610e-04 
6.8400000000e+00 3.8848366810e-04 
6.8300000000e+00 3.8594115200e-04 
6.8200000000e+00 3.8340596970e-04 
6.8100000000e+00 3.8087812480e-04 
6.8000000000e+00 3.7835761800e-04 
6.7900000000e+00 3.7584445490e-04 
6.7800000000e+00 3.7333864310e-04 
6.7700000000e+00 3.7084019100e-04 
6.7600000000e+00 3.6834862680e-04 
6.7500000000e+00 3.6580981660e-04 
6.7400000000e+00 3.6322250810e-04 
6.7300000000e+00 3.6064736350e-04 
6.7200000000e+00 3.5808433040e-04 
6.7100000000e+00 3.5553322250e-04 
6.7000000000e+00 3.5299389190e-04 
6.6995000000e+00 3.5286704400e-04 
6.6990000000e+00 3.5274041330e-04 
6.6985000000e+00 3.5261381180e-04 
6.6980000000e+00 3.5248723940e-04 
6.6975000000e+00 3.5236069600e-04 
6.6970000000e+00 3.5223418160e-04 
6.6965000000e+00 3.5210769620e-04 
6.6960000000e+00 3.5198123990e-04 
6.6955000000e+00 3.5185481250e-04 
6.6950000000e+00 3.5172841410e-04 
6.6945000000e+00 3.5160204460e-04 
6.6940000000e+00 3.5147570410e-04 
6.6935000000e+00 3.5134939240e-04 
6.6930000000e+00 3.5122310970e-04 
6.6925000000e+00 3.5109685580e-04 
6.6920000000e+00 3.5097063080e-04 
6.6915000000e+00 3.5084443470e-04 
6.6910000000e+00 3.5071826740e-04 
6.6905000000e+00 3.5059212890e-04 
6.6900000000e+00 3.5046601920e-04 
6.6895000000e+00 3.5033993830e-04 
6.6890000000e+00 3.5021388620e-04 
6.6885000000e+00 3.5008786290e-04 
6.6880000000e+00 3.4996186830e-04 
6.6875000000e+00 3.4983590240e-04 
6.6870000000e+00 3.4970996520e-04 
6.6865000000e+00 3.4958405670e-04 
6.6860000000e+00 3.4945817690e-04 
6.6855000000e+00 3.4933232580e-04 
6.6850000000e+00 3.4920650330e-04 
6.6845000000e+00 3.4908070950e-04 
6.6840000000e+00 3.4895494430e-04 
6.6835000000e+00 3.4882920770e-04 
6.6830000000e+00 3.4870349970e-04 
6.6825000000e+00 3.4857782030e-04 
6.6820000000e+00 3.4845216940e-04 
6.6815000000e+00 3.4832654710e-04 
6.6810000000e+00 3.4820095320e-04 
6.6805000000e+00 3.4807538780e-04 
6.6800000000e+00 3.4794985090e-04 
6.6795000000e+00 3.4782434230e-04 
6.6790000000e+00 3.4769886220e-04 
6.6785000000e+00 3.4757341040e-04 
6.6780000000e+00 3.4744798710e-04 
6.6775000000e+00 3.4732259210e-04 
6.6770000000e+00 3.4719722540e-04 
6.6765000000e+00 3.4707188710e-04 
6.6760000000e+00 3.4694657710e-04 
6.6755000000e+00 3.4682129540e-04 
6.6750000000e+00 3.4669604200e-04 
6.6745000000e+00 3.4657081680e-04 
6.6740000000e+00 3.4644562000e-04 
6.6735000000e+00 3.4632045140e-04 
6.6730000000e+00 3.4619531100e-04 
6.6725000000e+00 3.4607019880e-04 
6.6720000000e+00 3.4594511490e-04 
6.6715000000e+00 3.4582005910e-04 
6.6710000000e+00 3.4569503150e-04 
6.6705000000e+00 3.4557003210e-04 
6.6700000000e+00 3.4544506080e-04 
6.6695000000e+00 3.4532011770e-04 
6.6690000000e+00 3.4519520270e-04 
6.6685000000e+00 3.4507031580e-04 
6.6680000000e+00 3.4494545700e-04 
6.6675000000e+00 3.4482062630e-04 
6.6670000000e+00 3.4469582360e-04 
6.6665000000e+00 3.4457104900e-04 
6.6660000000e+00 3.4444630250e-04 
6.6655000000e+00 3.4432158400e-04 
6.6650000000e+00 3.4419689340e-04 
6.6645000000e+00 3.4407223090e-04 
6.6640000000e+00 3.4394759640e-04 
6.6635000000e+00 3.4382298980e-04 
6.6630000000e+00 3.4369841120e-04 
6.6625000000e+00 3.4357386060e-04 
6.6620000000e+00 3.4344933790e-04 
6.6615000000e+00 3.4332484310e-04 
6.6610000000e+00 3.4320037620e-04 
6.6605000000e+00 3.4307593720e-04 
6.6600000000e+00 3.4295152610e-04 
6.6595000000e+00 3.4282714280e-04 
6.6590000000e+00 3.4270278740e-04 
6.6585000000e+00 3.4257845990e-04 
6.6580000000e+00 3.4245416020e-04 
6.6575000000e+00 3.4232988820e-04 
6.6570000000e+00 3.4220564410e-04 
6.6565000000e+00 3.4208142780e-04 
6.6560000000e+00 3.4195723930e-04 
6.6555000000e+00 3.4183307850e-04 
6.6550000000e+00 3.4170894540e-04 
6.6545000000e+00 3.4158484010e-04 
6.6540000000e+00 3.4146076250e-04 
6.6535000000e+00 3.4133671270e-04 
6.6530000000e+00 3.4121269050e-04 
6.6525000000e+00 3.4108869600e-04 
6.6520000000e+00 3.4096472920e-04 
6.6515000000e+00 3.4084079000e-04 
6.6510000000e+00 3.4071687850e-04 
6.6505000000e+00 3.4059299460e-04 
6.6500000000e+00 3.4046913840e-04 
6.6495000000e+00 3.4034530970e-04 
6.6490000000e+00 3.4022150870e-04 
6.6485000000e+00 3.4009773520e-04 
6.6480000000e+00 3.3997398930e-04 
6.6475000000e+00 3.3985027090e-04 
6.6470000000e+00 3.3972658010e-04 
6.6465000000e+00 3.3960291680e-04 
6.6460000000e+00 3.3947928100e-04 
6.6455000000e+00 3.3935567270e-04 
6.6450000000e+00 3.3923209190e-04 
6.6445000000e+00 3.3910853860e-04 
6.6440000000e+00 3.3898501280e-04 
6.6435000000e+00 3.3886151440e-04 
6.6430000000e+00 3.3873804340e-04 
6.6425000000e+00 3.3861459990e-04 
6.6420000000e+00 3.3849118380e-04 
6.6415000000e+00 3.3836779510e-04 
6.6410000000e+00 3.3824443380e-04 
6.6405000000e+00 3.3812109990e-04 
6.6400000000e+00 3.3799779330e-04 
6.6395000000e+00 3.3787451410e-04 
6.6390000000e+00 3.3775126220e-04 
6.6385000000e+00 3.3762803770e-04 
6.6380000000e+00 3.3750484050e-04 
6.6375000000e+00 3.3738167060e-04 
6.6370000000e+00 3.3725852790e-04 
6.6365000000e+00 3.3713541260e-04 
6.6360000000e+00 3.3701232460e-04 
6.6355000000e+00 3.3688926380e-04 
6.6350000000e+00 3.3676623020e-04 
6.6345000000e+00 3.3664322390e-04 
6.6340000000e+00 3.3652024480e-04 
6.6335000000e+00 3.3639729300e-04 
6.6330000000e+00 3.3627436830e-04 
6.6325000000e+00 3.3615147080e-04 
6.6320000000e+00 3.3602860050e-04 
6.6315000000e+00 3.3590575740e-04 
6.6310000000e+00 3.3578294140e-04 
6.6305000000e+00 3.3566015260e-04 
6.6300000000e+00 3.3553739090e-04 
6.6295000000e+00 3.3541465630e-04 
6.6290000000e+00 3.3529194880e-04 
6.6285000000e+00 3.3516926850e-04 
6.6280000000e+00 3.3504661520e-04 
6.6275000000e+00 3.3492398900e-04 
6.6270000000e+00 3.3480138980e-04 
6.6265000000e+00 3.3467881770e-04 
6.6260000000e+00 3.3455627270e-04 
6.6255000000e+00 3.3443375460e-04 
6.6250000000e+00 3.3431126360e-04 
6.6245000000e+00 3.3418879960e-04 
6.6240000000e+00 3.3406636260e-04 
6.6235000000e+00 3.3394395260e-04 
6.6230000000e+00 3.3382156960e-04 
6.6225000000e+00 3.3369921350e-04 
6.6220000000e+00 3.3357688440e-04 
6.6215000000e+00 3.3345458220e-04 
6.6210000000e+00 3.3333230690e-04 
6.6205000000e+00 3.3321005860e-04 
6.6200000000e+00 3.3308783720e-04 
6.6195000000e+00 3.3296564260e-04 
6.6190000000e+00 3.3284347500e-04 
6.6185000000e+00 3.3272133420e-04 
6.6180000000e+00 3.3259922030e-04 
6.6175000000e+00 3.3247713330e-04 
6.6170000000e+00 3.3235507310e-04 
6.6165000000e+00 3.3223303970e-04 
6.6160000000e+00 3.3211103310e-04 
6.6155000000e+00 3.3198905340e-04 
6.6150000000e+00 3.3186710040e-04 
6.6145000000e+00 3.3174517430e-04 
6.6140000000e+00 3.3162327490e-04 
6.6135000000e+00 3.3150140230e-04 
6.6130000000e+00 3.3137955640e-04 
6.6125000000e+00 3.3125773730e-04 
6.6120000000e+00 3.3113594500e-04 
6.6115000000e+00 3.3101417930e-04 
6.6110000000e+00 3.3089244040e-04 
6.6105000000e+00 3.3077072810e-04 
6.6100000000e+00 3.3064904260e-04 
6.6095000000e+00 3.3052738380e-04 
6.6090000000e+00 3.3040575160e-04 
6.6085000000e+00 3.3028414610e-04 
6.6080000000e+00 3.3016256720e-04 
6.6075000000e+00 3.3004101500e-04 
6.6070000000e+00 3.2991948940e-04 
6.6065000000e+00 3.2979799040e-04 
6.6060000000e+00 3.2967646500e-04 
6.6055000000e+00 3.2955466040e-04 
6.6050000000e+00 3.2943304470e-04 
6.6045000000e+00 3.2931152470e-04 
6.6040000000e+00 3.2919005750e-04 
6.6035000000e+00 3.2906861780e-04 
6.6030000000e+00 3.2894720490e-04 
6.6025000000e+00 3.2882581890e-04 
6.6020000000e+00 3.2870459470e-04 
6.6015000000e+00 3.2858341520e-04 
6.6010000000e+00 3.2846226230e-04 
6.6005000000e+00 3.2834113600e-04 
6.6000000000e+00 3.2822003620e-04 
6.5995000000e+00 3.2809896290e-04 
6.5990000000e+00 3.2797791610e-04 
6.5985000000e+00 3.2785689580e-04 
6.5980000000e+00 3.2773601270e-04 
6.5975000000e+00 3.2761517900e-04 
6.5970000000e+00 3.2749437200e-04 
6.5965000000e+00 3.2737359120e-04 
6.5960000000e+00 3.2725283660e-04 
6.5955000000e+00 3.2713219460e-04 
6.5950000000e+00 3.2701159730e-04 
6.5945000000e+00 3.2689106620e-04 
6.5940000000e+00 3.2677056230e-04 
6.5935000000e+00 3.2665008420e-04 
6.5930000000e+00 3.2652963210e-04 
6.5925000000e+00 3.2640920590e-04 
6.5920000000e+00 3.2628880560e-04 
6.5915000000e+00 3.2616843110e-04 
6.5910000000e+00 3.2604808250e-04 
6.5905000000e+00 3.2592775980e-04 
6.5900000000e+00 3.2580746300e-04 
6.5895000000e+00 3.2568719200e-04 
6.5890000000e+00 3.2556694680e-04 
6.5885000000e+00 3.2544672750e-04 
6.5880000000e+00 3.2532653390e-04 
6.5875000000e+00 3.2520636620e-04 
6.5870000000e+00 3.2508622430e-04 
6.5865000000e+00 3.2496610820e-04 
6.5860000000e+00 3.2484601790e-04 
6.5855000000e+00 3.2472595340e-04 
6.5850000000e+00 3.2460591460e-04 
6.5845000000e+00 3.2448590160e-04 
6.5840000000e+00 3.2436591430e-04 
6.5835000000e+00 3.2424595280e-04 
6.5830000000e+00 3.2412601700e-04 
6.5825000000e+00 3.2400610690e-04 
6.5820000000e+00 3.2388622260e-04 
6.5815000000e+00 3.2376636390e-04 
6.5810000000e+00 3.2364653100e-04 
6.5805000000e+00 3.2352672370e-04 
6.5800000000e+00 3.2340694220e-04 
6.5795000000e+00 3.2328718630e-04 
6.5790000000e+00 3.2316745600e-04 
6.5785000000e+00 3.2304775150e-04 
6.5780000000e+00 3.2292807250e-04 
6.5775000000e+00 3.2280841930e-04 
6.5770000000e+00 3.2268879160e-04 
6.5765000000e+00 3.2256918960e-04 
6.5760000000e+00 3.2244961320e-04 
6.5755000000e+00 3.2233006240e-04 
6.5750000000e+00 3.2221053720e-04 
6.5745000000e+00 3.2209103760e-04 
6.5740000000e+00 3.2197156350e-04 
6.5735000000e+00 3.2185211510e-04 
6.5730000000e+00 3.2173269220e-04 
6.5725000000e+00 3.2161329490e-04 
6.5720000000e+00 3.2149392310e-04 
6.5715000000e+00 3.2137457680e-04 
6.5710000000e+00 3.2125525610e-04 
6.5705000000e+00 3.2113596100e-04 
6.5700000000e+00 3.2101669130e-04 
6.5695000000e+00 3.2089744720e-04 
6.5690000000e+00 3.2077822850e-04 
6.5685000000e+00 3.2065903540e-04 
6.5680000000e+00 3.2053986770e-04 
6.5675000000e+00 3.2042072550e-04 
6.5670000000e+00 3.2030160880e-04 
6.5665000000e+00 3.2018251770e-04 
6.5660000000e+00 3.2006345210e-04 
6.5655000000e+00 3.1994441190e-04 
6.5650000000e+00 3.1982539710e-04 
6.5645000000e+00 3.1970640780e-04 
6.5640000000e+00 3.1958744390e-04 
6.5635000000e+00 3.1946850540e-04 
6.5630000000e+00 3.1934959230e-04 
6.5625000000e+00 3.1923070460e-04 
6.5620000000e+00 3.1911184230e-04 
6.5615000000e+00 3.1899300540e-04 
6.5610000000e+00 3.1887419390e-04 
6.5605000000e+00 3.1875540770e-04 
6.5600000000e+00 3.1863664690e-04 
6.5595000000e+00 3.1851791140e-04 
6.5590000000e+00 3.1839920130e-04 
6.5585000000e+00 3.1828051650e-04 
6.5580000000e+00 3.1816185710e-04 
6.5575000000e+00 3.1804322300e-04 
6.5570000000e+00 3.1792461420e-04 
6.5565000000e+00 3.1780603070e-04 
6.5560000000e+00 3.1768747250e-04 
6.5555000000e+00 3.1756893960e-04 
6.5550000000e+00 3.1745043200e-04 
6.5545000000e+00 3.1733194970e-04 
6.5540000000e+00 3.1721349260e-04 
6.5535000000e+00 3.1709506080e-04 
6.5530000000e+00 3.1697665430e-04 
6.5525000000e+00 3.1685827300e-04 
6.5520000000e+00 3.1673991700e-04 
6.5515000000e+00 3.1662158620e-04 
6.5510000000e+00 3.1650328060e-04 
6.5505000000e+00 3.1638500020e-04 
6.5500000000e+00 3.1626674510e-04 
6.5495000000e+00 3.1614851510e-04 
6.5490000000e+00 3.1603031040e-04 
6.5485000000e+00 3.1591213080e-04 
6.5480000000e+00 3.1579397650e-04 
6.5475000000e+00 3.1567584730e-04 
6.5470000000e+00 3.1555774320e-04 
6.5465000000e+00 3.1543966440e-04 
6.5460000000e+00 3.1532161070e-04 
6.5455000000e+00 3.1520358210e-04 
6.5450000000e+00 3.1508557870e-04 
6.5445000000e+00 3.1496760040e-04 
6.5440000000e+00 3.1484964730e-04 
6.5435000000e+00 3.1473171930e-04 
6.5430000000e+00 3.1461381640e-04 
6.5425000000e+00 3.1449593860e-04 
6.5420000000e+00 3.1437808590e-04 
6.5415000000e+00 3.1426025820e-04 
6.5410000000e+00 3.1414245570e-04 
6.5405000000e+00 3.1402467830e-04 
6.5400000000e+00 3.1390692590e-04 
6.5395000000e+00 3.1378919860e-04 
6.5390000000e+00 3.1367149640e-04 
6.5385000000e+00 3.1355381920e-04 
6.5380000000e+00 3.1343616700e-04 
6.5375000000e+00 3.1331853990e-04 
6.5370000000e+00 3.1320093780e-04 
6.5365000000e+00 3.1308336080e-04 
6.5360000000e+00 3.1296580870e-04 
6.5355000000e+00 3.1284828170e-04 
6.5350000000e+00 3.1273077970e-04 
6.5345000000e+00 3.1261330270e-04 
6.5340000000e+00 3.1249585070e-04 
6.5335000000e+00 3.1237842360e-04 
6.5330000000e+00 3.1226102160e-04 
6.5325000000e+00 3.1214364450e-04 
6.5320000000e+00 3.1202629240e-04 
6.5315000000e+00 3.1190896520e-04 
6.5310000000e+00 3.1179166300e-04 
6.5305000000e+00 3.1167438570e-04 
6.5300000000e+00 3.1155713340e-04 
6.5295000000e+00 3.1143990600e-04 
6.5290000000e+00 3.1132270360e-04 
6.5285000000e+00 3.1120552600e-04 
6.5280000000e+00 3.1108837340e-04 
6.5275000000e+00 3.1097124570e-04 
6.5270000000e+00 3.1085414290e-04 
6.5265000000e+00 3.1073706500e-04 
6.5260000000e+00 3.1062001190e-04 
6.5255000000e+00 3.1050298380e-04 
6.5250000000e+00 3.1038598050e-04 
6.5245000000e+00 3.1026900210e-04 
6.5240000000e+00 3.1015204860e-04 
6.5235000000e+00 3.1003511990e-04 
6.5230000000e+00 3.0991821610e-04 
6.5225000000e+00 3.0980133710e-04 
6.5220000000e+00 3.0968448290e-04 
6.5215000000e+00 3.0956765360e-04 
6.5210000000e+00 3.0945084910e-04 
6.5205000000e+00 3.0933406950e-04 
6.5200000000e+00 3.0921731470e-04 
6.5195000000e+00 3.0910058480e-04 
6.5190000000e+00 3.0898387960e-04 
6.5185000000e+00 3.0886719920e-04 
6.5180000000e+00 3.0875054360e-04 
6.5175000000e+00 3.0863391280e-04 
6.5170000000e+00 3.0851730680e-04 
6.5165000000e+00 3.0840072550e-04 
6.5160000000e+00 3.0828416910e-04 
6.5155000000e+00 3.0816763750e-04 
6.5150000000e+00 3.0805113060e-04 
6.5145000000e+00 3.0793464840e-04 
6.5140000000e+00 3.0781819090e-04 
6.5135000000e+00 3.0770175810e-04 
6.5130000000e+00 3.0758535010e-04 
6.5125000000e+00 3.0746896670e-04 
6.5120000000e+00 3.0735260810e-04 
6.5115000000e+00 3.0723627410e-04 
6.5110000000e+00 3.0711996490e-04 
6.5105000000e+00 3.0700368030e-04 
6.5100000000e+00 3.0688742030e-04 
6.5095000000e+00 3.0677118510e-04 
6.5090000000e+00 3.0665497450e-04 
6.5085000000e+00 3.0653878860e-04 
6.5080000000e+00 3.0642262730e-04 
6.5075000000e+00 3.0630649070e-04 
6.5070000000e+00 3.0619037870e-04 
6.5065000000e+00 3.0607429140e-04 
6.5060000000e+00 3.0595822870e-04 
6.5055000000e+00 3.0584219060e-04 
6.5050000000e+00 3.0572617720e-04 
6.5045000000e+00 3.0561018840e-04 
6.5040000000e+00 3.0549422420e-04 
6.5035000000e+00 3.0537828450e-04 
6.5030000000e+00 3.0526236950e-04 
6.5025000000e+00 3.0514647910e-04 
6.5020000000e+00 3.0503061320e-04 
6.5015000000e+00 3.0491477200e-04 
6.5010000000e+00 3.0479895530e-04 
6.5005000000e+00 3.0468316310e-04 
6.5000000000e+00 3.0456739560e-04 
6.4500000000e+00 2.9311456830e-04 
6.4000000000e+00 2.8189300240e-04 
6.3500000000e+00 2.7091332620e-04 
6.3000000000e+00 2.6017448710e-04 
6.2500000000e+00 2.4960492870e-04 
6.2000000000e+00 2.3927523210e-04 
6.1500000000e+00 2.2922492330e-04 
6.1000000000e+00 2.1941545330e-04 
6.0500000000e+00 2.0982133820e-04 
6.0000000000e+00 2.0018719870e-04 
5.9500000000e+00 1.9079416030e-04 
5.9000000000e+00 1.8174446870e-04 
5.8500000000e+00 1.7297277060e-04 
5.8000000000e+00 1.6446363080e-04 
5.7500000000e+00 1.5629170500e-04 
5.7000000000e+00 1.4847376420e-04 
5.6500000000e+00 1.4095078910e-04 
5.6000000000e+00 1.3370856500e-04 
5.5500000000e+00 1.2672163590e-04 
5.5000000000e+00 1.1999450050e-04 
5.4500000000e+00 1.1352154010e-04 
5.4000000000e+00 1.0727846370e-04 
5.3500000000e+00 1.0127440160e-04 
5.3000000000e+00 9.5459795040e-05 
5.2500000000e+00 8.9814422400e-05 
5.2000000000e+00 8.4440025260e-05 
5.1500000000e+00 7.9306134340e-05 
5.1000000000e+00 7.4396335880e-05 
5.0500000000e+00 6.9695917120e-05 
5.0000000000e+00 6.5189111640e-05 
4.9900000000e+00 6.4311833730e-05 
4.9800000000e+00 6.3442428910e-05 
4.9700000000e+00 6.2580437400e-05 
4.9600000000e+00 6.1726087770e-05 
4.9500000000e+00 6.0879415650e-05 
4.9400000000e+00 6.0040157080e-05 
4.9300000000e+00 5.9208646040e-05 
4.9200000000e+00 5.8384620030e-05 
4.9100000000e+00 5.7568025110e-05 
4.9000000000e+00 5.6758484550e-05 
4.8900000000e+00 5.5956271290e-05 
4.8800000000e+00 5.5161393260e-05 
4.8700000000e+00 5.4372376800e-05 
4.8600000000e+00 5.3590633110e-05 
4.8500000000e+00 5.2816355810e-05 
4.8400000000e+00 5.2049537130e-05 
4.8300000000e+00 5.1289896770e-05 
4.8200000000e+00 5.0537382220e-05 
4.8100000000e+00 4.9791377380e-05 
4.8000000000e+00 4.9052416180e-05 
4.7900000000e+00 4.8320453830e-05 
4.7800000000e+00 4.7595434290e-05 
4.7700000000e+00 4.6877552480e-05 
4.7600000000e+00 4.6167170130e-05 
4.7500000000e+00 4.5463678270e-05 
4.7400000000e+00 4.4767009750e-05 
4.7300000000e+00 4.4076629380e-05 
4.7200000000e+00 4.3392984900e-05 
4.7100000000e+00 4.2716021850e-05 
4.7000000000e+00 4.2044670930e-05 
4.6900000000e+00 4.1378868530e-05 
4.6800000000e+00 4.0719706550e-05 
4.6700000000e+00 4.0067131310e-05 
4.6600000000e+00 3.9420201610e-05 
4.6500000000e+00 3.8778459400e-05 
4.6400000000e+00 3.8142752100e-05 
4.6300000000e+00 3.7513063750e-05 
4.6200000000e+00 3.6889829810e-05 
4.6100000000e+00 3.6273297050e-05 
4.6000000000e+00 3.5663427380e-05 
4.5900000000e+00 3.5060131650e-05 
4.5800000000e+00 3.4463359440e-05 
4.5700000000e+00 3.3873562440e-05 
4.5600000000e+00 3.3290023750e-05 
4.5500000000e+00 3.2712684800e-05 
4.5400000000e+00 3.2141482590e-05 
4.5300000000e+00 3.1576655060e-05 
4.5200000000e+00 3.1018014440e-05 
4.5100000000e+00 3.0465434890e-05 
4.5000000000e+00 2.9918810070e-05 
4.4900000000e+00 2.9378002070e-05 
4.4800000000e+00 2.8842943510e-05 
4.4700000000e+00 2.8313557450e-05 
4.4600000000e+00 2.7789807830e-05 
4.4500000000e+00 2.7271663920e-05 
4.4400000000e+00 2.6759080350e-05 
4.4300000000e+00 2.6252006180e-05 
4.4200000000e+00 2.5750280040e-05 
4.4100000000e+00 2.5253791070e-05 
4.4000000000e+00 2.4762699470e-05 
4.3900000000e+00 2.4276959340e-05 
4.3800000000e+00 2.3796527550e-05 
4.3700000000e+00 2.3321358570e-05 
4.3600000000e+00 2.2851407470e-05 
4.3500000000e+00 2.2386651210e-05 
4.3400000000e+00 2.1927053330e-05 
4.3300000000e+00 2.1472578440e-05 
4.3200000000e+00 2.1023168710e-05 
4.3100000000e+00 2.0578812210e-05 
4.3000000000e+00 2.0139479490e-05 
4.2900000000e+00 1.9705138620e-05 
4.2800000000e+00 1.9275758480e-05 
4.2700000000e+00 1.8851392300e-05 
4.2600000000e+00 1.8431955020e-05 
4.2500000000e+00 1.8017404130e-05 
4.2400000000e+00 1.7607723290e-05 
4.2300000000e+00 1.7202892260e-05 
4.2200000000e+00 1.6802861310e-05 
4.2100000000e+00 1.6407602620e-05 
4.2000000000e+00 1.6017088460e-05 
4.1900000000e+00 1.5631290070e-05 
4.1800000000e+00 1.5250079070e-05 
4.1700000000e+00 1.4873214020e-05 
4.1600000000e+00 1.4500914140e-05 
4.1500000000e+00 1.4133261050e-05 
4.1400000000e+00 1.3770191190e-05 
4.1300000000e+00 1.3411743880e-05 
4.1200000000e+00 1.3058031700e-05 
4.1100000000e+00 1.2709007030e-05 
4.1000000000e+00 1.2364597740e-05 
4.0900000000e+00 1.2024772440e-05 
4.0800000000e+00 1.1689501540e-05 
4.0700000000e+00 1.1358756450e-05 
4.0600000000e+00 1.1032356080e-05 
4.0500000000e+00 1.0710444920e-05 
4.0400000000e+00 1.0392999830e-05 
4.0300000000e+00 1.0079993870e-05 
4.0200000000e+00 9.7713564780e-06 
4.0100000000e+00 9.4671742810e-06 
4.0000000000e+00 9.1674207870e-06 
3.9900000000e+00 8.8720802080e-06 
3.9800000000e+00 8.5810960800e-06 
3.9700000000e+00 8.2944531700e-06 
3.9600000000e+00 8.0121365400e-06 
3.9500000000e+00 7.7341318310e-06 
3.9400000000e+00 7.4604601390e-06 
3.9300000000e+00 7.1911500760e-06 
3.9200000000e+00 6.9261779220e-06 
3.9100000000e+00 6.6654929610e-06 
3.9000000000e+00 6.4090680270e-06 
3.8900000000e+00 6.1569147170e-06 
3.8800000000e+00 5.9090470380e-06 
3.8700000000e+00 5.6654605020e-06 
3.8600000000e+00 5.4261556760e-06 
3.8500000000e+00 5.1911237870e-06 
3.8400000000e+00 4.9603986610e-06 
3.8300000000e+00 4.7340014660e-06 
3.8200000000e+00 4.5120579140e-06 
3.8100000000e+00 4.2944563020e-06 
3.8000000000e+00 4.0808738910e-06 
3.7900000000e+00 3.8716867600e-06 
3.7800000000e+00 3.6669954300e-06 
3.7700000000e+00 3.4667217240e-06 
3.7600000000e+00 3.2708971130e-06 
3.7500000000e+00 3.0795634770e-06 
3.7400000000e+00 2.8927634700e-06 
3.7300000000e+00 2.7105498600e-06 
3.7200000000e+00 2.5329814180e-06 
3.7100000000e+00 2.3601258810e-06 
3.7000000000e+00 2.1920581000e-06 
3.6900000000e+00 2.0289539590e-06 
3.6800000000e+00 1.8708093500e-06 
3.6700000000e+00 1.7177324390e-06 
3.6600000000e+00 1.5698511330e-06 
3.6500000000e+00 1.4273063980e-06 
3.6400000000e+00 1.2902563230e-06 
3.6300000000e+00 1.1588818670e-06 
3.6200000000e+00 1.0333811220e-06 
3.6100000000e+00 9.1396708920e-07 
3.6000000000e+00 8.0082587960e-07 
3.5900000000e+00 6.9431061680e-07 
3.5800000000e+00 5.9467400750e-07 
3.5700000000e+00 5.0220221330e-07 
3.5600000000e+00 4.1717949820e-07 
3.5500000000e+00 3.3988821820e-07 
3.5400000000e+00 2.7056398840e-07 
3.5300000000e+00 2.0936725710e-07 
3.5200000000e+00 1.5635002000e-07 
3.5100000000e+00 1.1137233020e-07 
3.5000000000e+00 7.4051378130e-08 
3.4900000000e+00 4.3518720220e-08 
3.4800000000e+00 1.5288900720e-08 
3.4700000000e+00 2.6267792980e-12 
3.4600000000e+00 2.5206373530e-12 
3.4500000000e+00 2.4191060780e-12 
3.4400000000e+00 2.3218851420e-12 
3.4300000000e+00 2.2287282110e-12 
3.4200000000e+00 2.1392387800e-12 
3.4100000000e+00 2.0534487330e-12 
3.4000000000e+00 1.9711940050e-12 
3.3900000000e+00 1.8923193610e-12 
3.3800000000e+00 1.8166529870e-12 
3.3700000000e+00 1.7440759040e-12 
3.3600000000e+00 1.6743982200e-12 
3.3500000000e+00 1.6074067440e-12 
3.3495000000e+00 1.6041602370e-12 
3.3490000000e+00 1.6008823130e-12 
3.3485000000e+00 1.5976254260e-12 
3.3480000000e+00 1.5943796580e-12 
3.3475000000e+00 1.5911150390e-12 
3.3470000000e+00 1.5878706300e-12 
3.3465000000e+00 1.5846236670e-12 
3.3460000000e+00 1.5813888780e-12 
3.3455000000e+00 1.5781684590e-12 
3.3450000000e+00 1.5749438230e-12 
3.3445000000e+00 1.5717402450e-12 
3.3440000000e+00 1.5685323500e-12 
3.3435000000e+00 1.5653486520e-12 
3.3430000000e+00 1.5621493650e-12 
3.3425000000e+00 1.5589649840e-12 
3.3420000000e+00 1.5557833990e-12 
3.3415000000e+00 1.5526018960e-12 
3.3410000000e+00 1.5494473180e-12 
3.3405000000e+00 1.5462674510e-12 
3.3400000000e+00 1.5431389500e-12 
3.3395000000e+00 1.5399716940e-12 
3.3390000000e+00 1.5368465140e-12 
3.3385000000e+00 1.5337140180e-12 
3.3380000000e+00 1.5306064770e-12 
3.3375000000e+00 1.5274694850e-12 
3.3370000000e+00 1.5243554690e-12 
3.3365000000e+00 1.5212545100e-12 
3.3360000000e+00 1.5181619120e-12 
3.3355000000e+00 1.5150449910e-12 
3.3350000000e+00 1.5119626470e-12 
3.3345000000e+00 1.5088680980e-12 
3.3340000000e+00 1.5058010310e-12 
3.3335000000e+00 1.5027030700e-12 
3.3330000000e+00 1.4996417850e-12 
3.3325000000e+00 1.4965982770e-12 
3.3320000000e+00 1.4935521840e-12 
3.3315000000e+00 1.4905054920e-12 
3.3310000000e+00 1.4874563250e-12 
3.3305000000e+00 1.4844425930e-12 
3.3300000000e+00 1.4814224210e-12 
3.3295000000e+00 1.4783916350e-12 
3.3290000000e+00 1.4753849080e-12 
3.3285000000e+00 1.4723680950e-12 
3.3280000000e+00 1.4693473570e-12 
3.3275000000e+00 1.4663547590e-12 
3.3270000000e+00 1.4633427870e-12 
3.3265000000e+00 1.4603589590e-12 
3.3260000000e+00 1.4573952360e-12 
3.3255000000e+00 1.4544215450e-12 
3.3250000000e+00 1.4514599230e-12 
3.3245000000e+00 1.4485010770e-12 
3.3240000000e+00 1.4455478310e-12 
3.3235000000e+00 1.4425782540e-12 
3.3230000000e+00 1.4396381970e-12 
3.3225000000e+00 1.4367205590e-12 
3.3220000000e+00 1.4337815850e-12 
3.3215000000e+00 1.4308668110e-12 
3.3210000000e+00 1.4279197410e-12 
3.3205000000e+00 1.4250196600e-12 
3.3200000000e+00 1.4221287580e-12 
3.3195000000e+00 1.4192104770e-12 
3.3190000000e+00 1.4163129630e-12 
3.3185000000e+00 1.4134484360e-12 
3.3180000000e+00 1.4105351280e-12 
3.3175000000e+00 1.4076692230e-12 
3.3170000000e+00 1.4047624790e-12 
3.3165000000e+00 1.4019381280e-12 
3.3160000000e+00 1.3990996760e-12 
3.3155000000e+00 1.3962059800e-12 
3.3150000000e+00 1.3933487290e-12 
3.3145000000e+00 1.3905001510e-12 
3.3140000000e+00 1.3876714230e-12 
3.3135000000e+00 1.3848478210e-12 
3.3130000000e+00 1.3820332110e-12 
3.3125000000e+00 1.3792007580e-12 
3.3120000000e+00 1.3763738730e-12 
3.3115000000e+00 1.3735491480e-12 
3.3110000000e+00 1.3707334350e-12 
3.3105000000e+00 1.3679515930e-12 
3.3100000000e+00 1.3651337570e-12 
3.3095000000e+00 1.3623496920e-12 
3.3090000000e+00 1.3595571030e-12 
3.3085000000e+00 1.3567887850e-12 
3.3080000000e+00 1.3540139320e-12 
3.3075000000e+00 1.3512307720e-12 
3.3070000000e+00 1.3484236410e-12 
3.3065000000e+00 1.3456717010e-12 
3.3060000000e+00 1.3429311980e-12 
3.3055000000e+00 1.3402169620e-12 
3.3050000000e+00 1.3374394980e-12 
3.3045000000e+00 1.3346795330e-12 
3.3040000000e+00 1.3319717410e-12 
3.3035000000e+00 1.3292228670e-12 
3.3030000000e+00 1.3265108190e-12 
3.3025000000e+00 1.3237693880e-12 
3.3020000000e+00 1.3210851520e-12 
3.3015000000e+00 1.3183961830e-12 
3.3010000000e+00 1.3156670820e-12 
3.3005000000e+00 1.3129735650e-12 
3.3000000000e+00 1.3103037220e-12 
3.2995000000e+00 1.3076106710e-12 
3.2990000000e+00 1.3049557160e-12 
3.2985000000e+00 1.3022518660e-12 
3.2980000000e+00 1.2995895620e-12 
3.2975000000e+00 1.2969275560e-12 
3.2970000000e+00 1.2942487570e-12 
3.2965000000e+00 1.2916075750e-12 
3.2960000000e+00 1.2889460110e-12 
3.2955000000e+00 1.2862664610e-12 
3.2950000000e+00 1.2836652350e-12 
3.2945000000e+00 1.2810139890e-12 
3.2940000000e+00 1.2783736100e-12 
3.2935000000e+00 1.2757600780e-12 
3.2930000000e+00 1.2731223270e-12 
3.2925000000e+00 1.2705004600e-12 
3.2920000000e+00 1.2678959440e-12 
3.2915000000e+00 1.2652776570e-12 
3.2910000000e+00 1.2626905080e-12 
3.2905000000e+00 1.2600883410e-12 
3.2900000000e+00 1.2575041560e-12 
3.2895000000e+00 1.2549175930e-12 
3.2890000000e+00 1.2523560150e-12 
3.2885000000e+00 1.2497612530e-12 
3.2880000000e+00 1.2471771730e-12 
3.2875000000e+00 1.2446106670e-12 
3.2870000000e+00 1.2420390780e-12 
3.2865000000e+00 1.2395095270e-12 
3.2860000000e+00 1.2369733920e-12 
3.2855000000e+00 1.2344369050e-12 
3.2850000000e+00 1.2319103010e-12 
3.2845000000e+00 1.2293942090e-12 
3.2840000000e+00 1.2268791260e-12 
3.2835000000e+00 1.2243698600e-12 
3.2830000000e+00 1.2218229660e-12 
3.2825000000e+00 1.2193337950e-12 
3.2820000000e+00 1.2168632890e-12 
3.2815000000e+00 1.2143438840e-12 
3.2810000000e+00 1.2118599620e-12 
3.2805000000e+00 1.2093792550e-12 
3.2800000000e+00 1.2068997810e-12 
3.2795000000e+00 1.2044261760e-12 
3.2790000000e+00 1.2019727630e-12 
3.2785000000e+00 1.1994822730e-12 
3.2780000000e+00 1.1970225890e-12 
3.2775000000e+00 1.1945641580e-12 
3.2770000000e+00 1.1921176330e-12 
3.2765000000e+00 1.1896616080e-12 
3.2760000000e+00 1.1872198950e-12 
3.2755000000e+00 1.1847644040e-12 
3.2750000000e+00 1.1823549750e-12 
3.2745000000e+00 1.1799048270e-12 
3.2740000000e+00 1.1774740100e-12 
3.2735000000e+00 1.1751141160e-12 
3.2730000000e+00 1.1726545040e-12 
3.2725000000e+00 1.1702414840e-12 
3.2720000000e+00 1.1678260810e-12 
3.2715000000e+00 1.1654090260e-12 
3.2710000000e+00 1.1630227990e-12 
3.2705000000e+00 1.1606422350e-12 
3.2700000000e+00 1.1582381980e-12 
3.2695000000e+00 1.1558546550e-12 
3.2690000000e+00 1.1534664410e-12 
3.2685000000e+00 1.1511003950e-12 
3.2680000000e+00 1.1487234150e-12 
3.2675000000e+00 1.1463500170e-12 
3.2670000000e+00 1.1439939900e-12 
3.2665000000e+00 1.1416448910e-12 
3.2660000000e+00 1.1393051230e-12 
3.2655000000e+00 1.1369260220e-12 
3.2650000000e+00 1.1345987610e-12 
3.2645000000e+00 1.1322467910e-12 
3.2640000000e+00 1.1299550170e-12 
3.2635000000e+00 1.1276169210e-12 
3.2630000000e+00 1.1252850320e-12 
3.2625000000e+00 1.1229868190e-12 
3.2620000000e+00 1.1206459430e-12 
3.2615000000e+00 1.1183392680e-12 
3.2610000000e+00 1.1160501900e-12 
3.2605000000e+00 1.1137404880e-12 
3.2600000000e+00 1.1114488050e-12 
3.2595000000e+00 1.1091253280e-12 
3.2590000000e+00 1.1068552740e-12 
3.2585000000e+00 1.1045631420e-12 
3.2580000000e+00 1.1022798010e-12 
3.2575000000e+00 1.1000090170e-12 
3.2570000000e+00 1.0977445650e-12 
3.2565000000e+00 1.0954680660e-12 
3.2560000000e+00 1.0932331990e-12 
3.2555000000e+00 1.0909533930e-12 
3.2550000000e+00 1.0887209660e-12 
3.2545000000e+00 1.0864283550e-12 
3.2540000000e+00 1.0842002530e-12 
3.2535000000e+00 1.0819575020e-12 
3.2530000000e+00 1.0797067880e-12 
3.2525000000e+00 1.0774885280e-12 
3.2520000000e+00 1.0752363030e-12 
3.2515000000e+00 1.0730030630e-12 
3.2510000000e+00 1.0707736650e-12 
3.2505000000e+00 1.0685895730e-12 
3.2500000000e+00 1.0663844720e-12 
3.2495000000e+00 1.0642017030e-12 
3.2490000000e+00 1.0619663890e-12 
3.2485000000e+00 1.0597665700e-12 
3.2480000000e+00 1.0575663210e-12 
3.2475000000e+00 1.0553711780e-12 
3.2470000000e+00 1.0532089240e-12 
3.2465000000e+00 1.0510027880e-12 
3.2460000000e+00 1.0488530520e-12 
3.2455000000e+00 1.0466527670e-12 
3.2450000000e+00 1.0444923710e-12 
3.2445000000e+00 1.0423398060e-12 
3.2440000000e+00 1.0402021750e-12 
3.2435000000e+00 1.0380585930e-12 
3.2430000000e+00 1.0358927690e-12 
3.2425000000e+00 1.0337258000e-12 
3.2420000000e+00 1.0315761730e-12 
3.2415000000e+00 1.0294410690e-12 
3.2410000000e+00 1.0272994990e-12 
3.2405000000e+00 1.0251792420e-12 
3.2400000000e+00 1.0230677700e-12 
3.2395000000e+00 1.0209397050e-12 
3.2390000000e+00 1.0188096700e-12 
3.2385000000e+00 1.0166919740e-12 
3.2380000000e+00 1.0145795160e-12 
3.2375000000e+00 1.0124988240e-12 
3.2370000000e+00 1.0103797210e-12 
3.2365000000e+00 1.0082718130e-12 
3.2360000000e+00 1.0062041350e-12 
3.2355000000e+00 1.0041072390e-12 
3.2350000000e+00 1.0020191410e-12 
3.2345000000e+00 9.9993994590e-13 
3.2340000000e+00 9.9787529560e-13 
3.2335000000e+00 9.9580096250e-13 
3.2330000000e+00 9.9369731470e-13 
3.2325000000e+00 9.9164758080e-13 
3.2320000000e+00 9.8959923840e-13 
3.2315000000e+00 9.8751051540e-13 
3.2310000000e+00 9.8549326090e-13 
3.2305000000e+00 9.8342904960e-13 
3.2300000000e+00 9.8140362210e-13 
3.2295000000e+00 9.7935870620e-13 
3.2290000000e+00 9.7730798490e-13 
3.2285000000e+00 9.7527620990e-13 
3.2280000000e+00 9.7325137210e-13 
3.2275000000e+00 9.7122208800e-13 
3.2270000000e+00 9.6919911270e-13 
3.2265000000e+00 9.6718276550e-13 
3.2260000000e+00 9.6515466760e-13 
3.2255000000e+00 9.6313111180e-13 
3.2250000000e+00 9.6114572680e-13 
3.2245000000e+00 9.5914953500e-13 
3.2240000000e+00 9.5713491410e-13 
3.2235000000e+00 9.5513465730e-13 
3.2230000000e+00 9.5315283890e-13 
3.2225000000e+00 9.5116711150e-13 
3.2220000000e+00 9.4917987840e-13 
3.2215000000e+00 9.4721213200e-13 
3.2210000000e+00 9.4524298690e-13 
3.2205000000e+00 9.4326429880e-13 
3.2200000000e+00 9.4131617110e-13 
3.2195000000e+00 9.3933312570e-13 
3.2190000000e+00 9.3739035570e-13 
3.2185000000e+00 9.3542060750e-13 
3.2180000000e+00 9.3348288700e-13 
3.2175000000e+00 9.3153636230e-13 
3.2170000000e+00 9.2959294000e-13 
3.2165000000e+00 9.2766076710e-13 
3.2160000000e+00 9.2570423340e-13 
3.2155000000e+00 9.2375331230e-13 
3.2150000000e+00 9.2185635750e-13 
3.2145000000e+00 9.1992408030e-13 
3.2140000000e+00 9.1800222350e-13 
3.2135000000e+00 9.1608180710e-13 
3.2130000000e+00 9.1416210140e-13 
3.2125000000e+00 9.1227454200e-13 
3.2120000000e+00 9.1033610590e-13 
3.2115000000e+00 9.0842919210e-13 
3.2110000000e+00 9.0652487370e-13 
3.2105000000e+00 9.0464247220e-13 
3.2100000000e+00 9.0274773490e-13 
3.2095000000e+00 9.0086436930e-13 
3.2090000000e+00 8.9895968910e-13 
3.2085000000e+00 8.9708183910e-13 
3.2080000000e+00 8.9522465900e-13 
3.2075000000e+00 8.9333499380e-13 
3.2070000000e+00 8.9144803860e-13 
3.2065000000e+00 8.8958708310e-13 
3.2060000000e+00 8.8772925770e-13 
3.2055000000e+00 8.8587341500e-13 
3.2050000000e+00 8.8401161930e-13 
3.2045000000e+00 8.8215995440e-13 
3.2040000000e+00 8.8030557640e-13 
3.2035000000e+00 8.7847323700e-13 
3.2030000000e+00 8.7662795250e-13 
3.2025000000e+00 8.7477922750e-13 
3.2020000000e+00 8.7297792190e-13 
3.2015000000e+00 8.7112273720e-13 
3.2010000000e+00 8.6926390680e-13 
3.2005000000e+00 8.6745667670e-13 
3.2000000000e+00 8.6564642990e-13 
3.1995000000e+00 8.6385029450e-13 
3.1990000000e+00 8.6203997050e-13 
3.1985000000e+00 8.6020961090e-13 
3.1980000000e+00 8.5837195750e-13 
3.1975000000e+00 8.5659457960e-13 
3.1970000000e+00 8.5477586530e-13 
3.1965000000e+00 8.5300876100e-13 
3.1960000000e+00 8.5120203400e-13 
3.1955000000e+00 8.4941182820e-13 
3.1950000000e+00 8.4761424200e-13 
3.1945000000e+00 8.4582441950e-13 
3.1940000000e+00 8.4404800090e-13 
3.1935000000e+00 8.4226128130e-13 
3.1930000000e+00 8.4047512270e-13 
3.1925000000e+00 8.3868430450e-13 
3.1920000000e+00 8.3692182860e-13 
3.1915000000e+00 8.3515803720e-13 
3.1910000000e+00 8.3339951070e-13 
3.1905000000e+00 8.3162901870e-13 
3.1900000000e+00 8.2988509800e-13 
3.1895000000e+00 8.2812336570e-13 
3.1890000000e+00 8.2638308970e-13 
3.1885000000e+00 8.2464119140e-13 
3.1880000000e+00 8.2288033610e-13 
3.1875000000e+00 8.2115107020e-13 
3.1870000000e+00 8.1939533020e-13 
3.1865000000e+00 8.1770240720e-13 
3.1860000000e+00 8.1595084700e-13 
3.1855000000e+00 8.1422889630e-13 
3.1850000000e+00 8.1250783710e-13 
3.1845000000e+00 8.1077472090e-13 
3.1840000000e+00 8.0904803340e-13 
3.1835000000e+00 8.0734081830e-13 
3.1830000000e+00 8.0563006440e-13 
3.1825000000e+00 8.0393013570e-13 
3.1820000000e+00 8.0219644040e-13 
3.1815000000e+00 8.0049780060e-13 
3.1810000000e+00 7.9878962450e-13 
3.1805000000e+00 7.9706951120e-13 
3.1800000000e+00 7.9538424760e-13 
3.1795000000e+00 7.9370146050e-13 
3.1790000000e+00 7.9199264070e-13 
3.1785000000e+00 7.9032671490e-13 
3.1780000000e+00 7.8863517610e-13 
3.1775000000e+00 7.8696846640e-13 
3.1770000000e+00 7.8526089840e-13 
3.1765000000e+00 7.8360949130e-13 
3.1760000000e+00 7.8195148200e-13 
3.1755000000e+00 7.8026556700e-13 
3.1750000000e+00 7.7861597360e-13 
3.1745000000e+00 7.7695194830e-13 
3.1740000000e+00 7.7529688510e-13 
3.1735000000e+00 7.7363773090e-13 
3.1730000000e+00 7.7196373000e-13 
3.1725000000e+00 7.7034955280e-13 
3.1720000000e+00 7.6870768560e-13 
3.1715000000e+00 7.6706716170e-13 
3.1710000000e+00 7.6542808650e-13 
3.1705000000e+00 7.6376926110e-13 
3.1700000000e+00 7.6214154510e-13 
3.1695000000e+00 7.6049784040e-13 
3.1690000000e+00 7.5890049420e-13 
3.1685000000e+00 7.5727786660e-13 
3.1680000000e+00 7.5566703220e-13 
3.1675000000e+00 7.5402486120e-13 
3.1670000000e+00 7.5242915690e-13 
3.1665000000e+00 7.5080117800e-13 
3.1660000000e+00 7.4919658790e-13 
3.1655000000e+00 7.4756609410e-13 
3.1650000000e+00 7.4598948560e-13 
3.1645000000e+00 7.4440138820e-13 
3.1640000000e+00 7.4279971440e-13 
3.1635000000e+00 7.4118101860e-13 
3.1630000000e+00 7.3960461970e-13 
3.1625000000e+00 7.3800712790e-13 
3.1620000000e+00 7.3643679200e-13 
3.1615000000e+00 7.3484818470e-13 
3.1610000000e+00 7.3327754510e-13 
3.1605000000e+00 7.3168268320e-13 
3.1600000000e+00 7.3013816490e-13 
3.1595000000e+00 7.2856013160e-13 
3.1590000000e+00 7.2701531680e-13 
3.1585000000e+00 7.2543155830e-13 
3.1580000000e+00 7.2387485850e-13 
3.1575000000e+00 7.2230856240e-13 
3.1570000000e+00 7.2077444400e-13 
3.1565000000e+00 7.1919240430e-13 
3.1560000000e+00 7.1768588370e-13 
3.1555000000e+00 7.1613133900e-13 
3.1550000000e+00 7.1461252630e-13 
3.1545000000e+00 7.1304005200e-13 
3.1540000000e+00 7.1152409360e-13 
3.1535000000e+00 7.0997316880e-13 
3.1530000000e+00 7.0847009360e-13 
3.1525000000e+00 7.0691795540e-13 
3.1520000000e+00 7.0542515610e-13 
3.1515000000e+00 7.0391211900e-13 
3.1510000000e+00 7.0238103800e-13 
3.1505000000e+00 7.0085969300e-13 
3.1500000000e+00 6.9932688510e-13 
3.1400000000e+00 6.6974055410e-13 
3.1300000000e+00 6.4115918690e-13 
3.1200000000e+00 6.1361409160e-13 
3.1100000000e+00 5.8719630950e-13 
3.1000000000e+00 5.6173153200e-13 
3.0900000000e+00 5.3725771090e-13 
3.0800000000e+00 5.1375579210e-13 
3.0700000000e+00 4.9108068630e-13 
3.0600000000e+00 4.6945303500e-13 
3.0500000000e+00 4.4922406110e-13 
3.0400000000e+00 4.2965446160e-13 
3.0300000000e+00 4.1088979510e-13 
3.0200000000e+00 3.9271330430e-13 
3.0100000000e+00 3.7529558640e-13 
3.0000000000e+00 3.5850055320e-13 
2.9500000000e+00 2.8568108710e-13 
2.9000000000e+00 2.2735157530e-13 
2.8500000000e+00 1.7973182280e-13 
2.8000000000e+00 1.4094263930e-13 
2.7500000000e+00 1.1122751690e-13 
2.7000000000e+00 8.8577830960e-14 
2.6500000000e+00 7.1612597440e-14 
2.6000000000e+00 5.8612121630e-14 
2.5500000000e+00 4.8575582080e-14 
2.5000000000e+00 4.0902381640e-14 
2.4500000000e+00 3.4796070220e-14 
2.4000000000e+00 2.9851966660e-14 
2.3500000000e+00 2.5773878390e-14 
2.3000000000e+00 2.2360291480e-14 
2.2500000000e+00 1.9442926280e-14 
2.2000000000e+00 1.7059547920e-14 
2.1500000000e+00 1.5078156170e-14 
2.1000000000e+00 1.3459045920e-14 
2.0500000000e+00 1.2118850020e-14 
2.0000000000e+00 1.1073584430e-14 
1.9500000000e+00 1.0199768140e-14 
1.9000000000e+00 9.3937626190e-15 
1.8500000000e+00 8.6725032830e-15 
1.8000000000e+00 8.0561057390e-15 
1.7500000000e+00 7.4570201900e-15 
1.7000000000e+00 6.8898561110e-15 
1.6500000000e+00 6.3944621160e-15 
1.6000000000e+00 5.8693178960e-15 
1.5500000000e+00 5.4208194980e-15 
1.5000000000e+00 4.9959133720e-15 
1.4500000000e+00 4.5693796780e-15 
1.4000000000e+00 4.1806137770e-15 
1.3500000000e+00 3.8003604170e-15 
1.3000000000e+00 3.4656433440e-15 
1.2500000000e+00 3.1361055500e-15 
1.2000000000e+00 2.8618391520e-15 
1.1500000000e+00 2.6343533720e-15 
1.1000000000e+00 2.4328569850e-15 
1.0500000000e+00 2.2489158390e-15 
1.0000000000e+00 2.0742691680e-15 
9.5000000000e-01 1.9135111690e-15 
9.0000000000e-01 1.7682571490e-15 
8.5000000000e-01 1.6528061160e-15 
8.0000000000e-01 1.5134163810e-15 
7.5000000000e-01 1.4024984180e-15 
7.0000000000e-01 1.3245039670e-15 
6.5000000000e-01 1.2177000070e-15 
6.0000000000e-01 1.1257115350e-15 
5.5000000000e-01 1.0178168460e-15 
5.0000000000e-01 9.3505813130e-16 
4.5000000000e-01 8.2800436520e-16 
4.0000000000e-01 7.0049878150e-16 
3.5000000000e-01 6.0386937330e-16 
3.0000000000e-01 5.3226927200e-16 
2.5000000000e-01 4.7683173840e-16 
2.0000000000e-01 3.4867960440e-16 
1.5000000000e-01 2.4867851480e-16 
1.0000000000e-01 1.7596041170e-16 
5.0000000000e-02 9.7784976530e-17 
1.0711414300e-14 9.6410619800e-18 
