EXPORTED XY-GRAPH DATA
1498 2 2
Drain Voltage
Drain Current
0.0000000000e+00 1.2211746960e-18 
5.0000000000e-02 8.9900234660e-17 
1.0000000000e-01 1.6983144660e-16 
1.5000000000e-01 2.3661647720e-16 
2.0000000000e-01 3.2968584900e-16 
2.5000000000e-01 4.3804798040e-16 
3.0000000000e-01 4.6299115360e-16 
3.5000000000e-01 5.5665104380e-16 
4.0000000000e-01 6.5405066810e-16 
4.5000000000e-01 8.2086544770e-16 
5.0000000000e-01 8.7590583850e-16 
5.5000000000e-01 9.6411981150e-16 
6.0000000000e-01 1.0574156630e-15 
6.5000000000e-01 1.1596527940e-15 
7.0000000000e-01 1.2740302950e-15 
7.5000000000e-01 1.3357548770e-15 
8.0000000000e-01 1.4598296000e-15 
8.5000000000e-01 1.5487514880e-15 
9.0000000000e-01 1.6428246840e-15 
9.5000000000e-01 1.7792021910e-15 
1.0000000000e+00 1.9273460020e-15 
1.0500000000e+00 2.0612646100e-15 
1.1000000000e+00 2.2251649600e-15 
1.1500000000e+00 2.3907655900e-15 
1.2000000000e+00 2.5975103630e-15 
1.2500000000e+00 2.8616566640e-15 
1.3000000000e+00 3.1287571710e-15 
1.3500000000e+00 3.4335221240e-15 
1.4000000000e+00 3.7707400250e-15 
1.4500000000e+00 4.1328015210e-15 
1.5000000000e+00 4.4886170740e-15 
1.5500000000e+00 4.9062204140e-15 
1.6000000000e+00 5.3209686590e-15 
1.6500000000e+00 5.7953083570e-15 
1.7000000000e+00 6.2536826040e-15 
1.7500000000e+00 6.7655957530e-15 
1.8000000000e+00 7.3136678260e-15 
1.8500000000e+00 7.8936851910e-15 
1.9000000000e+00 8.5537626400e-15 
1.9500000000e+00 9.3334217460e-15 
2.0000000000e+00 1.0114455890e-14 
2.0500000000e+00 1.1033232820e-14 
2.1000000000e+00 1.2205308670e-14 
2.1500000000e+00 1.3620043850e-14 
2.2000000000e+00 1.5340722930e-14 
2.2500000000e+00 1.7446359400e-14 
2.3000000000e+00 2.0049048150e-14 
2.3500000000e+00 2.3077224470e-14 
2.4000000000e+00 2.6736806130e-14 
2.4500000000e+00 3.1097101760e-14 
2.5000000000e+00 3.6466609580e-14 
2.5500000000e+00 4.3141304760e-14 
2.6000000000e+00 5.1662341060e-14 
2.6500000000e+00 6.2771102060e-14 
2.7000000000e+00 7.7347393220e-14 
2.7500000000e+00 9.6570992270e-14 
2.8000000000e+00 1.2197691960e-13 
2.8500000000e+00 1.5523925210e-13 
2.9000000000e+00 1.9766240980e-13 
2.9500000000e+00 2.4855199600e-13 
3.0000000000e+00 3.1107849610e-13 
3.0500000000e+00 3.8989360940e-13 
3.1000000000e+00 4.8655728720e-13 
3.1500000000e+00 6.0518574240e-13 
3.2000000000e+00 7.4783603220e-13 
3.2500000000e+00 9.1916578330e-13 
3.3000000000e+00 1.1242499320e-12 
3.3500000000e+00 1.3719613290e-12 
3.4000000000e+00 1.6718399730e-12 
3.4500000000e+00 2.0366250600e-12 
3.5000000000e+00 2.4830483900e-12 
3.5500000000e+00 3.0327356810e-12 
3.6000000000e+00 3.7196307220e-12 
3.6100000000e+00 3.8772981810e-12 
3.6200000000e+00 4.0427310710e-12 
3.6300000000e+00 4.2165458090e-12 
3.6400000000e+00 4.3992597270e-12 
3.6500000000e+00 4.5915209070e-12 
3.6600000000e+00 4.7940987210e-12 
3.6700000000e+00 5.0079254280e-12 
3.6800000000e+00 5.2338717890e-12 
3.6900000000e+00 5.4730293400e-12 
3.7000000000e+00 5.7265787420e-12 
3.7005000000e+00 5.7396633240e-12 
3.7010000000e+00 5.7527891420e-12 
3.7015000000e+00 5.7659748330e-12 
3.7020000000e+00 5.7791409900e-12 
3.7025000000e+00 5.7923865790e-12 
3.7030000000e+00 5.8056766810e-12 
3.7035000000e+00 5.8190236830e-12 
3.7040000000e+00 5.8323531930e-12 
3.7045000000e+00 5.8457892360e-12 
3.7050000000e+00 5.8592284900e-12 
3.7055000000e+00 5.8727077800e-12 
3.7060000000e+00 5.8862461780e-12 
3.7065000000e+00 5.8998405090e-12 
3.7070000000e+00 5.9134271350e-12 
3.7075000000e+00 5.9270660620e-12 
3.7080000000e+00 5.9407545360e-12 
3.7085000000e+00 5.9545267690e-12 
3.7090000000e+00 5.9683120170e-12 
3.7095000000e+00 5.9821239210e-12 
3.7100000000e+00 5.9960311540e-12 
3.7105000000e+00 6.0099048210e-12 
3.7110000000e+00 6.0238268830e-12 
3.7115000000e+00 6.0377808850e-12 
3.7120000000e+00 6.0518077170e-12 
3.7125000000e+00 6.0658936540e-12 
3.7130000000e+00 6.0799823650e-12 
3.7135000000e+00 6.0941403270e-12 
3.7140000000e+00 6.1083264530e-12 
3.7145000000e+00 6.1225936470e-12 
3.7150000000e+00 6.1368730400e-12 
3.7155000000e+00 6.1512133580e-12 
3.7160000000e+00 6.1655981580e-12 
3.7165000000e+00 6.1799825930e-12 
3.7170000000e+00 6.1944771040e-12 
3.7175000000e+00 6.2090015440e-12 
3.7180000000e+00 6.2235800950e-12 
3.7185000000e+00 6.2382192870e-12 
3.7190000000e+00 6.2528347950e-12 
3.7195000000e+00 6.2675502190e-12 
3.7200000000e+00 6.2823006550e-12 
3.7205000000e+00 6.2970766570e-12 
3.7210000000e+00 6.3119561840e-12 
3.7215000000e+00 6.3268290110e-12 
3.7220000000e+00 6.3418034870e-12 
3.7225000000e+00 6.3568171110e-12 
3.7230000000e+00 6.3718559400e-12 
3.7235000000e+00 6.3869083320e-12 
3.7240000000e+00 6.4020627930e-12 
3.7245000000e+00 6.4172722750e-12 
3.7250000000e+00 6.4325242970e-12 
3.7255000000e+00 6.4478026180e-12 
3.7260000000e+00 6.4631519870e-12 
3.7265000000e+00 6.4785754820e-12 
3.7270000000e+00 6.4940196820e-12 
3.7275000000e+00 6.5095008230e-12 
3.7280000000e+00 6.5250622930e-12 
3.7285000000e+00 6.5406792850e-12 
3.7290000000e+00 6.5563645870e-12 
3.7295000000e+00 6.5720569440e-12 
3.7300000000e+00 6.5877978630e-12 
3.7305000000e+00 6.6036445150e-12 
3.7310000000e+00 6.6194867680e-12 
3.7315000000e+00 6.6354340080e-12 
3.7320000000e+00 6.6513843540e-12 
3.7325000000e+00 6.6674293330e-12 
3.7330000000e+00 6.6834976610e-12 
3.7335000000e+00 6.6996400310e-12 
3.7340000000e+00 6.7158635860e-12 
3.7345000000e+00 6.7321343240e-12 
3.7350000000e+00 6.7484546880e-12 
3.7355000000e+00 6.7647707270e-12 
3.7360000000e+00 6.7811980890e-12 
3.7365000000e+00 6.7976807330e-12 
3.7370000000e+00 6.8142390620e-12 
3.7375000000e+00 6.8308105610e-12 
3.7380000000e+00 6.8475051290e-12 
3.7385000000e+00 6.8641995750e-12 
3.7390000000e+00 6.8809481360e-12 
3.7395000000e+00 6.8977837440e-12 
3.7400000000e+00 6.9147102990e-12 
3.7405000000e+00 6.9316393820e-12 
3.7410000000e+00 6.9486217810e-12 
3.7415000000e+00 6.9656757010e-12 
3.7420000000e+00 6.9828217490e-12 
3.7425000000e+00 7.0000014760e-12 
3.7430000000e+00 7.0172763190e-12 
3.7435000000e+00 7.0346070440e-12 
3.7440000000e+00 7.0519502040e-12 
3.7445000000e+00 7.0694086610e-12 
3.7450000000e+00 7.0868818370e-12 
3.7455000000e+00 7.1044582170e-12 
3.7460000000e+00 7.1220967850e-12 
3.7465000000e+00 7.1397781450e-12 
3.7470000000e+00 7.1575605970e-12 
3.7475000000e+00 7.1753755530e-12 
3.7480000000e+00 7.1932628280e-12 
3.7485000000e+00 7.2112028130e-12 
3.7490000000e+00 7.2292364690e-12 
3.7495000000e+00 7.2473211050e-12 
3.7500000000e+00 7.2654649940e-12 
3.7505000000e+00 7.2836689920e-12 
3.7510000000e+00 7.3019533790e-12 
3.7515000000e+00 7.3203064790e-12 
3.7520000000e+00 7.3387284150e-12 
3.7525000000e+00 7.3572325720e-12 
3.7530000000e+00 7.3757943220e-12 
3.7535000000e+00 7.3944213030e-12 
3.7540000000e+00 7.4131160380e-12 
3.7545000000e+00 7.4319170770e-12 
3.7550000000e+00 7.4507912240e-12 
3.7555000000e+00 7.4696764590e-12 
3.7560000000e+00 7.4886509090e-12 
3.7565000000e+00 7.5077242980e-12 
3.7570000000e+00 7.5268658280e-12 
3.7575000000e+00 7.5460584850e-12 
3.7580000000e+00 7.5653595060e-12 
3.7585000000e+00 7.5846907840e-12 
3.7590000000e+00 7.6041337820e-12 
3.7595000000e+00 7.6236230250e-12 
3.7600000000e+00 7.6432080200e-12 
3.7605000000e+00 7.6628757150e-12 
3.7610000000e+00 7.6826091940e-12 
3.7615000000e+00 7.7024244360e-12 
3.7620000000e+00 7.7223049420e-12 
3.7625000000e+00 7.7422832930e-12 
3.7630000000e+00 7.7623335880e-12 
3.7635000000e+00 7.7824791120e-12 
3.7640000000e+00 7.8026628400e-12 
3.7645000000e+00 7.8229584960e-12 
3.7650000000e+00 7.8433423690e-12 
3.7655000000e+00 7.8637791500e-12 
3.7660000000e+00 7.8843162450e-12 
3.7665000000e+00 7.9049288920e-12 
3.7670000000e+00 7.9256262690e-12 
3.7675000000e+00 7.9463852860e-12 
3.7680000000e+00 7.9672739120e-12 
3.7685000000e+00 7.9882322940e-12 
3.7690000000e+00 8.0092710670e-12 
3.7695000000e+00 8.0303921970e-12 
3.7700000000e+00 8.0516213560e-12 
3.7705000000e+00 8.0729086040e-12 
3.7710000000e+00 8.0943051960e-12 
3.7715000000e+00 8.1157930430e-12 
3.7720000000e+00 8.1373579150e-12 
3.7725000000e+00 8.1590132600e-12 
3.7730000000e+00 8.1807635390e-12 
3.7735000000e+00 8.2026051750e-12 
3.7740000000e+00 8.2245353150e-12 
3.7745000000e+00 8.2465703250e-12 
3.7750000000e+00 8.2687068280e-12 
3.7755000000e+00 8.2909087610e-12 
3.7760000000e+00 8.3132454300e-12 
3.7765000000e+00 8.3356361740e-12 
3.7770000000e+00 8.3581516550e-12 
3.7775000000e+00 8.3807518330e-12 
3.7780000000e+00 8.4034507620e-12 
3.7785000000e+00 8.4262271990e-12 
3.7790000000e+00 8.4491340440e-12 
3.7795000000e+00 8.4721194490e-12 
3.7800000000e+00 8.4952221090e-12 
3.7805000000e+00 8.5184098050e-12 
3.7810000000e+00 8.5417473370e-12 
3.7815000000e+00 8.5651290680e-12 
3.7820000000e+00 8.5886503900e-12 
3.7825000000e+00 8.6122596540e-12 
3.7830000000e+00 8.6359717310e-12 
3.7835000000e+00 8.6597907370e-12 
3.7840000000e+00 8.6837221380e-12 
3.7845000000e+00 8.7077445640e-12 
3.7850000000e+00 8.7318860350e-12 
3.7855000000e+00 8.7561711270e-12 
3.7860000000e+00 8.7805289590e-12 
3.7865000000e+00 8.8050289020e-12 
3.7870000000e+00 8.8296039350e-12 
3.7875000000e+00 8.8543174720e-12 
3.7880000000e+00 8.8791603450e-12 
3.7885000000e+00 8.9040839050e-12 
3.7890000000e+00 8.9291509330e-12 
3.7895000000e+00 8.9543202950e-12 
3.7900000000e+00 8.9795929430e-12 
3.7905000000e+00 9.0050710960e-12 
3.7910000000e+00 9.0308120210e-12 
3.7915000000e+00 9.0567019110e-12 
3.7920000000e+00 9.0828055740e-12 
3.7925000000e+00 9.1089156780e-12 
3.7930000000e+00 9.1351703790e-12 
3.7935000000e+00 9.1615507050e-12 
3.7940000000e+00 9.1880904230e-12 
3.7945000000e+00 9.2146864380e-12 
3.7950000000e+00 9.2414910980e-12 
3.7955000000e+00 9.2683768640e-12 
3.7960000000e+00 9.2954719550e-12 
3.7965000000e+00 9.3225929540e-12 
3.7970000000e+00 9.3499335510e-12 
3.7975000000e+00 9.3773533500e-12 
3.7980000000e+00 9.4049692760e-12 
3.7985000000e+00 9.4326907410e-12 
3.7990000000e+00 9.4605539350e-12 
3.7995000000e+00 9.4885435600e-12 
3.8000000000e+00 9.5167160580e-12 
3.8005000000e+00 9.5449645360e-12 
3.8010000000e+00 9.5734196800e-12 
3.8015000000e+00 9.6020123940e-12 
3.8020000000e+00 9.6307567060e-12 
3.8025000000e+00 9.6596322790e-12 
3.8030000000e+00 9.6886524030e-12 
3.8035000000e+00 9.7178611690e-12 
3.8040000000e+00 9.7471961430e-12 
3.8045000000e+00 9.7766848030e-12 
3.8050000000e+00 9.8063687210e-12 
3.8055000000e+00 9.8361626830e-12 
3.8060000000e+00 9.8661787430e-12 
3.8065000000e+00 9.8963091210e-12 
3.8070000000e+00 9.9266292060e-12 
3.8075000000e+00 9.9570892420e-12 
3.8080000000e+00 9.9877237280e-12 
3.8085000000e+00 1.0018536990e-11 
3.8090000000e+00 1.0049499140e-11 
3.8095000000e+00 1.0080668090e-11 
3.8100000000e+00 1.0111971010e-11 
3.8105000000e+00 1.0143441800e-11 
3.8110000000e+00 1.0175162270e-11 
3.8115000000e+00 1.0207025310e-11 
3.8120000000e+00 1.0239060010e-11 
3.8125000000e+00 1.0271276200e-11 
3.8130000000e+00 1.0303692190e-11 
3.8135000000e+00 1.0336262250e-11 
3.8140000000e+00 1.0369047500e-11 
3.8145000000e+00 1.0402063120e-11 
3.8150000000e+00 1.0435223360e-11 
3.8155000000e+00 1.0468574750e-11 
3.8160000000e+00 1.0502131590e-11 
3.8165000000e+00 1.0535889040e-11 
3.8170000000e+00 1.0569867120e-11 
3.8175000000e+00 1.0604021320e-11 
3.8180000000e+00 1.0638423120e-11 
3.8185000000e+00 1.0673000290e-11 
3.8190000000e+00 1.0707784210e-11 
3.8195000000e+00 1.0742811680e-11 
3.8200000000e+00 1.0778009300e-11 
3.8300000000e+00 1.1532245590e-11 
3.8400000000e+00 1.2399624870e-11 
3.8500000000e+00 1.3419401590e-11 
3.8600000000e+00 1.4657210550e-11 
3.8700000000e+00 1.6235736130e-11 
3.8800000000e+00 1.8450234360e-11 
3.8812500000e+00 1.8805691500e-11 
3.8818750000e+00 1.8992879180e-11 
3.8881250000e+00 5.5557262220e-06 
3.8943750000e+00 5.7098330120e-06 
3.9068750000e+00 6.0232160860e-06 
3.9318750000e+00 6.6706860740e-06 
3.9818750000e+00 8.0479719320e-06 
4.0318750000e+00 9.5363706100e-06 
4.0818750000e+00 1.1137316360e-05 
4.1318750000e+00 1.2852565610e-05 
4.1818750000e+00 1.4681851730e-05 
4.2318750000e+00 1.6628632550e-05 
4.2818750000e+00 1.8696148690e-05 
4.3318750000e+00 2.0887934640e-05 
4.3818750000e+00 2.3208253780e-05 
4.4318750000e+00 2.5660981680e-05 
4.4818750000e+00 2.8253302170e-05 
4.5318750000e+00 3.0992273030e-05 
4.5818750000e+00 3.3887956260e-05 
4.6318750000e+00 3.6936937450e-05 
4.6818750000e+00 4.0136301840e-05 
4.7318750000e+00 4.3494564520e-05 
4.7818750000e+00 4.7018052050e-05 
4.8318750000e+00 5.0717069410e-05 
4.8818750000e+00 5.4595650930e-05 
4.9318750000e+00 5.8660485760e-05 
4.9818750000e+00 6.2912073870e-05 
5.0318750000e+00 6.7361060970e-05 
5.0818750000e+00 7.2016556880e-05 
5.1318750000e+00 7.6879742040e-05 
5.1818750000e+00 8.1965286510e-05 
5.2318750000e+00 8.7303290640e-05 
5.2818750000e+00 9.2853627830e-05 
5.3318750000e+00 9.8577740940e-05 
5.3818750000e+00 1.0452217900e-04 
5.4318750000e+00 1.1070909530e-04 
5.4818750000e+00 1.1714563920e-04 
5.5318750000e+00 1.2382066460e-04 
5.5818750000e+00 1.3075787130e-04 
5.6318750000e+00 1.3797026080e-04 
5.6818750000e+00 1.4544824280e-04 
5.7318750000e+00 1.5322558460e-04 
5.7818750000e+00 1.6136177900e-04 
5.8318750000e+00 1.6983864300e-04 
5.8818750000e+00 1.7866098850e-04 
5.9318750000e+00 1.8775378570e-04 
5.9818750000e+00 1.9718656800e-04 
6.0318750000e+00 2.0666870110e-04 
6.0818750000e+00 2.1628791440e-04 
6.1318750000e+00 2.2617028580e-04 
6.1818750000e+00 2.3632708730e-04 
6.2318750000e+00 2.4672316670e-04 
6.2818750000e+00 2.5738711800e-04 
6.3318750000e+00 2.6830937570e-04 
6.3818750000e+00 2.7941390920e-04 
6.4318750000e+00 2.9077809750e-04 
6.4818750000e+00 3.0240254830e-04 
6.5318750000e+00 3.1428115080e-04 
6.5818750000e+00 3.2643374150e-04 
6.6318750000e+00 3.3894060950e-04 
6.6818750000e+00 3.5171672090e-04 
6.7318750000e+00 3.6448003260e-04 
6.7818750000e+00 3.7719367770e-04 
6.8318750000e+00 3.9009946560e-04 
6.8818750000e+00 4.0320003280e-04 
6.9318750000e+00 4.1650407010e-04 
6.9818750000e+00 4.3001762110e-04 
6.9718750000e+00 4.2729686340e-04 
6.9618750000e+00 4.2458568740e-04 
6.9518750000e+00 4.2188301690e-04 
6.9418750000e+00 4.1918880920e-04 
6.9318750000e+00 4.1650300220e-04 
6.9218750000e+00 4.1382557810e-04 
6.9118750000e+00 4.1115652170e-04 
6.9018750000e+00 4.0849578210e-04 
6.8918750000e+00 4.0584327560e-04 
6.8818750000e+00 4.0319895970e-04 
6.8718750000e+00 4.0056278690e-04 
6.8618750000e+00 3.9793473660e-04 
6.8518750000e+00 3.9531478280e-04 
6.8418750000e+00 3.9270269240e-04 
6.8318750000e+00 3.9009839280e-04 
6.8218750000e+00 3.8750188460e-04 
6.8118750000e+00 3.8491316750e-04 
6.8018750000e+00 3.8233224650e-04 
6.7918750000e+00 3.7975896730e-04 
6.7818750000e+00 3.7719261260e-04 
6.7718750000e+00 3.7463412760e-04 
6.7618750000e+00 3.7208350540e-04 
6.7518750000e+00 3.6954084640e-04 
6.7418750000e+00 3.6700596900e-04 
6.7318750000e+00 3.6447896650e-04 
6.7218750000e+00 3.6195981330e-04 
6.7118750000e+00 3.5944851850e-04 
6.7018750000e+00 3.5691022640e-04 
6.7013750000e+00 3.5678064950e-04 
6.7008750000e+00 3.5665094680e-04 
6.7003750000e+00 3.5652081010e-04 
6.6998750000e+00 3.5639070550e-04 
6.6993750000e+00 3.5626031070e-04 
6.6988750000e+00 3.5612991900e-04 
6.6983750000e+00 3.5599955960e-04 
6.6978750000e+00 3.5586923250e-04 
6.6973750000e+00 3.5573893780e-04 
6.6968750000e+00 3.5560867550e-04 
6.6963750000e+00 3.5547844540e-04 
6.6958750000e+00 3.5534824760e-04 
6.6953750000e+00 3.5521808210e-04 
6.6948750000e+00 3.5508794880e-04 
6.6943750000e+00 3.5495784780e-04 
6.6938750000e+00 3.5482777890e-04 
6.6933750000e+00 3.5469774220e-04 
6.6928750000e+00 3.5456773770e-04 
6.6923750000e+00 3.5443776530e-04 
6.6918750000e+00 3.5430782490e-04 
6.6913750000e+00 3.5417791650e-04 
6.6908750000e+00 3.5404804020e-04 
6.6903750000e+00 3.5391819580e-04 
6.6898750000e+00 3.5378838340e-04 
6.6893750000e+00 3.5365860290e-04 
6.6888750000e+00 3.5352885440e-04 
6.6883750000e+00 3.5339913780e-04 
6.6878750000e+00 3.5326945300e-04 
6.6873750000e+00 3.5313980020e-04 
6.6868750000e+00 3.5301017920e-04 
6.6863750000e+00 3.5288059000e-04 
6.6858750000e+00 3.5275103260e-04 
6.6853750000e+00 3.5262150700e-04 
6.6848750000e+00 3.5249201320e-04 
6.6843750000e+00 3.5236255110e-04 
6.6838750000e+00 3.5223312080e-04 
6.6833750000e+00 3.5210372220e-04 
6.6828750000e+00 3.5197435530e-04 
6.6823750000e+00 3.5184502000e-04 
6.6818750000e+00 3.5171571640e-04 
6.6813750000e+00 3.5158644450e-04 
6.6808750000e+00 3.5145720410e-04 
6.6803750000e+00 3.5132799540e-04 
6.6798750000e+00 3.5119881820e-04 
6.6793750000e+00 3.5106967260e-04 
6.6788750000e+00 3.5094055860e-04 
6.6783750000e+00 3.5081147600e-04 
6.6778750000e+00 3.5068242500e-04 
6.6773750000e+00 3.5055340550e-04 
6.6768750000e+00 3.5042441740e-04 
6.6763750000e+00 3.5029546080e-04 
6.6758750000e+00 3.5016653560e-04 
6.6753750000e+00 3.5003764180e-04 
6.6748750000e+00 3.4990877940e-04 
6.6743750000e+00 3.4977994840e-04 
6.6738750000e+00 3.4965114870e-04 
6.6733750000e+00 3.4952238040e-04 
6.6728750000e+00 3.4939364340e-04 
6.6723750000e+00 3.4926493770e-04 
6.6718750000e+00 3.4913626330e-04 
6.6713750000e+00 3.4900762020e-04 
6.6708750000e+00 3.4887900830e-04 
6.6703750000e+00 3.4875042760e-04 
6.6698750000e+00 3.4862187820e-04 
6.6693750000e+00 3.4849335990e-04 
6.6688750000e+00 3.4836487280e-04 
6.6683750000e+00 3.4823641690e-04 
6.6678750000e+00 3.4810799210e-04 
6.6673750000e+00 3.4797959840e-04 
6.6668750000e+00 3.4785123580e-04 
6.6663750000e+00 3.4772290430e-04 
6.6658750000e+00 3.4759460390e-04 
6.6653750000e+00 3.4746633460e-04 
6.6648750000e+00 3.4733809620e-04 
6.6643750000e+00 3.4720988890e-04 
6.6638750000e+00 3.4708171260e-04 
6.6633750000e+00 3.4695356730e-04 
6.6628750000e+00 3.4682545290e-04 
6.6623750000e+00 3.4669736940e-04 
6.6618750000e+00 3.4656931690e-04 
6.6613750000e+00 3.4644129530e-04 
6.6608750000e+00 3.4631330460e-04 
6.6603750000e+00 3.4618534470e-04 
6.6598750000e+00 3.4605741570e-04 
6.6593750000e+00 3.4592951760e-04 
6.6588750000e+00 3.4580165020e-04 
6.6583750000e+00 3.4567381370e-04 
6.6578750000e+00 3.4554600790e-04 
6.6573750000e+00 3.4541823290e-04 
6.6568750000e+00 3.4529048860e-04 
6.6563750000e+00 3.4516277510e-04 
6.6558750000e+00 3.4503509230e-04 
6.6553750000e+00 3.4490744020e-04 
6.6548750000e+00 3.4477981880e-04 
6.6543750000e+00 3.4465222810e-04 
6.6538750000e+00 3.4452466800e-04 
6.6533750000e+00 3.4439713850e-04 
6.6528750000e+00 3.4426963970e-04 
6.6523750000e+00 3.4414217140e-04 
6.6518750000e+00 3.4401473370e-04 
6.6513750000e+00 3.4388732660e-04 
6.6508750000e+00 3.4375995010e-04 
6.6503750000e+00 3.4363260410e-04 
6.6498750000e+00 3.4350528860e-04 
6.6493750000e+00 3.4337800360e-04 
6.6488750000e+00 3.4325074910e-04 
6.6483750000e+00 3.4312352500e-04 
6.6478750000e+00 3.4299633140e-04 
6.6473750000e+00 3.4286916830e-04 
6.6468750000e+00 3.4274203550e-04 
6.6463750000e+00 3.4261493320e-04 
6.6458750000e+00 3.4248786130e-04 
6.6453750000e+00 3.4236081970e-04 
6.6448750000e+00 3.4223380850e-04 
6.6443750000e+00 3.4210682760e-04 
6.6438750000e+00 3.4197987700e-04 
6.6433750000e+00 3.4185295680e-04 
6.6428750000e+00 3.4172606680e-04 
6.6423750000e+00 3.4159920710e-04 
6.6418750000e+00 3.4147237770e-04 
6.6413750000e+00 3.4134557850e-04 
6.6408750000e+00 3.4121880960e-04 
6.6403750000e+00 3.4109207080e-04 
6.6398750000e+00 3.4096536230e-04 
6.6393750000e+00 3.4083868400e-04 
6.6388750000e+00 3.4071203580e-04 
6.6383750000e+00 3.4058541770e-04 
6.6378750000e+00 3.4045882980e-04 
6.6373750000e+00 3.4033227200e-04 
6.6368750000e+00 3.4020574440e-04 
6.6363750000e+00 3.4007924680e-04 
6.6358750000e+00 3.3995277920e-04 
6.6353750000e+00 3.3982634180e-04 
6.6348750000e+00 3.3969966310e-04 
6.6343750000e+00 3.3957290140e-04 
6.6338750000e+00 3.3944617050e-04 
6.6333750000e+00 3.3931947030e-04 
6.6328750000e+00 3.3919280080e-04 
6.6323750000e+00 3.3906616200e-04 
6.6318750000e+00 3.3893955400e-04 
6.6313750000e+00 3.3881297670e-04 
6.6308750000e+00 3.3868643000e-04 
6.6303750000e+00 3.3855991400e-04 
6.6298750000e+00 3.3843342860e-04 
6.6293750000e+00 3.3830697380e-04 
6.6288750000e+00 3.3818054970e-04 
6.6283750000e+00 3.3805415610e-04 
6.6278750000e+00 3.3792779320e-04 
6.6273750000e+00 3.3780146080e-04 
6.6268750000e+00 3.3767515890e-04 
6.6263750000e+00 3.3754888760e-04 
6.6258750000e+00 3.3742264680e-04 
6.6253750000e+00 3.3729643650e-04 
6.6248750000e+00 3.3717025670e-04 
6.6243750000e+00 3.3704410730e-04 
6.6238750000e+00 3.3691798850e-04 
6.6233750000e+00 3.3679190000e-04 
6.6228750000e+00 3.3666584200e-04 
6.6223750000e+00 3.3653981440e-04 
6.6218750000e+00 3.3641381720e-04 
6.6213750000e+00 3.3628785030e-04 
6.6208750000e+00 3.3616191380e-04 
6.6203750000e+00 3.3603600770e-04 
6.6198750000e+00 3.3591013190e-04 
6.6193750000e+00 3.3578428640e-04 
6.6188750000e+00 3.3565847130e-04 
6.6183750000e+00 3.3553268640e-04 
6.6178750000e+00 3.3540693180e-04 
6.6173750000e+00 3.3528120740e-04 
6.6168750000e+00 3.3515551330e-04 
6.6163750000e+00 3.3502984940e-04 
6.6158750000e+00 3.3490421570e-04 
6.6153750000e+00 3.3477861230e-04 
6.6148750000e+00 3.3465303900e-04 
6.6143750000e+00 3.3452749590e-04 
6.6138750000e+00 3.3440198290e-04 
6.6133750000e+00 3.3427650010e-04 
6.6128750000e+00 3.3415104740e-04 
6.6123750000e+00 3.3402562480e-04 
6.6118750000e+00 3.3390023230e-04 
6.6113750000e+00 3.3377486990e-04 
6.6108750000e+00 3.3364953750e-04 
6.6103750000e+00 3.3352423520e-04 
6.6098750000e+00 3.3339896300e-04 
6.6093750000e+00 3.3327372080e-04 
6.6088750000e+00 3.3314850860e-04 
6.6083750000e+00 3.3302332630e-04 
6.6078750000e+00 3.3289817410e-04 
6.6073750000e+00 3.3277305180e-04 
6.6068750000e+00 3.3264795950e-04 
6.6063750000e+00 3.3252289710e-04 
6.6058750000e+00 3.3239786470e-04 
6.6053750000e+00 3.3227286210e-04 
6.6048750000e+00 3.3214788950e-04 
6.6043750000e+00 3.3202294670e-04 
6.6038750000e+00 3.3189803380e-04 
6.6033750000e+00 3.3177315080e-04 
6.6028750000e+00 3.3164829760e-04 
6.6023750000e+00 3.3152347420e-04 
6.6018750000e+00 3.3139868070e-04 
6.6013750000e+00 3.3127391690e-04 
6.6008750000e+00 3.3114918290e-04 
6.6003750000e+00 3.3102447870e-04 
6.5998750000e+00 3.3089980430e-04 
6.5993750000e+00 3.3077515960e-04 
6.5988750000e+00 3.3065054460e-04 
6.5983750000e+00 3.3052595940e-04 
6.5978750000e+00 3.3040140380e-04 
6.5973750000e+00 3.3027687790e-04 
6.5968750000e+00 3.3015238180e-04 
6.5963750000e+00 3.3002791520e-04 
6.5958750000e+00 3.2990347840e-04 
6.5953750000e+00 3.2977907110e-04 
6.5948750000e+00 3.2965469350e-04 
6.5943750000e+00 3.2953034550e-04 
6.5938750000e+00 3.2940602710e-04 
6.5933750000e+00 3.2928173830e-04 
6.5928750000e+00 3.2915747900e-04 
6.5923750000e+00 3.2903324930e-04 
6.5918750000e+00 3.2890904920e-04 
6.5913750000e+00 3.2878487850e-04 
6.5908750000e+00 3.2866073740e-04 
6.5903750000e+00 3.2853662580e-04 
6.5898750000e+00 3.2841254370e-04 
6.5893750000e+00 3.2828849110e-04 
6.5888750000e+00 3.2816446790e-04 
6.5883750000e+00 3.2804047420e-04 
6.5878750000e+00 3.2791650990e-04 
6.5873750000e+00 3.2779257500e-04 
6.5868750000e+00 3.2766866960e-04 
6.5863750000e+00 3.2754479350e-04 
6.5858750000e+00 3.2742094680e-04 
6.5853750000e+00 3.2729712960e-04 
6.5848750000e+00 3.2717334160e-04 
6.5843750000e+00 3.2704968340e-04 
6.5838750000e+00 3.2692618580e-04 
6.5833750000e+00 3.2680275800e-04 
6.5828750000e+00 3.2667936460e-04 
6.5823750000e+00 3.2655600010e-04 
6.5818750000e+00 3.2643266440e-04 
6.5813750000e+00 3.2630946070e-04 
6.5808750000e+00 3.2618633530e-04 
6.5803750000e+00 3.2606323960e-04 
6.5798750000e+00 3.2594017240e-04 
6.5793750000e+00 3.2581713370e-04 
6.5788750000e+00 3.2569412340e-04 
6.5783750000e+00 3.2557114170e-04 
6.5778750000e+00 3.2544818840e-04 
6.5773750000e+00 3.2532536900e-04 
6.5768750000e+00 3.2520260680e-04 
6.5763750000e+00 3.2507987330e-04 
6.5758750000e+00 3.2495716810e-04 
6.5753750000e+00 3.2483449100e-04 
6.5748750000e+00 3.2471192960e-04 
6.5743750000e+00 3.2458941370e-04 
6.5738750000e+00 3.2446696670e-04 
6.5733750000e+00 3.2434454860e-04 
6.5728750000e+00 3.2422215850e-04 
6.5723750000e+00 3.2409979620e-04 
6.5718750000e+00 3.2397746180e-04 
6.5713750000e+00 3.2385515520e-04 
6.5708750000e+00 3.2373287640e-04 
6.5703750000e+00 3.2361062550e-04 
6.5698750000e+00 3.2348840230e-04 
6.5693750000e+00 3.2336620700e-04 
6.5688750000e+00 3.2324403940e-04 
6.5683750000e+00 3.2312189960e-04 
6.5678750000e+00 3.2299978760e-04 
6.5673750000e+00 3.2287770330e-04 
6.5668750000e+00 3.2275564680e-04 
6.5663750000e+00 3.2263361800e-04 
6.5658750000e+00 3.2251161700e-04 
6.5653750000e+00 3.2238964360e-04 
6.5648750000e+00 3.2226769800e-04 
6.5643750000e+00 3.2214578000e-04 
6.5638750000e+00 3.2202388970e-04 
6.5633750000e+00 3.2190202710e-04 
6.5628750000e+00 3.2178019220e-04 
6.5623750000e+00 3.2165838510e-04 
6.5618750000e+00 3.2153660560e-04 
6.5613750000e+00 3.2141485380e-04 
6.5608750000e+00 3.2129312960e-04 
6.5603750000e+00 3.2117143290e-04 
6.5598750000e+00 3.2104976390e-04 
6.5593750000e+00 3.2092812250e-04 
6.5588750000e+00 3.2080650860e-04 
6.5583750000e+00 3.2068492240e-04 
6.5578750000e+00 3.2056336370e-04 
6.5573750000e+00 3.2044183250e-04 
6.5568750000e+00 3.2032032890e-04 
6.5563750000e+00 3.2019885280e-04 
6.5558750000e+00 3.2007740430e-04 
6.5553750000e+00 3.1995598320e-04 
6.5548750000e+00 3.1983458970e-04 
6.5543750000e+00 3.1971322360e-04 
6.5538750000e+00 3.1959188510e-04 
6.5533750000e+00 3.1947057400e-04 
6.5528750000e+00 3.1934929040e-04 
6.5523750000e+00 3.1922803420e-04 
6.5518750000e+00 3.1910680550e-04 
6.5513750000e+00 3.1898560420e-04 
6.5508750000e+00 3.1886443040e-04 
6.5503750000e+00 3.1874328390e-04 
6.5498750000e+00 3.1862216490e-04 
6.5493750000e+00 3.1850107330e-04 
6.5488750000e+00 3.1838000900e-04 
6.5483750000e+00 3.1825897220e-04 
6.5478750000e+00 3.1813796270e-04 
6.5473750000e+00 3.1801698050e-04 
6.5468750000e+00 3.1789602580e-04 
6.5463750000e+00 3.1777509830e-04 
6.5458750000e+00 3.1765419820e-04 
6.5453750000e+00 3.1753332550e-04 
6.5448750000e+00 3.1741248000e-04 
6.5443750000e+00 3.1729166180e-04 
6.5438750000e+00 3.1717087100e-04 
6.5433750000e+00 3.1705010740e-04 
6.5428750000e+00 3.1692937110e-04 
6.5423750000e+00 3.1680866210e-04 
6.5418750000e+00 3.1668798030e-04 
6.5413750000e+00 3.1656732580e-04 
6.5408750000e+00 3.1644669850e-04 
6.5403750000e+00 3.1632609850e-04 
6.5398750000e+00 3.1620552570e-04 
6.5393750000e+00 3.1608498010e-04 
6.5388750000e+00 3.1596446170e-04 
6.5383750000e+00 3.1584397050e-04 
6.5378750000e+00 3.1572350650e-04 
6.5373750000e+00 3.1560306970e-04 
6.5368750000e+00 3.1548266000e-04 
6.5363750000e+00 3.1536227750e-04 
6.5358750000e+00 3.1524192220e-04 
6.5353750000e+00 3.1512159400e-04 
6.5348750000e+00 3.1500129290e-04 
6.5343750000e+00 3.1488101900e-04 
6.5338750000e+00 3.1476077220e-04 
6.5333750000e+00 3.1464055250e-04 
6.5328750000e+00 3.1452035990e-04 
6.5323750000e+00 3.1440019430e-04 
6.5318750000e+00 3.1428005590e-04 
6.5313750000e+00 3.1415994450e-04 
6.5308750000e+00 3.1403986030e-04 
6.5303750000e+00 3.1391980300e-04 
6.5298750000e+00 3.1379977280e-04 
6.5293750000e+00 3.1367976970e-04 
6.5288750000e+00 3.1355979350e-04 
6.5283750000e+00 3.1343984430e-04 
6.5278750000e+00 3.1331992210e-04 
6.5273750000e+00 3.1320002700e-04 
6.5268750000e+00 3.1308015870e-04 
6.5263750000e+00 3.1296031750e-04 
6.5258750000e+00 3.1284050320e-04 
6.5253750000e+00 3.1272071590e-04 
6.5248750000e+00 3.1260095550e-04 
6.5243750000e+00 3.1248122200e-04 
6.5238750000e+00 3.1236151550e-04 
6.5233750000e+00 3.1224183590e-04 
6.5228750000e+00 3.1212218320e-04 
6.5223750000e+00 3.1200255740e-04 
6.5218750000e+00 3.1188295850e-04 
6.5213750000e+00 3.1176338640e-04 
6.5208750000e+00 3.1164384130e-04 
6.5203750000e+00 3.1152432300e-04 
6.5198750000e+00 3.1140483160e-04 
6.5193750000e+00 3.1128536710e-04 
6.5188750000e+00 3.1116592930e-04 
6.5183750000e+00 3.1104651850e-04 
6.5178750000e+00 3.1092713440e-04 
6.5173750000e+00 3.1080777720e-04 
6.5168750000e+00 3.1068844680e-04 
6.5163750000e+00 3.1056914330e-04 
6.5158750000e+00 3.1044986650e-04 
6.5153750000e+00 3.1033061660e-04 
6.5148750000e+00 3.1021139340e-04 
6.5143750000e+00 3.1009219700e-04 
6.5138750000e+00 3.0997302740e-04 
6.5133750000e+00 3.0985388450e-04 
6.5128750000e+00 3.0973476850e-04 
6.5123750000e+00 3.0961567930e-04 
6.5118750000e+00 3.0949661670e-04 
6.5113750000e+00 3.0937758100e-04 
6.5108750000e+00 3.0925857190e-04 
6.5103750000e+00 3.0913958950e-04 
6.5098750000e+00 3.0902063380e-04 
6.5093750000e+00 3.0890170480e-04 
6.5088750000e+00 3.0878280240e-04 
6.5083750000e+00 3.0866392660e-04 
6.5078750000e+00 3.0854507750e-04 
6.5073750000e+00 3.0842625500e-04 
6.5068750000e+00 3.0830745920e-04 
6.5063750000e+00 3.0818868990e-04 
6.5058750000e+00 3.0806994730e-04 
6.5053750000e+00 3.0795123130e-04 
6.5048750000e+00 3.0783254190e-04 
6.5043750000e+00 3.0771387900e-04 
6.5038750000e+00 3.0759524280e-04 
6.5033750000e+00 3.0747663320e-04 
6.5028750000e+00 3.0735805010e-04 
6.5023750000e+00 3.0723949360e-04 
6.5018750000e+00 3.0712096370e-04 
6.5013750000e+00 3.0700246030e-04 
6.5008750000e+00 3.0688398340e-04 
6.5003750000e+00 3.0676553310e-04 
6.5000000000e+00 3.0667695270e-04 
6.4500000000e+00 2.9496155220e-04 
6.4000000000e+00 2.8350303180e-04 
6.3500000000e+00 2.7230505780e-04 
6.3000000000e+00 2.6131794060e-04 
6.2500000000e+00 2.5055795830e-04 
6.2000000000e+00 2.4006310530e-04 
6.1500000000e+00 2.2982123920e-04 
6.1000000000e+00 2.1983867520e-04 
6.0500000000e+00 2.1012582250e-04 
6.0000000000e+00 2.0063380800e-04 
5.9500000000e+00 1.9112783300e-04 
5.9000000000e+00 1.8192359150e-04 
5.8500000000e+00 1.7299836860e-04 
5.8000000000e+00 1.6439376580e-04 
5.7500000000e+00 1.5613548840e-04 
5.7000000000e+00 1.4823052100e-04 
5.6500000000e+00 1.4064784710e-04 
5.6000000000e+00 1.3333968970e-04 
5.5500000000e+00 1.2630399180e-04 
5.5000000000e+00 1.1953654520e-04 
5.4500000000e+00 1.1301296800e-04 
5.4000000000e+00 1.0673639390e-04 
5.3500000000e+00 1.0070503810e-04 
5.3000000000e+00 9.4903023730e-05 
5.2500000000e+00 8.9301148530e-05 
5.2000000000e+00 8.3869354270e-05 
5.1500000000e+00 7.8696077790e-05 
5.1000000000e+00 7.3756526240e-05 
5.0500000000e+00 6.9024390130e-05 
5.0000000000e+00 6.4501116550e-05 
4.9900000000e+00 6.3621015310e-05 
4.9800000000e+00 6.2748937110e-05 
4.9700000000e+00 6.1884794130e-05 
4.9600000000e+00 6.1028311940e-05 
4.9500000000e+00 6.0179295290e-05 
4.9400000000e+00 5.9338031050e-05 
4.9300000000e+00 5.8504621960e-05 
4.9200000000e+00 5.7678850640e-05 
4.9100000000e+00 5.6859731420e-05 
4.9000000000e+00 5.6047477530e-05 
4.8900000000e+00 5.5243059030e-05 
4.8800000000e+00 5.4446536230e-05 
4.8700000000e+00 5.3657495200e-05 
4.8600000000e+00 5.2875871100e-05 
4.8500000000e+00 5.2101600600e-05 
4.8400000000e+00 5.1334621820e-05 
4.8300000000e+00 5.0574882050e-05 
4.8200000000e+00 4.9822317470e-05 
4.8100000000e+00 4.9076432830e-05 
4.8000000000e+00 4.8337997550e-05 
4.7900000000e+00 4.7606865630e-05 
4.7800000000e+00 4.6882542720e-05 
4.7700000000e+00 4.6165278030e-05 
4.7600000000e+00 4.5455008840e-05 
4.7500000000e+00 4.4751678060e-05 
4.7400000000e+00 4.4055219750e-05 
4.7300000000e+00 4.3365577540e-05 
4.7200000000e+00 4.2682695520e-05 
4.7100000000e+00 4.2006519240e-05 
4.7000000000e+00 4.1336407770e-05 
4.6900000000e+00 4.0671484930e-05 
4.6800000000e+00 4.0013223890e-05 
4.6700000000e+00 3.9361569150e-05 
4.6600000000e+00 3.8716467360e-05 
4.6500000000e+00 3.8077866070e-05 
4.6400000000e+00 3.7445713560e-05 
4.6300000000e+00 3.6819958800e-05 
4.6200000000e+00 3.6200551620e-05 
4.6100000000e+00 3.5586006410e-05 
4.6000000000e+00 3.4976257520e-05 
4.5900000000e+00 3.4373256340e-05 
4.5800000000e+00 3.3776318860e-05 
4.5700000000e+00 3.3185119110e-05 
4.5600000000e+00 3.2600669390e-05 
4.5500000000e+00 3.2023087380e-05 
4.5400000000e+00 3.1451796200e-05 
4.5300000000e+00 3.0886697450e-05 
4.5200000000e+00 3.0327743900e-05 
4.5100000000e+00 2.9774869970e-05 
4.5000000000e+00 2.9228412480e-05 
4.4900000000e+00 2.8688011110e-05 
4.4800000000e+00 2.8153454760e-05 
4.4700000000e+00 2.7624609840e-05 
4.4600000000e+00 2.7101286510e-05 
4.4500000000e+00 2.6584038320e-05 
4.4400000000e+00 2.6072439230e-05 
4.4300000000e+00 2.5566511920e-05 
4.4200000000e+00 2.5066144690e-05 
4.4100000000e+00 2.4571238110e-05 
4.4000000000e+00 2.4081746490e-05 
4.3900000000e+00 2.3597626000e-05 
4.3800000000e+00 2.3118814810e-05 
4.3700000000e+00 2.2645299140e-05 
4.3600000000e+00 2.2177039510e-05 
4.3500000000e+00 2.1713997670e-05 
4.3400000000e+00 2.1256136550e-05 
4.3300000000e+00 2.0803420200e-05 
4.3200000000e+00 2.0355870790e-05 
4.3100000000e+00 1.9913452390e-05 
4.3000000000e+00 1.9476088950e-05 
4.2900000000e+00 1.9043756630e-05 
4.2800000000e+00 1.8616414750e-05 
4.2700000000e+00 1.8194032130e-05 
4.2600000000e+00 1.7776578720e-05 
4.2500000000e+00 1.7364025310e-05 
4.2400000000e+00 1.6956343480e-05 
4.2300000000e+00 1.6553512270e-05 
4.2200000000e+00 1.6155518930e-05 
4.2100000000e+00 1.5762319090e-05 
4.2000000000e+00 1.5373884330e-05 
4.1900000000e+00 1.4990189910e-05 
4.1800000000e+00 1.4611212550e-05 
4.1700000000e+00 1.4236974460e-05 
4.1600000000e+00 1.3867484400e-05 
4.1500000000e+00 1.3502612430e-05 
4.1400000000e+00 1.3142143260e-05 
4.1300000000e+00 1.2786242360e-05 
4.1200000000e+00 1.2434994670e-05 
4.1100000000e+00 1.2088301180e-05 
4.1000000000e+00 1.1746006900e-05 
4.0900000000e+00 1.1408326030e-05 
4.0800000000e+00 1.1075278210e-05 
4.0700000000e+00 1.0746820500e-05 
4.0600000000e+00 1.0422923150e-05 
4.0500000000e+00 1.0103571340e-05 
4.0400000000e+00 9.7888290150e-06 
4.0300000000e+00 9.4785387080e-06 
4.0200000000e+00 9.1727940130e-06 
4.0100000000e+00 8.8715166840e-06 
4.0000000000e+00 8.5746882950e-06 
3.9900000000e+00 8.2822951580e-06 
3.9800000000e+00 7.9943205020e-06 
3.9700000000e+00 7.7108089970e-06 
3.9600000000e+00 7.4317967810e-06 
3.9500000000e+00 7.1571936190e-06 
3.9400000000e+00 6.8869914120e-06 
3.9300000000e+00 6.6211838570e-06 
3.9200000000e+00 6.3597711430e-06 
3.9100000000e+00 6.1027368300e-06 
3.9000000000e+00 5.8500630120e-06 
3.8900000000e+00 5.6017925330e-06 
3.8800000000e+00 5.3579213570e-06 
3.8700000000e+00 5.1184550830e-06 
3.8600000000e+00 4.8834027090e-06 
3.8500000000e+00 4.6527761820e-06 
3.8400000000e+00 4.4265898650e-06 
3.8300000000e+00 4.2048689040e-06 
3.8200000000e+00 3.9876163450e-06 
3.8100000000e+00 3.7746801120e-06 
3.8000000000e+00 3.5662006810e-06 
3.7900000000e+00 3.3623169070e-06 
3.7800000000e+00 3.1630692120e-06 
3.7700000000e+00 2.9685326120e-06 
3.7600000000e+00 2.7787375160e-06 
3.7500000000e+00 2.5937611420e-06 
3.7400000000e+00 2.4136740540e-06 
3.7300000000e+00 2.2385571710e-06 
3.7200000000e+00 2.0685068260e-06 
3.7100000000e+00 1.9036382430e-06 
3.7000000000e+00 1.7440948830e-06 
3.6900000000e+00 1.5900371250e-06 
3.6800000000e+00 1.4415549860e-06 
3.6700000000e+00 1.2988058790e-06 
3.6600000000e+00 1.1619806500e-06 
3.6500000000e+00 1.0312998730e-06 
3.6400000000e+00 9.0699843610e-07 
3.6300000000e+00 7.8931719370e-07 
3.6200000000e+00 6.7863183170e-07 
3.6100000000e+00 5.7520674430e-07 
3.6000000000e+00 4.7937777660e-07 
3.5900000000e+00 3.9148526660e-07 
3.5800000000e+00 3.1186100070e-07 
3.5700000000e+00 2.4076989230e-07 
3.5600000000e+00 1.7838130530e-07 
3.5500000000e+00 1.2467873090e-07 
3.5400000000e+00 7.9256239880e-08 
3.5300000000e+00 4.0224903260e-08 
3.5200000000e+00 2.6887403130e-12 
3.5100000000e+00 2.5836445040e-12 
3.5000000000e+00 2.4830488810e-12 
3.4900000000e+00 2.3863141520e-12 
3.4800000000e+00 2.2934636170e-12 
3.4700000000e+00 2.2043302530e-12 
3.4600000000e+00 2.1187822030e-12 
3.4500000000e+00 2.0366248690e-12 
3.4400000000e+00 1.9577036410e-12 
3.4300000000e+00 1.8819119590e-12 
3.4200000000e+00 1.8090855210e-12 
3.4100000000e+00 1.7391081990e-12 
3.4000000000e+00 1.6718325200e-12 
3.3900000000e+00 1.6072076600e-12 
3.3800000000e+00 1.5450991350e-12 
3.3700000000e+00 1.4852924440e-12 
3.3600000000e+00 1.4275966500e-12 
3.3500000000e+00 1.3719633370e-12 
3.3495000000e+00 1.3692511320e-12 
3.3490000000e+00 1.3665357900e-12 
3.3485000000e+00 1.3638156850e-12 
3.3480000000e+00 1.3611114950e-12 
3.3475000000e+00 1.3583912690e-12 
3.3470000000e+00 1.3556954210e-12 
3.3465000000e+00 1.3530064100e-12 
3.3460000000e+00 1.3503090940e-12 
3.3455000000e+00 1.3476436090e-12 
3.3450000000e+00 1.3449581700e-12 
3.3445000000e+00 1.3422751460e-12 
3.3440000000e+00 1.3396085450e-12 
3.3435000000e+00 1.3369478520e-12 
3.3430000000e+00 1.3342947380e-12 
3.3425000000e+00 1.3316337510e-12 
3.3420000000e+00 1.3289940280e-12 
3.3415000000e+00 1.3263363050e-12 
3.3410000000e+00 1.3237008940e-12 
3.3405000000e+00 1.3210724450e-12 
3.3400000000e+00 1.3184391610e-12 
3.3395000000e+00 1.3158293420e-12 
3.3390000000e+00 1.3132044570e-12 
3.3385000000e+00 1.3106007450e-12 
3.3380000000e+00 1.3079745040e-12 
3.3375000000e+00 1.3053952320e-12 
3.3370000000e+00 1.3027876380e-12 
3.3365000000e+00 1.3001750140e-12 
3.3360000000e+00 1.2976019540e-12 
3.3355000000e+00 1.2950195840e-12 
3.3350000000e+00 1.2924145410e-12 
3.3345000000e+00 1.2898503190e-12 
3.3340000000e+00 1.2872914140e-12 
3.3335000000e+00 1.2847127810e-12 
3.3330000000e+00 1.2821639650e-12 
3.3325000000e+00 1.2796337160e-12 
3.3320000000e+00 1.2770960650e-12 
3.3315000000e+00 1.2745667930e-12 
3.3310000000e+00 1.2720348340e-12 
3.3305000000e+00 1.2695133480e-12 
3.3300000000e+00 1.2670032750e-12 
3.3295000000e+00 1.2644925040e-12 
3.3290000000e+00 1.2619807230e-12 
3.3285000000e+00 1.2594860000e-12 
3.3280000000e+00 1.2569662500e-12 
3.3275000000e+00 1.2544697220e-12 
3.3270000000e+00 1.2520001790e-12 
3.3265000000e+00 1.2495073880e-12 
3.3260000000e+00 1.2470423180e-12 
3.3255000000e+00 1.2445533750e-12 
3.3250000000e+00 1.2420865140e-12 
3.3245000000e+00 1.2395987090e-12 
3.3240000000e+00 1.2371374790e-12 
3.3235000000e+00 1.2346820440e-12 
3.3230000000e+00 1.2322244680e-12 
3.3225000000e+00 1.2298093460e-12 
3.3220000000e+00 1.2273561610e-12 
3.3215000000e+00 1.2249165040e-12 
3.3210000000e+00 1.2224637480e-12 
3.3205000000e+00 1.2200366370e-12 
3.3200000000e+00 1.2176289070e-12 
3.3195000000e+00 1.2151818690e-12 
3.3190000000e+00 1.2127575570e-12 
3.3185000000e+00 1.2103514820e-12 
3.3180000000e+00 1.2079600950e-12 
3.3175000000e+00 1.2055333740e-12 
3.3170000000e+00 1.2031500630e-12 
3.3165000000e+00 1.2007560670e-12 
3.3160000000e+00 1.1983664250e-12 
3.3155000000e+00 1.1959642220e-12 
3.3150000000e+00 1.1935747320e-12 
3.3145000000e+00 1.1912044300e-12 
3.3140000000e+00 1.1888502900e-12 
3.3135000000e+00 1.1864716890e-12 
3.3130000000e+00 1.1841239770e-12 
3.3125000000e+00 1.1817765580e-12 
3.3120000000e+00 1.1793892260e-12 
3.3115000000e+00 1.1770450060e-12 
3.3110000000e+00 1.1747170610e-12 
3.3105000000e+00 1.1723813740e-12 
3.3100000000e+00 1.1700494320e-12 
3.3095000000e+00 1.1676958600e-12 
3.3090000000e+00 1.1653916740e-12 
3.3085000000e+00 1.1630572970e-12 
3.3080000000e+00 1.1607507970e-12 
3.3075000000e+00 1.1584521220e-12 
3.3070000000e+00 1.1561604390e-12 
3.3065000000e+00 1.1537976340e-12 
3.3060000000e+00 1.1515082430e-12 
3.3055000000e+00 1.1492337850e-12 
3.3050000000e+00 1.1469666380e-12 
3.3045000000e+00 1.1446323430e-12 
3.3040000000e+00 1.1423474480e-12 
3.3035000000e+00 1.1400677800e-12 
3.3030000000e+00 1.1378006500e-12 
3.3025000000e+00 1.1355401080e-12 
3.3020000000e+00 1.1332907490e-12 
3.3015000000e+00 1.1310280330e-12 
3.3010000000e+00 1.1287169760e-12 
3.3005000000e+00 1.1264784100e-12 
3.3000000000e+00 1.1242387100e-12 
3.2995000000e+00 1.1220151090e-12 
3.2990000000e+00 1.1197788890e-12 
3.2985000000e+00 1.1175452990e-12 
3.2980000000e+00 1.1152910520e-12 
3.2975000000e+00 1.1130591750e-12 
3.2970000000e+00 1.1108391230e-12 
3.2965000000e+00 1.1086203490e-12 
3.2960000000e+00 1.1063911570e-12 
3.2955000000e+00 1.1041850730e-12 
3.2950000000e+00 1.1020030370e-12 
3.2945000000e+00 1.0997924170e-12 
3.2940000000e+00 1.0975876480e-12 
3.2935000000e+00 1.0953944410e-12 
3.2930000000e+00 1.0931945850e-12 
3.2925000000e+00 1.0910243200e-12 
3.2920000000e+00 1.0888265240e-12 
3.2915000000e+00 1.0866558170e-12 
3.2910000000e+00 1.0844790940e-12 
3.2905000000e+00 1.0822875840e-12 
3.2900000000e+00 1.0801137690e-12 
3.2895000000e+00 1.0779806240e-12 
3.2890000000e+00 1.0757986520e-12 
3.2885000000e+00 1.0736808490e-12 
3.2880000000e+00 1.0714968860e-12 
3.2875000000e+00 1.0693387680e-12 
3.2870000000e+00 1.0672098390e-12 
3.2865000000e+00 1.0650853510e-12 
3.2860000000e+00 1.0629414920e-12 
3.2855000000e+00 1.0608283940e-12 
3.2850000000e+00 1.0586925860e-12 
3.2845000000e+00 1.0565601800e-12 
3.2840000000e+00 1.0544311750e-12 
3.2835000000e+00 1.0523791990e-12 
3.2830000000e+00 1.0502258820e-12 
3.2825000000e+00 1.0481457320e-12 
3.2820000000e+00 1.0460276340e-12 
3.2815000000e+00 1.0439357940e-12 
3.2810000000e+00 1.0417893050e-12 
3.2805000000e+00 1.0397267560e-12 
3.2800000000e+00 1.0376580220e-12 
3.2795000000e+00 1.0355460320e-12 
3.2790000000e+00 1.0334817470e-12 
3.2785000000e+00 1.0313957210e-12 
3.2780000000e+00 1.0293380830e-12 
3.2775000000e+00 1.0272734310e-12 
3.2770000000e+00 1.0252005140e-12 
3.2765000000e+00 1.0231341620e-12 
3.2760000000e+00 1.0210651860e-12 
3.2755000000e+00 1.0190106110e-12 
3.2750000000e+00 1.0169667820e-12 
3.2745000000e+00 1.0149176180e-12 
3.2740000000e+00 1.0128587330e-12 
3.2735000000e+00 1.0108338870e-12 
3.2730000000e+00 1.0088125870e-12 
3.2725000000e+00 1.0067654880e-12 
3.2720000000e+00 1.0047592180e-12 
3.2715000000e+00 1.0027246260e-12 
3.2710000000e+00 1.0007049150e-12 
3.2705000000e+00 9.9869930470e-13 
3.2700000000e+00 9.9667876340e-13 
3.2695000000e+00 9.9467430940e-13 
3.2690000000e+00 9.9265910440e-13 
3.2685000000e+00 9.9062552630e-13 
3.2680000000e+00 9.8870255040e-13 
3.2675000000e+00 9.8666815420e-13 
3.2670000000e+00 9.8467501930e-13 
3.2665000000e+00 9.8267375040e-13 
3.2660000000e+00 9.8071646060e-13 
3.2655000000e+00 9.7872785490e-13 
3.2650000000e+00 9.7675221420e-13 
3.2645000000e+00 9.7476823520e-13 
3.2640000000e+00 9.7282124310e-13 
3.2635000000e+00 9.7084001570e-13 
3.2630000000e+00 9.6890120810e-13 
3.2625000000e+00 9.6691668000e-13 
3.2620000000e+00 9.6499128310e-13 
3.2615000000e+00 9.6299750630e-13 
3.2610000000e+00 9.6108792690e-13 
3.2605000000e+00 9.5914516370e-13 
3.2600000000e+00 9.5720357620e-13 
3.2595000000e+00 9.5526807390e-13 
3.2590000000e+00 9.5332957240e-13 
3.2585000000e+00 9.5139256340e-13 
3.2580000000e+00 9.4946905790e-13 
3.2575000000e+00 9.4754934460e-13 
3.2570000000e+00 9.4562360820e-13 
3.2565000000e+00 9.4373257860e-13 
3.2560000000e+00 9.4181505920e-13 
3.2555000000e+00 9.3991950810e-13 
3.2550000000e+00 9.3801271670e-13 
3.2545000000e+00 9.3609520840e-13 
3.2540000000e+00 9.3420447570e-13 
3.2535000000e+00 9.3230167070e-13 
3.2530000000e+00 9.3043953310e-13 
3.2525000000e+00 9.2855206250e-13 
3.2520000000e+00 9.2669690700e-13 
3.2515000000e+00 9.2481234790e-13 
3.2510000000e+00 9.2291373800e-13 
3.2505000000e+00 9.2103909190e-13 
3.2500000000e+00 9.1920710420e-13 
3.2495000000e+00 9.1730102030e-13 
3.2490000000e+00 9.1545493280e-13 
3.2485000000e+00 9.1359960390e-13 
3.2480000000e+00 9.1175190730e-13 
3.2475000000e+00 9.0991034790e-13 
3.2470000000e+00 9.0804734260e-13 
3.2465000000e+00 9.0622471670e-13 
3.2460000000e+00 9.0431694300e-13 
3.2455000000e+00 9.0247941850e-13 
3.2450000000e+00 9.0062556950e-13 
3.2445000000e+00 8.9880746940e-13 
3.2440000000e+00 8.9698648880e-13 
3.2435000000e+00 8.9515723570e-13 
3.2430000000e+00 8.9328952970e-13 
3.2425000000e+00 8.9148341860e-13 
3.2420000000e+00 8.8964386950e-13 
3.2415000000e+00 8.8782612830e-13 
3.2410000000e+00 8.8601766400e-13 
3.2405000000e+00 8.8422484800e-13 
3.2400000000e+00 8.8239630050e-13 
3.2395000000e+00 8.8057160230e-13 
3.2390000000e+00 8.7881853130e-13 
3.2385000000e+00 8.7697124930e-13 
3.2380000000e+00 8.7517042810e-13 
3.2375000000e+00 8.7340186590e-13 
3.2370000000e+00 8.7159538480e-13 
3.2365000000e+00 8.6979568300e-13 
3.2360000000e+00 8.6801101170e-13 
3.2355000000e+00 8.6624868200e-13 
3.2350000000e+00 8.6445491210e-13 
3.2345000000e+00 8.6269998610e-13 
3.2340000000e+00 8.6093555280e-13 
3.2335000000e+00 8.5918552800e-13 
3.2330000000e+00 8.5738631330e-13 
3.2325000000e+00 8.5561299670e-13 
3.2320000000e+00 8.5387550020e-13 
3.2315000000e+00 8.5210542140e-13 
3.2310000000e+00 8.5038421870e-13 
3.2305000000e+00 8.4860526730e-13 
3.2300000000e+00 8.4686965690e-13 
3.2295000000e+00 8.4512494910e-13 
3.2290000000e+00 8.4338567740e-13 
3.2285000000e+00 8.4166594130e-13 
3.2280000000e+00 8.3994078220e-13 
3.2275000000e+00 8.3820445720e-13 
3.2270000000e+00 8.3648516410e-13 
3.2265000000e+00 8.3473914650e-13 
3.2260000000e+00 8.3302144140e-13 
3.2255000000e+00 8.3129581160e-13 
3.2250000000e+00 8.2960622410e-13 
3.2245000000e+00 8.2789012460e-13 
3.2240000000e+00 8.2617978400e-13 
3.2235000000e+00 8.2448178250e-13 
3.2230000000e+00 8.2278588620e-13 
3.2225000000e+00 8.2107716240e-13 
3.2220000000e+00 8.1937503620e-13 
3.2215000000e+00 8.1770029080e-13 
3.2210000000e+00 8.1600102390e-13 
3.2205000000e+00 8.1431545890e-13 
3.2200000000e+00 8.1264056810e-13 
3.2195000000e+00 8.1097005780e-13 
3.2190000000e+00 8.0929177070e-13 
3.2185000000e+00 8.0760839230e-13 
3.2180000000e+00 8.0595480290e-13 
3.2175000000e+00 8.0430990800e-13 
3.2170000000e+00 8.0262180520e-13 
3.2165000000e+00 8.0096767130e-13 
3.2160000000e+00 7.9930103460e-13 
3.2155000000e+00 7.9764100710e-13 
3.2150000000e+00 7.9599030510e-13 
3.2145000000e+00 7.9434903380e-13 
3.2140000000e+00 7.9269902270e-13 
3.2135000000e+00 7.9107045380e-13 
3.2130000000e+00 7.8941602000e-13 
3.2125000000e+00 7.8778637190e-13 
3.2120000000e+00 7.8614161720e-13 
3.2115000000e+00 7.8452718500e-13 
3.2110000000e+00 7.8289378380e-13 
3.2105000000e+00 7.8126459860e-13 
3.2100000000e+00 7.7964694050e-13 
3.2095000000e+00 7.7801240480e-13 
3.2090000000e+00 7.7641226860e-13 
3.2085000000e+00 7.7479473430e-13 
3.2080000000e+00 7.7318799950e-13 
3.2075000000e+00 7.7159457150e-13 
3.2070000000e+00 7.6999638420e-13 
3.2065000000e+00 7.6840764130e-13 
3.2060000000e+00 7.6679325430e-13 
3.2055000000e+00 7.6521557040e-13 
3.2050000000e+00 7.6359887660e-13 
3.2045000000e+00 7.6201335270e-13 
3.2040000000e+00 7.6042297010e-13 
3.2035000000e+00 7.5884986940e-13 
3.2030000000e+00 7.5727118070e-13 
3.2025000000e+00 7.5568366740e-13 
3.2020000000e+00 7.5408012450e-13 
3.2015000000e+00 7.5250744310e-13 
3.2010000000e+00 7.5097523180e-13 
3.2005000000e+00 7.4941634120e-13 
3.2000000000e+00 7.4784549710e-13 
3.1995000000e+00 7.4627408360e-13 
3.1990000000e+00 7.4474429230e-13 
3.1985000000e+00 7.4316714490e-13 
3.1980000000e+00 7.4162430970e-13 
3.1975000000e+00 7.4007798500e-13 
3.1970000000e+00 7.3851584780e-13 
3.1965000000e+00 7.3699450150e-13 
3.1960000000e+00 7.3548498310e-13 
3.1955000000e+00 7.3389262070e-13 
3.1950000000e+00 7.3237708130e-13 
3.1945000000e+00 7.3082578690e-13 
3.1940000000e+00 7.2930358930e-13 
3.1935000000e+00 7.2780537440e-13 
3.1930000000e+00 7.2626023290e-13 
3.1925000000e+00 7.2473145180e-13 
3.1920000000e+00 7.2326049170e-13 
3.1915000000e+00 7.2174020540e-13 
3.1910000000e+00 7.2020192350e-13 
3.1905000000e+00 7.1873211710e-13 
3.1900000000e+00 7.1719460660e-13 
3.1895000000e+00 7.1568442670e-13 
3.1890000000e+00 7.1420836620e-13 
3.1885000000e+00 7.1271556710e-13 
3.1880000000e+00 7.1120811900e-13 
3.1875000000e+00 7.0970690900e-13 
3.1870000000e+00 7.0820922280e-13 
3.1865000000e+00 7.0671798510e-13 
3.1860000000e+00 7.0524123820e-13 
3.1855000000e+00 7.0375976710e-13 
3.1850000000e+00 7.0227607890e-13 
3.1845000000e+00 7.0082338410e-13 
3.1840000000e+00 6.9932450750e-13 
3.1835000000e+00 6.9787688580e-13 
3.1830000000e+00 6.9641180290e-13 
3.1825000000e+00 6.9495495000e-13 
3.1820000000e+00 6.9347332710e-13 
3.1815000000e+00 6.9202875920e-13 
3.1810000000e+00 6.9059367670e-13 
3.1805000000e+00 6.8911304430e-13 
3.1800000000e+00 6.8767427310e-13 
3.1795000000e+00 6.8623642600e-13 
3.1790000000e+00 6.8479673970e-13 
3.1785000000e+00 6.8334787970e-13 
3.1780000000e+00 6.8189108210e-13 
3.1775000000e+00 6.8045443910e-13 
3.1770000000e+00 6.7901560270e-13 
3.1765000000e+00 6.7759002960e-13 
3.1760000000e+00 6.7614158680e-13 
3.1755000000e+00 6.7471215240e-13 
3.1750000000e+00 6.7330486010e-13 
3.1745000000e+00 6.7185318690e-13 
3.1740000000e+00 6.7042710340e-13 
3.1735000000e+00 6.6903130970e-13 
3.1730000000e+00 6.6761212800e-13 
3.1725000000e+00 6.6618438840e-13 
3.1720000000e+00 6.6477409540e-13 
3.1715000000e+00 6.6335159060e-13 
3.1710000000e+00 6.6197619260e-13 
3.1705000000e+00 6.6056602670e-13 
3.1700000000e+00 6.5918051580e-13 
3.1695000000e+00 6.5777851400e-13 
3.1690000000e+00 6.5636137950e-13 
3.1685000000e+00 6.5497506350e-13 
3.1680000000e+00 6.5358740130e-13 
3.1675000000e+00 6.5218554820e-13 
3.1670000000e+00 6.5081117370e-13 
3.1665000000e+00 6.4942438490e-13 
3.1660000000e+00 6.4804753120e-13 
3.1655000000e+00 6.4664698590e-13 
3.1650000000e+00 6.4529553910e-13 
3.1645000000e+00 6.4390118630e-13 
3.1640000000e+00 6.4252648330e-13 
3.1635000000e+00 6.4115827220e-13 
3.1630000000e+00 6.3978485720e-13 
3.1625000000e+00 6.3844592330e-13 
3.1620000000e+00 6.3710147340e-13 
3.1615000000e+00 6.3574315350e-13 
3.1610000000e+00 6.3438736020e-13 
3.1605000000e+00 6.3301414740e-13 
3.1600000000e+00 6.3167823850e-13 
3.1595000000e+00 6.3032344930e-13 
3.1590000000e+00 6.2898382540e-13 
3.1585000000e+00 6.2762584470e-13 
3.1580000000e+00 6.2630851210e-13 
3.1575000000e+00 6.2497271940e-13 
3.1570000000e+00 6.2364311320e-13 
3.1565000000e+00 6.2229389940e-13 
3.1560000000e+00 6.2096371870e-13 
3.1555000000e+00 6.1963043180e-13 
3.1550000000e+00 6.1830709340e-13 
3.1545000000e+00 6.1700268550e-13 
3.1540000000e+00 6.1564776080e-13 
3.1535000000e+00 6.1434121780e-13 
3.1530000000e+00 6.1301141610e-13 
3.1525000000e+00 6.1171193030e-13 
3.1520000000e+00 6.1038198120e-13 
3.1515000000e+00 6.0909644770e-13 
3.1510000000e+00 6.0776729350e-13 
3.1505000000e+00 6.0649279050e-13 
3.1500000000e+00 6.0518302260e-13 
3.1400000000e+00 5.7969633860e-13 
3.1300000000e+00 5.5513101460e-13 
3.1200000000e+00 5.3142230460e-13 
3.1100000000e+00 5.0851745170e-13 
3.1000000000e+00 4.8655359890e-13 
3.0900000000e+00 4.6537963820e-13 
3.0800000000e+00 4.4506046530e-13 
3.0700000000e+00 4.2586139120e-13 
3.0600000000e+00 4.0756654220e-13 
3.0500000000e+00 3.8989731630e-13 
3.0400000000e+00 3.7288794080e-13 
3.0300000000e+00 3.5656054210e-13 
3.0200000000e+00 3.4080319830e-13 
3.0100000000e+00 3.2569021320e-13 
3.0000000000e+00 3.1107518580e-13 
2.9500000000e+00 2.4854281890e-13 
2.9000000000e+00 1.9766388020e-13 
2.8500000000e+00 1.5526327650e-13 
2.8000000000e+00 1.2196470430e-13 
2.7500000000e+00 9.6595640750e-14 
2.7000000000e+00 7.7344470830e-14 
2.6500000000e+00 6.2773192000e-14 
2.6000000000e+00 5.1673620730e-14 
2.5500000000e+00 4.3144647280e-14 
2.5000000000e+00 3.6465565720e-14 
2.4500000000e+00 3.1083212570e-14 
2.4000000000e+00 2.6739208200e-14 
2.3500000000e+00 2.3079313200e-14 
2.3000000000e+00 2.0058238260e-14 
2.2500000000e+00 1.7476018330e-14 
2.2000000000e+00 1.5345317980e-14 
2.1500000000e+00 1.3617850760e-14 
2.1000000000e+00 1.2196014150e-14 
2.0500000000e+00 1.1024878190e-14 
2.0000000000e+00 1.0093987060e-14 
1.9500000000e+00 9.3209942680e-15 
1.9000000000e+00 8.5610729160e-15 
1.8500000000e+00 7.8966093170e-15 
1.8000000000e+00 7.3136678280e-15 
1.7500000000e+00 6.7695641840e-15 
1.7000000000e+00 6.2494008750e-15 
1.6500000000e+00 5.7859093790e-15 
1.6000000000e+00 5.3260858570e-15 
1.5500000000e+00 4.9103978000e-15 
1.5000000000e+00 4.4814112340e-15 
1.4500000000e+00 4.1297729470e-15 
1.4000000000e+00 3.7722021730e-15 
1.3500000000e+00 3.4404143150e-15 
1.3000000000e+00 3.1682328230e-15 
1.2500000000e+00 2.8581059510e-15 
1.2000000000e+00 2.5958397700e-15 
1.1500000000e+00 2.3969264580e-15 
1.1000000000e+00 2.2325788680e-15 
1.0500000000e+00 2.0629385430e-15 
1.0000000000e+00 1.9149207500e-15 
9.5000000000e-01 1.7919411490e-15 
9.0000000000e-01 1.6633985460e-15 
8.5000000000e-01 1.5425897530e-15 
8.0000000000e-01 1.4445840520e-15 
7.5000000000e-01 1.3494445400e-15 
7.0000000000e-01 1.2579558120e-15 
6.5000000000e-01 1.1542165800e-15 
6.0000000000e-01 1.0517803750e-15 
5.5000000000e-01 9.8062426360e-16 
5.0000000000e-01 8.7182153930e-16 
4.5000000000e-01 7.7608338380e-16 
4.0000000000e-01 6.5955133620e-16 
3.5000000000e-01 5.5947725480e-16 
3.0000000000e-01 4.4399092210e-16 
2.5000000000e-01 4.1146332130e-16 
2.0000000000e-01 3.3950905350e-16 
1.5000000000e-01 2.4963140720e-16 
1.0000000000e-01 1.8280721440e-16 
5.0000000000e-02 1.0406392490e-16 
1.0711414300e-14 -6.6112807260e-18 
