EXPORTED XY-GRAPH DATA
862 2 2
Drain Voltage
Drain Current
0.0000000000e+00 7.2413427500e-20 
5.0000000000e-02 9.0396336460e-17 
1.0000000000e-01 1.7067347610e-16 
1.5000000000e-01 2.4520610170e-16 
2.0000000000e-01 3.2016291580e-16 
2.5000000000e-01 4.4501562710e-16 
3.0000000000e-01 4.8441294410e-16 
3.5000000000e-01 5.6690505350e-16 
4.0000000000e-01 6.8572967480e-16 
4.5000000000e-01 8.0765780700e-16 
5.0000000000e-01 9.2750817130e-16 
5.5000000000e-01 1.0167669100e-15 
6.0000000000e-01 1.0773260130e-15 
6.5000000000e-01 1.2026954650e-15 
7.0000000000e-01 1.2969379080e-15 
7.5000000000e-01 1.3596795950e-15 
8.0000000000e-01 1.5019394520e-15 
8.5000000000e-01 1.6018047920e-15 
9.0000000000e-01 1.7006310620e-15 
9.5000000000e-01 1.8597338790e-15 
1.0000000000e+00 2.0133409720e-15 
1.0500000000e+00 2.1590842830e-15 
1.1000000000e+00 2.3396521860e-15 
1.1500000000e+00 2.4980352450e-15 
1.2000000000e+00 2.7231974460e-15 
1.2500000000e+00 2.9898388450e-15 
1.3000000000e+00 3.2866324290e-15 
1.3500000000e+00 3.6172776650e-15 
1.4000000000e+00 3.9532655900e-15 
1.4500000000e+00 4.3494293750e-15 
1.5000000000e+00 4.7265707480e-15 
1.5500000000e+00 5.1624260560e-15 
1.6000000000e+00 5.6143496540e-15 
1.6500000000e+00 6.1027264240e-15 
1.7000000000e+00 6.5852459810e-15 
1.7500000000e+00 7.1045490890e-15 
1.8000000000e+00 7.6586412040e-15 
1.8500000000e+00 8.2818013080e-15 
1.9000000000e+00 8.9731258120e-15 
1.9500000000e+00 9.7538717370e-15 
2.0000000000e+00 1.0596284950e-14 
2.0500000000e+00 1.1568336480e-14 
2.1000000000e+00 1.2832186530e-14 
2.1500000000e+00 1.4331321760e-14 
2.2000000000e+00 1.6184811330e-14 
2.2500000000e+00 1.8473558870e-14 
2.3000000000e+00 2.1163987680e-14 
2.3500000000e+00 2.4362230510e-14 
2.4000000000e+00 2.8243430710e-14 
2.4500000000e+00 3.2842349620e-14 
2.5000000000e+00 3.8565416610e-14 
2.5500000000e+00 4.5703777300e-14 
2.6000000000e+00 5.4881813450e-14 
2.6500000000e+00 6.6937056360e-14 
2.7000000000e+00 8.2620373870e-14 
2.7500000000e+00 1.0340052950e-13 
2.8000000000e+00 1.3096678250e-13 
2.8500000000e+00 1.6698451060e-13 
2.9000000000e+00 2.1212027130e-13 
2.9500000000e+00 2.6692238790e-13 
3.0000000000e+00 3.3496587170e-13 
3.0500000000e+00 4.2040439800e-13 
3.1000000000e+00 5.2592881740e-13 
3.1500000000e+00 6.5543835710e-13 
3.2000000000e+00 8.1195947240e-13 
3.2500000000e+00 1.0005876350e-12 
3.3000000000e+00 1.2286851640e-12 
3.3500000000e+00 1.5064556650e-12 
3.4000000000e+00 1.8448869280e-12 
3.4500000000e+00 2.2611611050e-12 
3.5000000000e+00 2.7756608570e-12 
3.5500000000e+00 3.4207112960e-12 
3.6000000000e+00 4.2425208210e-12 
3.6100000000e+00 4.4338852500e-12 
3.6200000000e+00 4.6357770760e-12 
3.6300000000e+00 4.8492678260e-12 
3.6400000000e+00 5.0752488910e-12 
3.6500000000e+00 5.3150431660e-12 
3.6600000000e+00 5.5698774320e-12 
3.6700000000e+00 5.8412517780e-12 
3.6800000000e+00 6.1309305360e-12 
3.6900000000e+00 6.4405299930e-12 
3.7000000000e+00 6.7727685590e-12 
3.7005000000e+00 6.7900314100e-12 
3.7010000000e+00 6.8073508370e-12 
3.7015000000e+00 6.8247309360e-12 
3.7020000000e+00 6.8421941750e-12 
3.7025000000e+00 6.8596956690e-12 
3.7030000000e+00 6.8773023810e-12 
3.7035000000e+00 6.8949516720e-12 
3.7040000000e+00 6.9126536910e-12 
3.7045000000e+00 6.9304543030e-12 
3.7050000000e+00 6.9483120650e-12 
3.7055000000e+00 6.9662022450e-12 
3.7060000000e+00 6.9841977510e-12 
3.7065000000e+00 7.0022594370e-12 
3.7070000000e+00 7.0203801120e-12 
3.7075000000e+00 7.0385820330e-12 
3.7080000000e+00 7.0568369120e-12 
3.7085000000e+00 7.0751679430e-12 
3.7090000000e+00 7.0935818220e-12 
3.7095000000e+00 7.1120485860e-12 
3.7100000000e+00 7.1306063620e-12 
3.7105000000e+00 7.1492558880e-12 
3.7110000000e+00 7.1679160270e-12 
3.7115000000e+00 7.1866707500e-12 
3.7120000000e+00 7.2055350980e-12 
3.7125000000e+00 7.2244414050e-12 
3.7130000000e+00 7.2434295650e-12 
3.7135000000e+00 7.2625104410e-12 
3.7140000000e+00 7.2816540630e-12 
3.7145000000e+00 7.3008829860e-12 
3.7150000000e+00 7.3201508420e-12 
3.7155000000e+00 7.3395365790e-12 
3.7160000000e+00 7.3589973760e-12 
3.7165000000e+00 7.3785155790e-12 
3.7170000000e+00 7.3981337900e-12 
3.7175000000e+00 7.4178549270e-12 
3.7180000000e+00 7.4375911520e-12 
3.7185000000e+00 7.4574705960e-12 
3.7190000000e+00 7.4774036450e-12 
3.7195000000e+00 7.4974036530e-12 
3.7200000000e+00 7.5174933740e-12 
3.7205000000e+00 7.5376839680e-12 
3.7210000000e+00 7.5579440880e-12 
3.7215000000e+00 7.5782969020e-12 
3.7220000000e+00 7.5987168050e-12 
3.7225000000e+00 7.6192439840e-12 
3.7230000000e+00 7.6398443720e-12 
3.7235000000e+00 7.6605389380e-12 
3.7240000000e+00 7.6813088600e-12 
3.7245000000e+00 7.7021727010e-12 
3.7250000000e+00 7.7231488140e-12 
3.7255000000e+00 7.7441999930e-12 
3.7260000000e+00 7.7653245380e-12 
3.7265000000e+00 7.7865617870e-12 
3.7270000000e+00 7.8078755740e-12 
3.7275000000e+00 7.8292968800e-12 
3.7280000000e+00 7.8507861950e-12 
3.7285000000e+00 7.8723984110e-12 
3.7290000000e+00 7.8940552690e-12 
3.7295000000e+00 7.9158512390e-12 
3.7300000000e+00 7.9377363610e-12 
3.7305000000e+00 7.9596790490e-12 
3.7310000000e+00 7.9817529870e-12 
3.7315000000e+00 8.0039650210e-12 
3.7320000000e+00 8.0262487840e-12 
3.7325000000e+00 8.0486018230e-12 
3.7330000000e+00 8.0710648140e-12 
3.7335000000e+00 8.0936355060e-12 
3.7340000000e+00 8.1163160370e-12 
3.7345000000e+00 8.1390683320e-12 
3.7350000000e+00 8.1619418310e-12 
3.7355000000e+00 8.1849030530e-12 
3.7360000000e+00 8.2079905710e-12 
3.7365000000e+00 8.2312215490e-12 
3.7370000000e+00 8.2545225010e-12 
3.7375000000e+00 8.2778993080e-12 
3.7380000000e+00 8.3014252060e-12 
3.7385000000e+00 8.3250553190e-12 
3.7390000000e+00 8.3487675300e-12 
3.7395000000e+00 8.3727069450e-12 
3.7400000000e+00 8.3966611600e-12 
3.7405000000e+00 8.4207196380e-12 
3.7410000000e+00 8.4449013840e-12 
3.7415000000e+00 8.4692191480e-12 
3.7420000000e+00 8.4936394730e-12 
3.7425000000e+00 8.5181548470e-12 
3.7430000000e+00 8.5427926370e-12 
3.7435000000e+00 8.5675840730e-12 
3.7440000000e+00 8.5924853960e-12 
3.7445000000e+00 8.6174940970e-12 
3.7450000000e+00 8.6426184220e-12 
3.7455000000e+00 8.6678567940e-12 
3.7460000000e+00 8.6932691490e-12 
3.7465000000e+00 8.7187641950e-12 
3.7470000000e+00 8.7443957010e-12 
3.7475000000e+00 8.7701301210e-12 
3.7480000000e+00 8.7960295690e-12 
3.7485000000e+00 8.8220279140e-12 
3.7490000000e+00 8.8481723270e-12 
3.7495000000e+00 8.8745025650e-12 
3.7500000000e+00 8.9008831420e-12 
3.7505000000e+00 8.9274299360e-12 
3.7510000000e+00 8.9541078160e-12 
3.7515000000e+00 8.9809353210e-12 
3.7520000000e+00 9.0078843100e-12 
3.7525000000e+00 9.0349669440e-12 
3.7530000000e+00 9.0621798240e-12 
3.7535000000e+00 9.0895863820e-12 
3.7540000000e+00 9.1171110450e-12 
3.7545000000e+00 9.1447745260e-12 
3.7550000000e+00 9.1726055490e-12 
3.7555000000e+00 9.2005518650e-12 
3.7560000000e+00 9.2286610940e-12 
3.7565000000e+00 9.2569140350e-12 
3.7570000000e+00 9.2853142520e-12 
3.7575000000e+00 9.3138852500e-12 
3.7580000000e+00 9.3426230620e-12 
3.7585000000e+00 9.3715245540e-12 
3.7590000000e+00 9.4005470050e-12 
3.7595000000e+00 9.4297427250e-12 
3.7600000000e+00 9.4591381170e-12 
3.7605000000e+00 9.4886476290e-12 
3.7610000000e+00 9.5183346240e-12 
3.7615000000e+00 9.5482028280e-12 
3.7620000000e+00 9.5782127020e-12 
3.7625000000e+00 9.6083855370e-12 
3.7630000000e+00 9.6387739060e-12 
3.7635000000e+00 9.6692850220e-12 
3.7640000000e+00 9.7000071710e-12 
3.7645000000e+00 9.7308820120e-12 
3.7650000000e+00 9.7619583450e-12 
3.7655000000e+00 9.7932124860e-12 
3.7660000000e+00 9.8246460190e-12 
3.7665000000e+00 9.8562775430e-12 
3.7670000000e+00 9.8880717610e-12 
3.7675000000e+00 9.9200709650e-12 
3.7680000000e+00 9.9522367120e-12 
3.7685000000e+00 9.9846502310e-12 
3.7690000000e+00 1.0017223880e-11 
3.7695000000e+00 1.0049985080e-11 
3.7700000000e+00 1.0082960330e-11 
3.7705000000e+00 1.0116117190e-11 
3.7710000000e+00 1.0149482030e-11 
3.7715000000e+00 1.0183105850e-11 
3.7720000000e+00 1.0216883510e-11 
3.7725000000e+00 1.0250915600e-11 
3.7730000000e+00 1.0285123390e-11 
3.7735000000e+00 1.0319578000e-11 
3.7740000000e+00 1.0354248400e-11 
3.7745000000e+00 1.0389141350e-11 
3.7750000000e+00 1.0424240430e-11 
3.7755000000e+00 1.0459532980e-11 
3.7760000000e+00 1.0495160640e-11 
3.7765000000e+00 1.0530954280e-11 
3.7770000000e+00 1.0566988490e-11 
3.7775000000e+00 1.0603238870e-11 
3.7780000000e+00 1.0639756990e-11 
3.7785000000e+00 1.0676515820e-11 
3.7790000000e+00 1.0713545510e-11 
3.7795000000e+00 1.0750676190e-11 
3.7800000000e+00 1.0788157790e-11 
3.7805000000e+00 1.0825965850e-11 
3.7810000000e+00 1.0864000840e-11 
3.7815000000e+00 1.0902263300e-11 
3.7820000000e+00 1.0940847000e-11 
3.7825000000e+00 1.0979715310e-11 
3.7830000000e+00 1.1018817120e-11 
3.7835000000e+00 1.1058238960e-11 
3.7840000000e+00 1.1097916750e-11 
3.7845000000e+00 1.1137910970e-11 
3.7850000000e+00 1.1178163380e-11 
3.7855000000e+00 1.1218728990e-11 
3.7860000000e+00 1.1259581990e-11 
3.7865000000e+00 1.1300741120e-11 
3.7870000000e+00 1.1342266710e-11 
3.7875000000e+00 1.1384372640e-11 
3.7880000000e+00 1.1426808350e-11 
3.7885000000e+00 1.1469579880e-11 
3.7890000000e+00 1.1512678190e-11 
3.7895000000e+00 1.1556098370e-11 
3.7900000000e+00 1.1599899840e-11 
3.7905000000e+00 1.1643999230e-11 
3.7910000000e+00 1.1688516370e-11 
3.7915000000e+00 1.1733345060e-11 
3.7920000000e+00 1.1778541680e-11 
3.7925000000e+00 1.1824100570e-11 
3.7930000000e+00 1.1870035520e-11 
3.7935000000e+00 1.1916367340e-11 
3.7940000000e+00 1.1963081580e-11 
3.7945000000e+00 1.2010220150e-11 
3.7950000000e+00 1.2057762280e-11 
3.7955000000e+00 1.2105837190e-11 
3.7960000000e+00 1.2154188040e-11 
3.7965000000e+00 1.2202950620e-11 
3.7970000000e+00 1.2252141070e-11 
3.7975000000e+00 1.2301791880e-11 
3.7980000000e+00 1.2351862540e-11 
3.7985000000e+00 1.2402414380e-11 
3.7990000000e+00 1.2453433990e-11 
3.7995000000e+00 1.2504919080e-11 
3.8000000000e+00 1.2556867560e-11 
3.8005000000e+00 1.2609309970e-11 
3.8010000000e+00 1.2662270730e-11 
3.8015000000e+00 1.2715706530e-11 
3.8020000000e+00 1.2769701510e-11 
3.8025000000e+00 1.2824181340e-11 
3.8030000000e+00 1.2879226260e-11 
3.8035000000e+00 1.2934800130e-11 
3.8040000000e+00 1.2990979400e-11 
3.8045000000e+00 1.3047457390e-11 
3.8050000000e+00 1.3104753690e-11 
3.8055000000e+00 1.3162615730e-11 
3.8060000000e+00 1.3221115820e-11 
3.8065000000e+00 1.3280177370e-11 
3.8070000000e+00 1.3339950620e-11 
3.8075000000e+00 1.3400329550e-11 
3.8080000000e+00 1.3461385160e-11 
3.8085000000e+00 1.3523138170e-11 
3.8090000000e+00 1.3585681380e-11 
3.8095000000e+00 1.3648899290e-11 
3.8100000000e+00 1.3713110680e-11 
3.8105000000e+00 1.3777833730e-11 
3.8110000000e+00 1.3843362600e-11 
3.8115000000e+00 1.3909667800e-11 
3.8120000000e+00 1.3976726960e-11 
3.8125000000e+00 1.4044661780e-11 
3.8130000000e+00 1.4113429830e-11 
3.8135000000e+00 1.4182815530e-11 
3.8140000000e+00 1.4253301080e-11 
3.8145000000e+00 1.4324659350e-11 
3.8150000000e+00 1.4396998400e-11 
3.8155000000e+00 1.4470297110e-11 
3.8160000000e+00 1.4544858710e-11 
3.8165000000e+00 1.4620236770e-11 
3.8170000000e+00 1.4696639630e-11 
3.8175000000e+00 1.4774156860e-11 
3.8180000000e+00 1.4852420630e-11 
3.8185000000e+00 1.4932160440e-11 
3.8190000000e+00 1.5013406680e-11 
3.8195000000e+00 1.5095623870e-11 
3.8200000000e+00 1.5179120550e-11 
3.8300000000e+00 1.7205335770e-11 
3.8312500000e+00 1.7525965550e-11 
3.8318750000e+00 1.7694291020e-11 
3.8321875000e+00 1.7780933080e-11 
3.8323437500e+00 1.7824481320e-11 
3.8324218750e+00 1.7847125830e-11 
3.8324414060e+00 1.7852630610e-11 
3.8324511720e+00 1.7855325830e-11 
3.8324560550e+00 1.7856874620e-11 
3.8324584960e+00 1.7857650250e-11 
3.8324609380e+00 1.7858444080e-11 
3.8224609380e+00 1.5609599870e-11 
3.8124609380e+00 1.4039333210e-11 
3.8024609380e+00 1.2819682330e-11 
3.7924609380e+00 1.1820508670e-11 
3.7824609380e+00 1.0976793850e-11 
3.7724609380e+00 1.0248223600e-11 
3.7624609380e+00 9.6059251590e-12 
3.7524609380e+00 9.0327830960e-12 
3.7424609380e+00 8.5161949870e-12 
3.7324609380e+00 8.0469429480e-12 
3.7224609380e+00 7.6177255020e-12 
3.7124609380e+00 7.2230389790e-12 
3.7024609380e+00 6.8583804980e-12 
3.6924609380e+00 6.5201423540e-12 
3.6824609380e+00 6.2052582730e-12 
3.6724609380e+00 5.9107538280e-12 
3.6624609380e+00 5.6350384060e-12 
3.6524609380e+00 5.3763020860e-12 
3.6424609380e+00 5.1329404410e-12 
3.6324609380e+00 4.9036380060e-12 
3.6224609380e+00 4.6871626200e-12 
3.6124609380e+00 4.4825280870e-12 
3.6024609380e+00 4.2886800950e-12 
3.5924609380e+00 4.1048380000e-12 
3.5824609380e+00 3.9303005560e-12 
3.5724609380e+00 3.7644478420e-12 
3.5624609380e+00 3.6067364220e-12 
3.5524609380e+00 3.4565579390e-12 
3.5424609380e+00 3.3135328870e-12 
3.5324609380e+00 3.1771032010e-12 
3.5224609380e+00 3.0469813440e-12 
3.5124609380e+00 2.9227489900e-12 
3.5024609380e+00 2.8040728850e-12 
3.4924609380e+00 2.6906242310e-12 
3.4824609380e+00 2.5822679130e-12 
3.4724609380e+00 2.4786231880e-12 
3.4624609380e+00 2.3793164360e-12 
3.4524609380e+00 2.2839623870e-12 
3.4424609380e+00 2.1926313080e-12 
3.4324609380e+00 2.1050981720e-12 
3.4224609380e+00 2.0211496850e-12 
3.4124609380e+00 1.9406771550e-12 
3.4024609380e+00 1.8634206720e-12 
3.3924609380e+00 1.7893437800e-12 
3.3824609380e+00 1.7182200080e-12 
3.3724609380e+00 1.6500031370e-12 
3.3624609380e+00 1.5845238870e-12 
3.3524609380e+00 1.5215505720e-12 
3.3519609380e+00 1.5184956660e-12 
3.3514609380e+00 1.5154079000e-12 
3.3509609380e+00 1.5123436610e-12 
3.3504609380e+00 1.5092651490e-12 
3.3499609380e+00 1.5062276100e-12 
3.3494609380e+00 1.5031602420e-12 
3.3489609380e+00 1.5001338520e-12 
3.3484609370e+00 1.4970793080e-12 
3.3479609370e+00 1.4940408920e-12 
3.3474609370e+00 1.4910149510e-12 
3.3469609370e+00 1.4880055620e-12 
3.3464609370e+00 1.4849929870e-12 
3.3459609370e+00 1.4819620870e-12 
3.3454609370e+00 1.4789528620e-12 
3.3449609370e+00 1.4759664630e-12 
3.3444609370e+00 1.4729985060e-12 
3.3439609370e+00 1.4700102490e-12 
3.3434609370e+00 1.4670264450e-12 
3.3429609370e+00 1.4640614040e-12 
3.3424609370e+00 1.4610649240e-12 
3.3419609370e+00 1.4581152570e-12 
3.3414609370e+00 1.4551363310e-12 
3.3409609370e+00 1.4521888250e-12 
3.3404609370e+00 1.4492497650e-12 
3.3399609370e+00 1.4462881370e-12 
3.3394609370e+00 1.4433454040e-12 
3.3389609370e+00 1.4404158240e-12 
3.3384609370e+00 1.4374922970e-12 
3.3379609370e+00 1.4345713790e-12 
3.3374609370e+00 1.4316534910e-12 
3.3369609370e+00 1.4287272520e-12 
3.3364609370e+00 1.4258629460e-12 
3.3359609370e+00 1.4229462220e-12 
3.3354609370e+00 1.4200503950e-12 
3.3349609370e+00 1.4171840300e-12 
3.3344609370e+00 1.4142898990e-12 
3.3339609370e+00 1.4113985000e-12 
3.3334609370e+00 1.4085418960e-12 
3.3329609370e+00 1.4056903250e-12 
3.3324609370e+00 1.4028127730e-12 
3.3319609370e+00 1.3999589520e-12 
3.3314609370e+00 1.3971165410e-12 
3.3309609370e+00 1.3942652820e-12 
3.3304609370e+00 1.3914370310e-12 
3.3299609370e+00 1.3886011890e-12 
3.3294609370e+00 1.3857785680e-12 
3.3289609370e+00 1.3829649300e-12 
3.3284609370e+00 1.3801021510e-12 
3.3279609370e+00 1.3772861020e-12 
3.3274609370e+00 1.3744678070e-12 
3.3269609370e+00 1.3716765080e-12 
3.3264609370e+00 1.3688636480e-12 
3.3259609370e+00 1.3660816520e-12 
3.3254609370e+00 1.3632947030e-12 
3.3249609370e+00 1.3605113660e-12 
3.3244609370e+00 1.3577484560e-12 
3.3239609370e+00 1.3549778450e-12 
3.3234609370e+00 1.3522075650e-12 
3.3229609370e+00 1.3494568810e-12 
3.3224609370e+00 1.3467181760e-12 
3.3219609370e+00 1.3439645080e-12 
3.3214609370e+00 1.3412220910e-12 
3.3209609370e+00 1.3384842440e-12 
3.3204609370e+00 1.3357643370e-12 
3.3199609370e+00 1.3330362630e-12 
3.3194609370e+00 1.3303114070e-12 
3.3189609370e+00 1.3275894580e-12 
3.3184609370e+00 1.3248877540e-12 
3.3179609370e+00 1.3221909460e-12 
3.3174609370e+00 1.3194820120e-12 
3.3169609370e+00 1.3167923880e-12 
3.3164609370e+00 1.3140868840e-12 
3.3159609370e+00 1.3113962040e-12 
3.3154609370e+00 1.3087287050e-12 
3.3149609370e+00 1.3060483590e-12 
3.3144609370e+00 1.3033743850e-12 
3.3139609370e+00 1.3007252670e-12 
3.3134609370e+00 1.2980737530e-12 
3.3129609370e+00 1.2954127420e-12 
3.3124609370e+00 1.2927592580e-12 
3.3119609370e+00 1.2900981610e-12 
3.3114609370e+00 1.2874610960e-12 
3.3109609370e+00 1.2848544350e-12 
3.3104609370e+00 1.2822181310e-12 
3.3099609370e+00 1.2795655570e-12 
3.3094609370e+00 1.2769957110e-12 
3.3089609370e+00 1.2744388630e-12 
3.3084609370e+00 1.2718267160e-12 
3.3079609370e+00 1.2692323740e-12 
3.3074609370e+00 1.2666377720e-12 
3.3069609370e+00 1.2640515800e-12 
3.3064609370e+00 1.2614656540e-12 
3.3059609370e+00 1.2589220830e-12 
3.3054609370e+00 1.2563718880e-12 
3.3049609370e+00 1.2538102680e-12 
3.3044609370e+00 1.2512424460e-12 
3.3039609370e+00 1.2487014250e-12 
3.3034609370e+00 1.2461509680e-12 
3.3029609370e+00 1.2436291950e-12 
3.3024609370e+00 1.2411178330e-12 
3.3019609370e+00 1.2385751090e-12 
3.3014609370e+00 1.2360217030e-12 
3.3009609370e+00 1.2334921850e-12 
3.3004609370e+00 1.2309982510e-12 
3.2999609370e+00 1.2284937460e-12 
3.2994609370e+00 1.2259990350e-12 
3.2989609370e+00 1.2234711970e-12 
3.2984609370e+00 1.2210014050e-12 
3.2979609370e+00 1.2185176010e-12 
3.2974609370e+00 1.2160430760e-12 
3.2969609370e+00 1.2135520370e-12 
3.2964609370e+00 1.2110882420e-12 
3.2959609370e+00 1.2086021920e-12 
3.2954609370e+00 1.2061382730e-12 
3.2949609370e+00 1.2036923090e-12 
3.2944609370e+00 1.2012345390e-12 
3.2939609370e+00 1.1987739460e-12 
3.2934609370e+00 1.1963316260e-12 
3.2929609370e+00 1.1938927520e-12 
3.2924609370e+00 1.1914571160e-12 
3.2919609370e+00 1.1890056100e-12 
3.2914609370e+00 1.1865798000e-12 
3.2909609370e+00 1.1841393740e-12 
3.2904609370e+00 1.1817355070e-12 
3.2899609370e+00 1.1792927780e-12 
3.2894609370e+00 1.1769137650e-12 
3.2889609370e+00 1.1745093870e-12 
3.2884609370e+00 1.1721264340e-12 
3.2879609370e+00 1.1697222980e-12 
3.2874609370e+00 1.1673211040e-12 
3.2869609370e+00 1.1649468750e-12 
3.2864609370e+00 1.1625628500e-12 
3.2859609370e+00 1.1601819820e-12 
3.2854609370e+00 1.1578019750e-12 
3.2849609370e+00 1.1554652300e-12 
3.2844609370e+00 1.1530980180e-12 
3.2839609370e+00 1.1507359540e-12 
3.2834609370e+00 1.1483719380e-12 
3.2829609370e+00 1.1460216360e-12 
3.2824609370e+00 1.1436724130e-12 
3.2819609370e+00 1.1413553920e-12 
3.2814609370e+00 1.1389917270e-12 
3.2809609370e+00 1.1366516010e-12 
3.2804609370e+00 1.1343456180e-12 
3.2799609370e+00 1.1320017670e-12 
3.2794609370e+00 1.1297143670e-12 
3.2789609370e+00 1.1273858780e-12 
3.2784609370e+00 1.1250696660e-12 
3.2779609370e+00 1.1227688670e-12 
3.2774609370e+00 1.1204743960e-12 
3.2769609370e+00 1.1181707990e-12 
3.2764609370e+00 1.1158595180e-12 
3.2759609370e+00 1.1135557400e-12 
3.2754609370e+00 1.1113156310e-12 
3.2749609370e+00 1.1090553310e-12 
3.2744609370e+00 1.1067359940e-12 
3.2739609370e+00 1.1044704080e-12 
3.2734609370e+00 1.1022093880e-12 
3.2729609370e+00 1.0999698520e-12 
3.2724609370e+00 1.0976939470e-12 
3.2719609370e+00 1.0954277290e-12 
3.2714609370e+00 1.0931916680e-12 
3.2709609370e+00 1.0909336540e-12 
3.2704609370e+00 1.0887130080e-12 
3.2699609370e+00 1.0864530740e-12 
3.2694609370e+00 1.0842465920e-12 
3.2689609370e+00 1.0819996780e-12 
3.2684609370e+00 1.0797817820e-12 
3.2679609370e+00 1.0775789100e-12 
3.2674609370e+00 1.0753269440e-12 
3.2669609370e+00 1.0731244680e-12 
3.2664609370e+00 1.0709043340e-12 
3.2659609370e+00 1.0687128080e-12 
3.2654609370e+00 1.0665048790e-12 
3.2649609370e+00 1.0642844150e-12 
3.2644609370e+00 1.0621112550e-12 
3.2639609370e+00 1.0598962170e-12 
3.2634609370e+00 1.0577522970e-12 
3.2629609370e+00 1.0555955330e-12 
3.2624609370e+00 1.0534173640e-12 
3.2619609370e+00 1.0512307400e-12 
3.2614609370e+00 1.0490892370e-12 
3.2609609370e+00 1.0469333290e-12 
3.2604609370e+00 1.0447856810e-12 
3.2599609370e+00 1.0426120390e-12 
3.2594609370e+00 1.0404671280e-12 
3.2589609370e+00 1.0383298550e-12 
3.2584609370e+00 1.0362001150e-12 
3.2579609370e+00 1.0340451190e-12 
3.2574609370e+00 1.0319160390e-12 
3.2569609370e+00 1.0297866650e-12 
3.2564609370e+00 1.0276708850e-12 
3.2559609370e+00 1.0255293310e-12 
3.2554609370e+00 1.0234400160e-12 
3.2549609370e+00 1.0212917210e-12 
3.2544609370e+00 1.0192053810e-12 
3.2539609370e+00 1.0171108180e-12 
3.2534609370e+00 1.0150089730e-12 
3.2529609370e+00 1.0129089340e-12 
3.2524609370e+00 1.0108108060e-12 
3.2519609370e+00 1.0087405950e-12 
3.2514609370e+00 1.0066647790e-12 
3.2509609370e+00 1.0045502540e-12 
3.2504609370e+00 1.0024651120e-12 
3.2499609370e+00 1.0004083100e-12 
3.2494609370e+00 9.9837107600e-13 
3.2489609370e+00 9.9626391390e-13 
3.2484609370e+00 9.9422154280e-13 
3.2479609370e+00 9.9215540510e-13 
3.2474609370e+00 9.9013547220e-13 
3.2469609370e+00 9.8804352630e-13 
3.2464609370e+00 9.8600467860e-13 
3.2459609370e+00 9.8397046550e-13 
3.2454609370e+00 9.8193784870e-13 
3.2449609370e+00 9.7989724330e-13 
3.2444609370e+00 9.7792728860e-13 
3.2439609370e+00 9.7589786290e-13 
3.2434609370e+00 9.7386431690e-13 
3.2429609370e+00 9.7183333560e-13 
3.2424609370e+00 9.6981014200e-13 
3.2419609370e+00 9.6780685160e-13 
3.2414609370e+00 9.6578931620e-13 
3.2409609370e+00 9.6382343420e-13 
3.2404609370e+00 9.6181072690e-13 
3.2399609370e+00 9.5984706490e-13 
3.2394609370e+00 9.5783292500e-13 
3.2389609370e+00 9.5586490890e-13 
3.2384609370e+00 9.5386072490e-13 
3.2379609370e+00 9.5187551480e-13 
3.2374609370e+00 9.4990552030e-13 
3.2369609370e+00 9.4792400800e-13 
3.2364609370e+00 9.4598236000e-13 
3.2359609370e+00 9.4403452290e-13 
3.2354609370e+00 9.4207799150e-13 
3.2349609370e+00 9.4010785880e-13 
3.2344609370e+00 9.3817435820e-13 
3.2339609370e+00 9.3621994870e-13 
3.2334609370e+00 9.3427376820e-13 
3.2329609370e+00 9.3232923870e-13 
3.2324609370e+00 9.3043325180e-13 
3.2319609370e+00 9.2847176840e-13 
3.2314609370e+00 9.2655287740e-13 
3.2309609370e+00 9.2460034440e-13 
3.2304609370e+00 9.2268643800e-13 
3.2299609370e+00 9.2078463360e-13 
3.2294609370e+00 9.1886370710e-13 
3.2289609370e+00 9.1696062890e-13 
3.2284609370e+00 9.1506391270e-13 
3.2279609370e+00 9.1314703390e-13 
3.2274609370e+00 9.1125688390e-13 
3.2269609370e+00 9.0936881800e-13 
3.2264609370e+00 9.0746403950e-13 
3.2259609370e+00 9.0558317390e-13 
3.2254609370e+00 9.0368632930e-13 
3.2249609370e+00 9.0181621980e-13 
3.2244609370e+00 8.9996125480e-13 
3.2239609370e+00 8.9806838340e-13 
3.2234609370e+00 8.9619149440e-13 
3.2229609370e+00 8.9433288650e-13 
3.2224609370e+00 8.9246582610e-13 
3.2219609370e+00 8.9061336470e-13 
3.2214609370e+00 8.8874708990e-13 
3.2209609370e+00 8.8687697230e-13 
3.2204609370e+00 8.8502682350e-13 
3.2199609370e+00 8.8318317310e-13 
3.2194609370e+00 8.8133724960e-13 
3.2189609370e+00 8.7949448490e-13 
3.2184609370e+00 8.7765843080e-13 
3.2179609370e+00 8.7582470220e-13 
3.2174609370e+00 8.7398264810e-13 
3.2169609370e+00 8.7215357400e-13 
3.2164609370e+00 8.7033393020e-13 
3.2159609370e+00 8.6849959400e-13 
3.2154609370e+00 8.6671134630e-13 
3.2149609370e+00 8.6489117700e-13 
3.2144609370e+00 8.6305840730e-13 
3.2139609370e+00 8.6125857090e-13 
3.2134609370e+00 8.5944701810e-13 
3.2129609370e+00 8.5765516430e-13 
3.2124609370e+00 8.5583965210e-13 
3.2119609370e+00 8.5405008810e-13 
3.2114609370e+00 8.5225211490e-13 
3.2109609370e+00 8.5045920550e-13 
3.2104609370e+00 8.4864901220e-13 
3.2099609370e+00 8.4688325600e-13 
3.2094609370e+00 8.4508831270e-13 
3.2089609370e+00 8.4331431120e-13 
3.2084609370e+00 8.4152950490e-13 
3.2079609370e+00 8.3977002870e-13 
3.2074609370e+00 8.3799901870e-13 
3.2069609370e+00 8.3623569170e-13 
3.2064609370e+00 8.3447597590e-13 
3.2059609370e+00 8.3267841240e-13 
3.2054609370e+00 8.3094764400e-13 
3.2049609370e+00 8.2919406830e-13 
3.2044609370e+00 8.2744327250e-13 
3.2039609370e+00 8.2569870380e-13 
3.2034609370e+00 8.2395796130e-13 
3.2029609370e+00 8.2222313470e-13 
3.2024609370e+00 8.2047104090e-13 
3.2019609370e+00 8.1872549170e-13 
3.2014609370e+00 8.1700559920e-13 
3.2009609370e+00 8.1526175890e-13 
3.2004609370e+00 8.1355997330e-13 
3.1999609370e+00 8.1186358750e-13 
3.1994609370e+00 8.1013646880e-13 
3.1989609370e+00 8.0841892930e-13 
3.1984609370e+00 8.0670804590e-13 
3.1979609370e+00 8.0498700540e-13 
3.1974609370e+00 8.0329758040e-13 
3.1969609370e+00 8.0158588660e-13 
3.1964609370e+00 7.9988074840e-13 
3.1959609370e+00 7.9820921500e-13 
3.1954609370e+00 7.9651249160e-13 
3.1949609370e+00 7.9482525100e-13 
3.1944609370e+00 7.9316033930e-13 
3.1939609370e+00 7.9146272140e-13 
3.1934609370e+00 7.8978576360e-13 
3.1929609370e+00 7.8807244640e-13 
3.1924609370e+00 7.8644359950e-13 
3.1919609370e+00 7.8475019850e-13 
3.1914609370e+00 7.8307265740e-13 
3.1909609370e+00 7.8141233490e-13 
3.1904609370e+00 7.7976087740e-13 
3.1899609370e+00 7.7812319400e-13 
3.1894609370e+00 7.7647056680e-13 
3.1889609370e+00 7.7482085480e-13 
3.1884609370e+00 7.7318627750e-13 
3.1879609370e+00 7.7154803800e-13 
3.1874609370e+00 7.6987397200e-13 
3.1869609370e+00 7.6826642450e-13 
3.1864609370e+00 7.6660884950e-13 
3.1859609370e+00 7.6498051240e-13 
3.1854609370e+00 7.6336930000e-13 
3.1849609370e+00 7.6172518990e-13 
3.1844609370e+00 7.6010854520e-13 
3.1839609370e+00 7.5845096340e-13 
3.1834609370e+00 7.5688267300e-13 
3.1829609370e+00 7.5527574490e-13 
3.1824609370e+00 7.5363446070e-13 
3.1819609370e+00 7.5204048580e-13 
3.1814609370e+00 7.5043367090e-13 
3.1809609370e+00 7.4881976070e-13 
3.1804609370e+00 7.4722684870e-13 
3.1799609370e+00 7.4563290030e-13 
3.1794609370e+00 7.4406224600e-13 
3.1789609370e+00 7.4248178320e-13 
3.1784609370e+00 7.4086812160e-13 
3.1779609370e+00 7.3928947390e-13 
3.1774609370e+00 7.3772208330e-13 
3.1769609370e+00 7.3614420160e-13 
3.1764609370e+00 7.3456004600e-13 
3.1759609370e+00 7.3300796750e-13 
3.1754609370e+00 7.3142332230e-13 
3.1749609370e+00 7.2987775220e-13 
3.1744609370e+00 7.2831340230e-13 
3.1739609370e+00 7.2677967010e-13 
3.1734609370e+00 7.2520355810e-13 
3.1729609370e+00 7.2365994550e-13 
3.1724609370e+00 7.2211353470e-13 
3.1719609370e+00 7.2055837420e-13 
3.1714609370e+00 7.1901827540e-13 
3.1709609370e+00 7.1747402350e-13 
3.1704609370e+00 7.1594024010e-13 
3.1699609370e+00 7.1440721370e-13 
3.1694609370e+00 7.1286523310e-13 
3.1689609370e+00 7.1134468890e-13 
3.1684609370e+00 7.0983388560e-13 
3.1679609370e+00 7.0831381740e-13 
3.1674609370e+00 7.0677780130e-13 
3.1669609370e+00 7.0527795020e-13 
3.1664609370e+00 7.0375087420e-13 
3.1659609370e+00 7.0224158480e-13 
3.1654609370e+00 7.0072470560e-13 
3.1649609370e+00 6.9923856430e-13 
3.1644609370e+00 6.9774556600e-13 
3.1639609370e+00 6.9621114430e-13 
3.1634609370e+00 6.9475330900e-13 
3.1629609370e+00 6.9325290330e-13 
3.1624609370e+00 6.9174982120e-13 
3.1619609370e+00 6.9025231380e-13 
3.1614609370e+00 6.8877301830e-13 
3.1609609370e+00 6.8730619180e-13 
3.1604609370e+00 6.8584055630e-13 
3.1599609370e+00 6.8434572270e-13 
3.1594609370e+00 6.8289636140e-13 
3.1589609370e+00 6.8139482840e-13 
3.1584609370e+00 6.7995088360e-13 
3.1579609370e+00 6.7846723520e-13 
3.1574609380e+00 6.7701548970e-13 
3.1569609380e+00 6.7553780100e-13 
3.1564609380e+00 6.7407991090e-13 
3.1559609380e+00 6.7260192690e-13 
3.1554609380e+00 6.7118729150e-13 
3.1549609380e+00 6.6970870190e-13 
3.1544609380e+00 6.6826745860e-13 
3.1539609380e+00 6.6680936170e-13 
3.1534609380e+00 6.6537973590e-13 
3.1529609380e+00 6.6395038500e-13 
3.1524609380e+00 6.6249979660e-13 
3.1519609380e+00 6.6105648150e-13 
3.1514609380e+00 6.5963077940e-13 
3.1509609380e+00 6.5819052560e-13 
3.1504609380e+00 6.5675827840e-13 
3.1500000000e+00 6.5544075100e-13 
3.1400000000e+00 6.2754688160e-13 
3.1300000000e+00 6.0062742010e-13 
3.1200000000e+00 5.7477888860e-13 
3.1100000000e+00 5.4990146770e-13 
3.1000000000e+00 5.2592715820e-13 
3.0900000000e+00 5.0283777940e-13 
3.0800000000e+00 4.8069591100e-13 
3.0700000000e+00 4.5935039870e-13 
3.0600000000e+00 4.3951799040e-13 
3.0500000000e+00 4.2040572160e-13 
3.0400000000e+00 4.0192119350e-13 
3.0300000000e+00 3.8419655370e-13 
3.0200000000e+00 3.6711579980e-13 
3.0100000000e+00 3.5075807000e-13 
3.0000000000e+00 3.3491944360e-13 
2.9500000000e+00 2.6691290410e-13 
2.9000000000e+00 2.1209856240e-13 
2.8500000000e+00 1.6697271740e-13 
2.8000000000e+00 1.3096804090e-13 
2.7500000000e+00 1.0341139400e-13 
2.7000000000e+00 8.2604711400e-14 
2.6500000000e+00 6.6906354880e-14 
2.6000000000e+00 5.4884007750e-14 
2.5500000000e+00 4.5721322840e-14 
2.5000000000e+00 3.8563641860e-14 
2.4500000000e+00 3.2836606120e-14 
2.4000000000e+00 2.8238835810e-14 
2.3500000000e+00 2.4362021720e-14 
2.3000000000e+00 2.1160019300e-14 
2.2500000000e+00 1.8477005190e-14 
2.2000000000e+00 1.6194210300e-14 
2.1500000000e+00 1.4343853700e-14 
2.1000000000e+00 1.2823414180e-14 
2.0500000000e+00 1.1587552090e-14 
2.0000000000e+00 1.0595762780e-14 
1.9500000000e+00 9.7406087790e-15 
1.9000000000e+00 8.9751100180e-15 
1.8500000000e+00 8.2806525200e-15 
1.8000000000e+00 7.6500776720e-15 
1.7500000000e+00 7.1365054700e-15 
1.7000000000e+00 6.5772046240e-15 
1.6500000000e+00 6.1011599930e-15 
1.6000000000e+00 5.6053684670e-15 
1.5500000000e+00 5.1728691520e-15 
1.5000000000e+00 4.7525745890e-15 
1.4500000000e+00 4.3421191280e-15 
1.4000000000e+00 3.9637088130e-15 
1.3500000000e+00 3.6300185100e-15 
1.3000000000e+00 3.2840217380e-15 
1.2500000000e+00 2.9772026110e-15 
1.2000000000e+00 2.7128584010e-15 
1.1500000000e+00 2.4847721850e-15 
1.1000000000e+00 2.3237792250e-15 
1.0500000000e+00 2.1584586040e-15 
1.0000000000e+00 1.9993446390e-15 
9.5000000000e-01 1.8348774600e-15 
9.0000000000e-01 1.6991681880e-15 
8.5000000000e-01 1.5931360580e-15 
8.0000000000e-01 1.4899307070e-15 
7.5000000000e-01 1.3894441500e-15 
7.0000000000e-01 1.2800120540e-15 
6.5000000000e-01 1.2055127020e-15 
6.0000000000e-01 1.0807804520e-15 
5.5000000000e-01 1.0142499180e-15 
5.0000000000e-01 9.1664308700e-16 
4.5000000000e-01 8.0985905330e-16 
4.0000000000e-01 6.7624914020e-16 
3.5000000000e-01 5.8769043210e-16 
3.0000000000e-01 4.8596964460e-16 
2.5000000000e-01 4.4647115840e-16 
2.0000000000e-01 3.4010956900e-16 
1.5000000000e-01 2.5239890660e-16 
1.0000000000e-01 1.7481815040e-16 
5.0000000000e-02 8.9365063170e-17 
0.0000000000e+00 -1.8965219090e-20 
