EXPORTED XY-GRAPH DATA
1583 2 2
Drain Voltage
Drain Current
0.0000000000e+00 7.1346762410e-18 
5.0000000000e-02 9.4638931240e-17 
1.0000000000e-01 1.7756605810e-16 
1.5000000000e-01 2.4612643480e-16 
2.0000000000e-01 3.4733503010e-16 
2.5000000000e-01 4.8970307300e-16 
3.0000000000e-01 5.2544524500e-16 
3.5000000000e-01 5.9862815880e-16 
4.0000000000e-01 6.9112923800e-16 
4.5000000000e-01 8.3647993690e-16 
5.0000000000e-01 9.2672634380e-16 
5.5000000000e-01 1.0188769290e-15 
6.0000000000e-01 1.1206279960e-15 
6.5000000000e-01 1.2284144960e-15 
7.0000000000e-01 1.3425332840e-15 
7.5000000000e-01 1.4129987460e-15 
8.0000000000e-01 1.5272462790e-15 
8.5000000000e-01 1.6418527810e-15 
9.0000000000e-01 1.7559227040e-15 
9.5000000000e-01 1.9254120090e-15 
1.0000000000e+00 2.0781428510e-15 
1.0500000000e+00 2.2473819140e-15 
1.1000000000e+00 2.4357409260e-15 
1.1500000000e+00 2.6197228280e-15 
1.2000000000e+00 2.8566504800e-15 
1.2500000000e+00 3.1200008020e-15 
1.3000000000e+00 3.4651825030e-15 
1.3500000000e+00 3.7916670500e-15 
1.4000000000e+00 4.1601048120e-15 
1.4500000000e+00 4.5485398440e-15 
1.5000000000e+00 4.9965748890e-15 
1.5500000000e+00 5.4356583060e-15 
1.6000000000e+00 5.8998485290e-15 
1.6500000000e+00 6.4168776010e-15 
1.7000000000e+00 6.9180992420e-15 
1.7500000000e+00 7.4757333410e-15 
1.8000000000e+00 8.0818560610e-15 
1.8500000000e+00 8.7028380700e-15 
1.9000000000e+00 9.4173724280e-15 
1.9500000000e+00 1.0237086810e-14 
2.0000000000e+00 1.1105785330e-14 
2.0500000000e+00 1.2148246540e-14 
2.1000000000e+00 1.3506041170e-14 
2.1500000000e+00 1.5125899900e-14 
2.2000000000e+00 1.7109694870e-14 
2.2500000000e+00 1.9527771380e-14 
2.3000000000e+00 2.2472929150e-14 
2.3500000000e+00 2.5919849770e-14 
2.4000000000e+00 3.0025877570e-14 
2.4500000000e+00 3.5016438870e-14 
2.5000000000e+00 4.1221258680e-14 
2.5500000000e+00 4.8995888370e-14 
2.6000000000e+00 5.9133576720e-14 
2.6500000000e+00 7.2320307830e-14 
2.7000000000e+00 8.9590513890e-14 
2.7500000000e+00 1.1257559610e-13 
2.8000000000e+00 1.4275604600e-13 
2.8500000000e+00 1.8207264760e-13 
2.9000000000e+00 2.3027584030e-13 
2.9500000000e+00 2.8925776150e-13 
3.0000000000e+00 3.6262689080e-13 
3.0500000000e+00 4.5379637490e-13 
3.1000000000e+00 5.6659026170e-13 
3.1500000000e+00 7.0406928870e-13 
3.2000000000e+00 8.6965417540e-13 
3.2500000000e+00 1.0687885470e-12 
3.3000000000e+00 1.3098326340e-12 
3.3500000000e+00 1.6022326310e-12 
3.4000000000e+00 1.9584508370e-12 
3.4500000000e+00 2.3945892920e-12 
3.5000000000e+00 2.9329689400e-12 
3.5500000000e+00 3.6061897500e-12 
3.6000000000e+00 4.4603257990e-12 
3.6100000000e+00 4.6588005070e-12 
3.6200000000e+00 4.8681597830e-12 
3.6300000000e+00 5.0892651220e-12 
3.6400000000e+00 5.3232140820e-12 
3.6500000000e+00 5.5711286640e-12 
3.6600000000e+00 5.8343208780e-12 
3.6700000000e+00 6.1138956690e-12 
3.6800000000e+00 6.4119140540e-12 
3.6900000000e+00 6.7304546080e-12 
3.7000000000e+00 7.0719575520e-12 
3.7005000000e+00 7.0896992460e-12 
3.7010000000e+00 7.1075143600e-12 
3.7015000000e+00 7.1253422390e-12 
3.7020000000e+00 7.1432832580e-12 
3.7025000000e+00 7.1612583850e-12 
3.7030000000e+00 7.1793102500e-12 
3.7035000000e+00 7.1974457670e-12 
3.7040000000e+00 7.2156303920e-12 
3.7045000000e+00 7.2338611150e-12 
3.7050000000e+00 7.2522020780e-12 
3.7055000000e+00 7.2706105860e-12 
3.7060000000e+00 7.2890643090e-12 
3.7065000000e+00 7.3075872840e-12 
3.7070000000e+00 7.3262031270e-12 
3.7075000000e+00 7.3448526420e-12 
3.7080000000e+00 7.3635884770e-12 
3.7085000000e+00 7.3823849540e-12 
3.7090000000e+00 7.4012873070e-12 
3.7095000000e+00 7.4202248460e-12 
3.7100000000e+00 7.4392566900e-12 
3.7105000000e+00 7.4583498490e-12 
3.7110000000e+00 7.4775299180e-12 
3.7115000000e+00 7.4967754960e-12 
3.7120000000e+00 7.5161345250e-12 
3.7125000000e+00 7.5355204360e-12 
3.7130000000e+00 7.5549765750e-12 
3.7135000000e+00 7.5745340650e-12 
3.7140000000e+00 7.5941345330e-12 
3.7145000000e+00 7.6138696720e-12 
3.7150000000e+00 7.6336100920e-12 
3.7155000000e+00 7.6534760980e-12 
3.7160000000e+00 7.6733975110e-12 
3.7165000000e+00 7.6934201740e-12 
3.7170000000e+00 7.7135154700e-12 
3.7175000000e+00 7.7336904950e-12 
3.7180000000e+00 7.7539613270e-12 
3.7185000000e+00 7.7742909900e-12 
3.7190000000e+00 7.7947139390e-12 
3.7195000000e+00 7.8152170060e-12 
3.7200000000e+00 7.8357905720e-12 
3.7205000000e+00 7.8564331660e-12 
3.7210000000e+00 7.8772058660e-12 
3.7215000000e+00 7.8980479830e-12 
3.7220000000e+00 7.9189615910e-12 
3.7225000000e+00 7.9399694400e-12 
3.7230000000e+00 7.9610629480e-12 
3.7235000000e+00 7.9822230890e-12 
3.7240000000e+00 8.0035108320e-12 
3.7245000000e+00 8.0248496040e-12 
3.7250000000e+00 8.0462924360e-12 
3.7255000000e+00 8.0678194590e-12 
3.7260000000e+00 8.0894376440e-12 
3.7265000000e+00 8.1111746400e-12 
3.7270000000e+00 8.1329600280e-12 
3.7275000000e+00 8.1548280320e-12 
3.7280000000e+00 8.1768329250e-12 
3.7285000000e+00 8.1989322730e-12 
3.7290000000e+00 8.2211169570e-12 
3.7295000000e+00 8.2433599940e-12 
3.7300000000e+00 8.2657171140e-12 
3.7305000000e+00 8.2881876510e-12 
3.7310000000e+00 8.3107100510e-12 
3.7315000000e+00 8.3334034280e-12 
3.7320000000e+00 8.3561693620e-12 
3.7325000000e+00 8.3790425820e-12 
3.7330000000e+00 8.4019649750e-12 
3.7335000000e+00 8.4249899590e-12 
3.7340000000e+00 8.4481433820e-12 
3.7345000000e+00 8.4713992900e-12 
3.7350000000e+00 8.4947947000e-12 
3.7355000000e+00 8.5182639700e-12 
3.7360000000e+00 8.5418410870e-12 
3.7365000000e+00 8.5656033940e-12 
3.7370000000e+00 8.5893747660e-12 
3.7375000000e+00 8.6133024200e-12 
3.7380000000e+00 8.6372881530e-12 
3.7385000000e+00 8.6613967470e-12 
3.7390000000e+00 8.6855672450e-12 
3.7395000000e+00 8.7099511060e-12 
3.7400000000e+00 8.7343316570e-12 
3.7405000000e+00 8.7589166410e-12 
3.7410000000e+00 8.7835770540e-12 
3.7415000000e+00 8.8083828850e-12 
3.7420000000e+00 8.8332485710e-12 
3.7425000000e+00 8.8582825280e-12 
3.7430000000e+00 8.8833866030e-12 
3.7435000000e+00 8.9086279570e-12 
3.7440000000e+00 8.9340204870e-12 
3.7445000000e+00 8.9595090580e-12 
3.7450000000e+00 8.9851281360e-12 
3.7455000000e+00 9.0108523430e-12 
3.7460000000e+00 9.0366936870e-12 
3.7465000000e+00 9.0626403610e-12 
3.7470000000e+00 9.0887791400e-12 
3.7475000000e+00 9.1149915870e-12 
3.7480000000e+00 9.1413615460e-12 
3.7485000000e+00 9.1678464970e-12 
3.7490000000e+00 9.1944915330e-12 
3.7495000000e+00 9.2211920940e-12 
3.7500000000e+00 9.2480746220e-12 
3.7505000000e+00 9.2750947020e-12 
3.7510000000e+00 9.3022462450e-12 
3.7515000000e+00 9.3295178310e-12 
3.7520000000e+00 9.3569421060e-12 
3.7525000000e+00 9.3845122400e-12 
3.7530000000e+00 9.4122061490e-12 
3.7535000000e+00 9.4400486390e-12 
3.7540000000e+00 9.4680276440e-12 
3.7545000000e+00 9.4961608610e-12 
3.7550000000e+00 9.5244094830e-12 
3.7555000000e+00 9.5528417420e-12 
3.7560000000e+00 9.5814042820e-12 
3.7565000000e+00 9.6101205780e-12 
3.7570000000e+00 9.6389693250e-12 
3.7575000000e+00 9.6679991070e-12 
3.7580000000e+00 9.6971624250e-12 
3.7585000000e+00 9.7264901000e-12 
3.7590000000e+00 9.7559531070e-12 
3.7595000000e+00 9.7856085750e-12 
3.7600000000e+00 9.8153908170e-12 
3.7605000000e+00 9.8453442080e-12 
3.7610000000e+00 9.8754474370e-12 
3.7615000000e+00 9.9057552080e-12 
3.7620000000e+00 9.9362074170e-12 
3.7625000000e+00 9.9668240380e-12 
3.7630000000e+00 9.9976335290e-12 
3.7635000000e+00 1.0028575290e-11 
3.7640000000e+00 1.0059711510e-11 
3.7645000000e+00 1.0091024180e-11 
3.7650000000e+00 1.0122501150e-11 
3.7655000000e+00 1.0154187660e-11 
3.7660000000e+00 1.0185976510e-11 
3.7665000000e+00 1.0218053940e-11 
3.7670000000e+00 1.0250223840e-11 
3.7675000000e+00 1.0282635050e-11 
3.7680000000e+00 1.0315185550e-11 
3.7685000000e+00 1.0347995770e-11 
3.7690000000e+00 1.0380930030e-11 
3.7695000000e+00 1.0414118670e-11 
3.7700000000e+00 1.0447430610e-11 
3.7705000000e+00 1.0481003570e-11 
3.7710000000e+00 1.0514722330e-11 
3.7715000000e+00 1.0548690650e-11 
3.7720000000e+00 1.0582866940e-11 
3.7725000000e+00 1.0617258760e-11 
3.7730000000e+00 1.0651804110e-11 
3.7735000000e+00 1.0686553890e-11 
3.7740000000e+00 1.0721594380e-11 
3.7745000000e+00 1.0756838090e-11 
3.7750000000e+00 1.0792268940e-11 
3.7755000000e+00 1.0827925770e-11 
3.7760000000e+00 1.0863800320e-11 
3.7765000000e+00 1.0899932150e-11 
3.7770000000e+00 1.0936272450e-11 
3.7775000000e+00 1.0972842060e-11 
3.7780000000e+00 1.1009662040e-11 
3.7785000000e+00 1.1046705670e-11 
3.7790000000e+00 1.1084032830e-11 
3.7795000000e+00 1.1121425890e-11 
3.7800000000e+00 1.1159211570e-11 
3.7805000000e+00 1.1197247440e-11 
3.7810000000e+00 1.1235533640e-11 
3.7815000000e+00 1.1274078500e-11 
3.7820000000e+00 1.1312937950e-11 
3.7825000000e+00 1.1352008110e-11 
3.7830000000e+00 1.1391342290e-11 
3.7835000000e+00 1.1431210550e-11 
3.7840000000e+00 1.1471430350e-11 
3.7845000000e+00 1.1511896920e-11 
3.7850000000e+00 1.1552663080e-11 
3.7855000000e+00 1.1593746130e-11 
3.7860000000e+00 1.1635088440e-11 
3.7865000000e+00 1.1676745360e-11 
3.7870000000e+00 1.1718714300e-11 
3.7875000000e+00 1.1760966800e-11 
3.7880000000e+00 1.1803541780e-11 
3.7885000000e+00 1.1846444800e-11 
3.7890000000e+00 1.1889621380e-11 
3.7895000000e+00 1.1933142010e-11 
3.7900000000e+00 1.1976955970e-11 
3.7905000000e+00 1.2021156860e-11 
3.7910000000e+00 1.2065644370e-11 
3.7915000000e+00 1.2110513550e-11 
3.7920000000e+00 1.2155718010e-11 
3.7925000000e+00 1.2201241020e-11 
3.7930000000e+00 1.2247162500e-11 
3.7935000000e+00 1.2293434340e-11 
3.7940000000e+00 1.2340085140e-11 
3.7945000000e+00 1.2387092190e-11 
3.7950000000e+00 1.2434513070e-11 
3.7955000000e+00 1.2482334010e-11 
3.7960000000e+00 1.2530526360e-11 
3.7965000000e+00 1.2579156480e-11 
3.7970000000e+00 1.2628329380e-11 
3.7975000000e+00 1.2677781580e-11 
3.7980000000e+00 1.2727663250e-11 
3.7985000000e+00 1.2778018370e-11 
3.7990000000e+00 1.2828802220e-11 
3.7995000000e+00 1.2880053100e-11 
3.8000000000e+00 1.2931733810e-11 
3.8005000000e+00 1.2983902430e-11 
3.8010000000e+00 1.3036517670e-11 
3.8015000000e+00 1.3089637370e-11 
3.8020000000e+00 1.3143230900e-11 
3.8025000000e+00 1.3197331560e-11 
3.8030000000e+00 1.3251935160e-11 
3.8035000000e+00 1.3307069700e-11 
3.8040000000e+00 1.3362738190e-11 
3.8045000000e+00 1.3418933530e-11 
3.8050000000e+00 1.3475656700e-11 
3.8055000000e+00 1.3532943830e-11 
3.8060000000e+00 1.3590822380e-11 
3.8065000000e+00 1.3649083850e-11 
3.8070000000e+00 1.3708130370e-11 
3.8075000000e+00 1.3767757930e-11 
3.8080000000e+00 1.3828064570e-11 
3.8085000000e+00 1.3888955530e-11 
3.8090000000e+00 1.3950469630e-11 
3.8095000000e+00 1.4012679700e-11 
3.8100000000e+00 1.4075580880e-11 
3.8105000000e+00 1.4139127980e-11 
3.8110000000e+00 1.4203427720e-11 
3.8115000000e+00 1.4268416370e-11 
3.8120000000e+00 1.4334411560e-11 
3.8125000000e+00 1.4400954230e-11 
3.8130000000e+00 1.4468258300e-11 
3.8135000000e+00 1.4536332010e-11 
3.8140000000e+00 1.4605261030e-11 
3.8145000000e+00 1.4675014640e-11 
3.8150000000e+00 1.4745623510e-11 
3.8155000000e+00 1.4816879570e-11 
3.8160000000e+00 1.4889252050e-11 
3.8165000000e+00 1.4962503160e-11 
3.8170000000e+00 1.5036761030e-11 
3.8175000000e+00 1.5111930580e-11 
3.8180000000e+00 1.5188430430e-11 
3.8185000000e+00 1.5265718140e-11 
3.8190000000e+00 1.5344087040e-11 
3.8195000000e+00 1.5423543720e-11 
3.8200000000e+00 1.5503825670e-11 
3.8300000000e+00 1.7421515010e-11 
3.8350000000e+00 1.8717276650e-11 
3.8400000000e+00 4.6577669400e-06 
3.8500000000e+00 4.8839513750e-06 
3.8600000000e+00 5.1145012820e-06 
3.8700000000e+00 5.3493440970e-06 
3.8800000000e+00 5.5885290060e-06 
3.8900000000e+00 5.8319997090e-06 
3.9000000000e+00 6.0797767070e-06 
3.9100000000e+00 6.3318435140e-06 
3.9200000000e+00 6.5881859990e-06 
3.9300000000e+00 6.8488291140e-06 
3.9400000000e+00 7.1138178640e-06 
3.9500000000e+00 7.3831758480e-06 
3.9600000000e+00 7.6568743050e-06 
3.9700000000e+00 7.9348896250e-06 
3.9800000000e+00 8.2172315460e-06 
3.9900000000e+00 8.5039141590e-06 
4.0000000000e+00 8.7949514300e-06 
4.0100000000e+00 9.0903941430e-06 
4.0200000000e+00 9.3902642260e-06 
4.0300000000e+00 9.6945268750e-06 
4.0400000000e+00 1.0003200720e-05 
4.0500000000e+00 1.0316303730e-05 
4.0600000000e+00 1.0633862630e-05 
4.0700000000e+00 1.0955905410e-05 
4.0800000000e+00 1.1282250040e-05 
4.0900000000e+00 1.1613118490e-05 
4.1000000000e+00 1.1948523360e-05 
4.1100000000e+00 1.2288492580e-05 
4.1200000000e+00 1.2633055830e-05 
4.1300000000e+00 1.2982276240e-05 
4.1400000000e+00 1.3336220850e-05 
4.1500000000e+00 1.3694839450e-05 
4.1600000000e+00 1.4058066990e-05 
4.1700000000e+00 1.4425880300e-05 
4.1800000000e+00 1.4798285990e-05 
4.1900000000e+00 1.5175212810e-05 
4.2000000000e+00 1.5556505390e-05 
4.2100000000e+00 1.5942471780e-05 
4.2200000000e+00 1.6333160930e-05 
4.2300000000e+00 1.6728601750e-05 
4.2400000000e+00 1.7128821730e-05 
4.2500000000e+00 1.7533870830e-05 
4.2600000000e+00 1.7943765500e-05 
4.2700000000e+00 1.8358524620e-05 
4.2800000000e+00 1.8778179790e-05 
4.2900000000e+00 1.9202835060e-05 
4.3000000000e+00 1.9632426840e-05 
4.3100000000e+00 2.0066985690e-05 
4.3200000000e+00 2.0506542970e-05 
4.3300000000e+00 2.0951131200e-05 
4.3400000000e+00 2.1400755390e-05 
4.3500000000e+00 2.1855474950e-05 
4.3600000000e+00 2.2315325140e-05 
4.3700000000e+00 2.2780341690e-05 
4.3800000000e+00 2.3250550830e-05 
4.3900000000e+00 2.3725989930e-05 
4.4000000000e+00 2.4206707150e-05 
4.4100000000e+00 2.4692743620e-05 
4.4200000000e+00 2.5184147070e-05 
4.4300000000e+00 2.5680794130e-05 
4.4400000000e+00 2.6182722320e-05 
4.4500000000e+00 2.6690119070e-05 
4.4600000000e+00 2.7203034810e-05 
4.4700000000e+00 2.7721522270e-05 
4.4800000000e+00 2.8245625950e-05 
4.4900000000e+00 2.8775358730e-05 
4.5000000000e+00 2.9310800240e-05 
4.5100000000e+00 2.9852005140e-05 
4.5200000000e+00 3.0399042720e-05 
4.5300000000e+00 3.0952164490e-05 
4.5400000000e+00 3.1511292680e-05 
4.5500000000e+00 3.2076798050e-05 
4.5600000000e+00 3.2648484960e-05 
4.5700000000e+00 3.3226327340e-05 
4.5800000000e+00 3.3810371000e-05 
4.5900000000e+00 3.4400946020e-05 
4.6000000000e+00 3.4998352070e-05 
4.6100000000e+00 3.5602266030e-05 
4.6200000000e+00 3.6212784170e-05 
4.6300000000e+00 3.6829998140e-05 
4.6400000000e+00 3.7453659590e-05 
4.6500000000e+00 3.8083759410e-05 
4.6600000000e+00 3.8719409200e-05 
4.6700000000e+00 3.9361133340e-05 
4.6800000000e+00 4.0007520870e-05 
4.6900000000e+00 4.0660621210e-05 
4.7000000000e+00 4.1320322100e-05 
4.7100000000e+00 4.1985504200e-05 
4.7200000000e+00 4.2656302380e-05 
4.7300000000e+00 4.3333741540e-05 
4.7400000000e+00 4.4017874930e-05 
4.7500000000e+00 4.4708358160e-05 
4.7600000000e+00 4.5405519370e-05 
4.7700000000e+00 4.6109522260e-05 
4.7800000000e+00 4.6820930430e-05 
4.7900000000e+00 4.7539504110e-05 
4.8000000000e+00 4.8264978680e-05 
4.8100000000e+00 4.8997409700e-05 
4.8200000000e+00 4.9736830550e-05 
4.8300000000e+00 5.0482726160e-05 
4.8400000000e+00 5.1235704570e-05 
4.8500000000e+00 5.1995822140e-05 
4.8600000000e+00 5.2763299330e-05 
4.8700000000e+00 5.3538255660e-05 
4.8800000000e+00 5.4320469490e-05 
4.8900000000e+00 5.5108665460e-05 
4.9000000000e+00 5.5903981980e-05 
4.9100000000e+00 5.6706643480e-05 
4.9200000000e+00 5.7516300160e-05 
4.9300000000e+00 5.8333304040e-05 
4.9400000000e+00 5.9157746960e-05 
4.9500000000e+00 5.9989690000e-05 
4.9600000000e+00 6.0829195770e-05 
4.9700000000e+00 6.1676328520e-05 
4.9800000000e+00 6.2531156960e-05 
4.9900000000e+00 6.3393272810e-05 
5.0000000000e+00 6.4263143790e-05 
5.0500000000e+00 6.8732441960e-05 
5.1000000000e+00 7.3394686850e-05 
5.1500000000e+00 7.8264492490e-05 
5.2000000000e+00 8.3356522830e-05 
5.2500000000e+00 8.8685881960e-05 
5.3000000000e+00 9.4280442060e-05 
5.3500000000e+00 1.0005747680e-04 
5.4000000000e+00 1.0601599110e-04 
5.4500000000e+00 1.1221351490e-04 
5.5000000000e+00 1.1863869420e-04 
5.5500000000e+00 1.2531667870e-04 
5.6000000000e+00 1.3225430710e-04 
5.6500000000e+00 1.3944488540e-04 
5.7000000000e+00 1.4691465140e-04 
5.7500000000e+00 1.5467562880e-04 
5.8000000000e+00 1.6277866790e-04 
5.8500000000e+00 1.7122617680e-04 
5.9000000000e+00 1.7993700830e-04 
5.9500000000e+00 1.8892057530e-04 
6.0000000000e+00 1.9824858370e-04 
6.0500000000e+00 2.0783581810e-04 
6.1000000000e+00 2.1738554850e-04 
6.1500000000e+00 2.2714157750e-04 
6.2000000000e+00 2.3711543120e-04 
6.2500000000e+00 2.4738218160e-04 
6.3000000000e+00 2.5789355600e-04 
6.3500000000e+00 2.6856908640e-04 
6.4000000000e+00 2.7948436220e-04 
6.4500000000e+00 2.9064067300e-04 
6.5000000000e+00 3.0202816390e-04 
6.5500000000e+00 3.1365932730e-04 
6.6000000000e+00 3.2554092820e-04 
6.6500000000e+00 3.3769971930e-04 
6.7000000000e+00 3.5014641210e-04 
6.7500000000e+00 3.6288070760e-04 
6.8000000000e+00 3.7546206120e-04 
6.8500000000e+00 3.8807658010e-04 
6.9000000000e+00 4.0087651010e-04 
6.9500000000e+00 4.1386929830e-04 
7.0000000000e+00 4.2705998160e-04 
6.9900000000e+00 4.2440483450e-04 
6.9800000000e+00 4.2175870340e-04 
6.9700000000e+00 4.1912058690e-04 
6.9600000000e+00 4.1649046490e-04 
6.9500000000e+00 4.1386830440e-04 
6.9400000000e+00 4.1125404250e-04 
6.9300000000e+00 4.0864766030e-04 
6.9200000000e+00 4.0604914370e-04 
6.9100000000e+00 4.0345845570e-04 
6.9000000000e+00 4.0087550970e-04 
6.8900000000e+00 3.9830027540e-04 
6.8800000000e+00 3.9573270230e-04 
6.8700000000e+00 3.9317276630e-04 
6.8600000000e+00 3.9062045430e-04 
6.8500000000e+00 3.8807557900e-04 
6.8400000000e+00 3.8553802100e-04 
6.8300000000e+00 3.8300778220e-04 
6.8200000000e+00 3.8048486200e-04 
6.8100000000e+00 3.7796926520e-04 
6.8000000000e+00 3.7546099790e-04 
6.7900000000e+00 3.7296006710e-04 
6.7800000000e+00 3.7046647880e-04 
6.7700000000e+00 3.6798022820e-04 
6.7600000000e+00 3.6546113050e-04 
6.7500000000e+00 3.6287998370e-04 
6.7400000000e+00 3.6030927790e-04 
6.7300000000e+00 3.5775064140e-04 
6.7200000000e+00 3.5520391180e-04 
6.7100000000e+00 3.5266895000e-04 
6.7000000000e+00 3.5014562070e-04 
6.6995000000e+00 3.5001957000e-04 
6.6990000000e+00 3.4989373520e-04 
6.6985000000e+00 3.4976792910e-04 
6.6980000000e+00 3.4964215170e-04 
6.6975000000e+00 3.4951640280e-04 
6.6970000000e+00 3.4939068260e-04 
6.6965000000e+00 3.4926499100e-04 
6.6960000000e+00 3.4913932800e-04 
6.6955000000e+00 3.4901369360e-04 
6.6950000000e+00 3.4888808770e-04 
6.6945000000e+00 3.4876251030e-04 
6.6940000000e+00 3.4863696150e-04 
6.6935000000e+00 3.4851144120e-04 
6.6930000000e+00 3.4838594940e-04 
6.6925000000e+00 3.4826048610e-04 
6.6920000000e+00 3.4813505120e-04 
6.6915000000e+00 3.4800964480e-04 
6.6910000000e+00 3.4788426680e-04 
6.6905000000e+00 3.4775891730e-04 
6.6900000000e+00 3.4763359610e-04 
6.6895000000e+00 3.4750830340e-04 
6.6890000000e+00 3.4738303910e-04 
6.6885000000e+00 3.4725780310e-04 
6.6880000000e+00 3.4713259540e-04 
6.6875000000e+00 3.4700741610e-04 
6.6870000000e+00 3.4688226510e-04 
6.6865000000e+00 3.4675714250e-04 
6.6860000000e+00 3.4663204810e-04 
6.6855000000e+00 3.4650698200e-04 
6.6850000000e+00 3.4638194410e-04 
6.6845000000e+00 3.4625693450e-04 
6.6840000000e+00 3.4613195320e-04 
6.6835000000e+00 3.4600700010e-04 
6.6830000000e+00 3.4588207510e-04 
6.6825000000e+00 3.4575717840e-04 
6.6820000000e+00 3.4563230990e-04 
6.6815000000e+00 3.4550746950e-04 
6.6810000000e+00 3.4538265730e-04 
6.6805000000e+00 3.4525787320e-04 
6.6800000000e+00 3.4513311720e-04 
6.6795000000e+00 3.4500838930e-04 
6.6790000000e+00 3.4488368960e-04 
6.6785000000e+00 3.4475901790e-04 
6.6780000000e+00 3.4463437420e-04 
6.6775000000e+00 3.4450975870e-04 
6.6770000000e+00 3.4438517120e-04 
6.6765000000e+00 3.4426061170e-04 
6.6760000000e+00 3.4413608020e-04 
6.6755000000e+00 3.4401157670e-04 
6.6750000000e+00 3.4388710120e-04 
6.6745000000e+00 3.4376265370e-04 
6.6740000000e+00 3.4363823410e-04 
6.6735000000e+00 3.4351384240e-04 
6.6730000000e+00 3.4338947870e-04 
6.6725000000e+00 3.4326514300e-04 
6.6720000000e+00 3.4314083510e-04 
6.6715000000e+00 3.4301655510e-04 
6.6710000000e+00 3.4289230300e-04 
6.6705000000e+00 3.4276807870e-04 
6.6700000000e+00 3.4264388230e-04 
6.6695000000e+00 3.4251971380e-04 
6.6690000000e+00 3.4239557300e-04 
6.6685000000e+00 3.4227146010e-04 
6.6680000000e+00 3.4214737500e-04 
6.6675000000e+00 3.4202331760e-04 
6.6670000000e+00 3.4189928800e-04 
6.6665000000e+00 3.4177528610e-04 
6.6660000000e+00 3.4165131200e-04 
6.6655000000e+00 3.4152736560e-04 
6.6650000000e+00 3.4140344700e-04 
6.6645000000e+00 3.4127955600e-04 
6.6640000000e+00 3.4115569270e-04 
6.6635000000e+00 3.4103185710e-04 
6.6630000000e+00 3.4090804910e-04 
6.6625000000e+00 3.4078426880e-04 
6.6620000000e+00 3.4066051610e-04 
6.6615000000e+00 3.4053679110e-04 
6.6610000000e+00 3.4041309360e-04 
6.6605000000e+00 3.4028942380e-04 
6.6600000000e+00 3.4016578150e-04 
6.6595000000e+00 3.4004216680e-04 
6.6590000000e+00 3.3991857970e-04 
6.6585000000e+00 3.3979502010e-04 
6.6580000000e+00 3.3967148800e-04 
6.6575000000e+00 3.3954798350e-04 
6.6570000000e+00 3.3942450650e-04 
6.6565000000e+00 3.3930105690e-04 
6.6560000000e+00 3.3917763490e-04 
6.6555000000e+00 3.3905424030e-04 
6.6550000000e+00 3.3893087310e-04 
6.6545000000e+00 3.3880753350e-04 
6.6540000000e+00 3.3868422120e-04 
6.6535000000e+00 3.3856093640e-04 
6.6530000000e+00 3.3843767890e-04 
6.6525000000e+00 3.3831444890e-04 
6.6520000000e+00 3.3819124630e-04 
6.6515000000e+00 3.3806807100e-04 
6.6510000000e+00 3.3794492310e-04 
6.6505000000e+00 3.3782180250e-04 
6.6500000000e+00 3.3769870930e-04 
6.6495000000e+00 3.3757564340e-04 
6.6490000000e+00 3.3745260480e-04 
6.6485000000e+00 3.3732959350e-04 
6.6480000000e+00 3.3720660940e-04 
6.6475000000e+00 3.3708365270e-04 
6.6470000000e+00 3.3696072320e-04 
6.6465000000e+00 3.3683782100e-04 
6.6460000000e+00 3.3671494600e-04 
6.6455000000e+00 3.3659209820e-04 
6.6450000000e+00 3.3646927770e-04 
6.6445000000e+00 3.3634648430e-04 
6.6440000000e+00 3.3622371820e-04 
6.6435000000e+00 3.3610097920e-04 
6.6430000000e+00 3.3597826740e-04 
6.6425000000e+00 3.3585558270e-04 
6.6420000000e+00 3.3573292520e-04 
6.6415000000e+00 3.3561029480e-04 
6.6410000000e+00 3.3548769160e-04 
6.6405000000e+00 3.3536511540e-04 
6.6400000000e+00 3.3524256640e-04 
6.6395000000e+00 3.3512004440e-04 
6.6390000000e+00 3.3499754950e-04 
6.6385000000e+00 3.3487508170e-04 
6.6380000000e+00 3.3475264090e-04 
6.6375000000e+00 3.3463022710e-04 
6.6370000000e+00 3.3450784040e-04 
6.6365000000e+00 3.3438548070e-04 
6.6360000000e+00 3.3426314800e-04 
6.6355000000e+00 3.3414084230e-04 
6.6350000000e+00 3.3401856360e-04 
6.6345000000e+00 3.3389631190e-04 
6.6340000000e+00 3.3377408710e-04 
6.6335000000e+00 3.3365188930e-04 
6.6330000000e+00 3.3352971840e-04 
6.6325000000e+00 3.3340757440e-04 
6.6320000000e+00 3.3328545740e-04 
6.6315000000e+00 3.3316336720e-04 
6.6310000000e+00 3.3304130400e-04 
6.6305000000e+00 3.3291926760e-04 
6.6300000000e+00 3.3279725810e-04 
6.6295000000e+00 3.3267527550e-04 
6.6290000000e+00 3.3255331970e-04 
6.6285000000e+00 3.3243139070e-04 
6.6280000000e+00 3.3230948860e-04 
6.6275000000e+00 3.3218761330e-04 
6.6270000000e+00 3.3206576480e-04 
6.6265000000e+00 3.3194394310e-04 
6.6260000000e+00 3.3182214810e-04 
6.6255000000e+00 3.3170038000e-04 
6.6250000000e+00 3.3157863860e-04 
6.6245000000e+00 3.3145692390e-04 
6.6240000000e+00 3.3133523600e-04 
6.6235000000e+00 3.3121357480e-04 
6.6230000000e+00 3.3109194040e-04 
6.6225000000e+00 3.3097033260e-04 
6.6220000000e+00 3.3084875160e-04 
6.6215000000e+00 3.3072719720e-04 
6.6210000000e+00 3.3060566950e-04 
6.6205000000e+00 3.3048416850e-04 
6.6200000000e+00 3.3036269410e-04 
6.6195000000e+00 3.3024129390e-04 
6.6190000000e+00 3.3012009060e-04 
6.6185000000e+00 3.2999895650e-04 
6.6180000000e+00 3.2987786250e-04 
6.6175000000e+00 3.2975679500e-04 
6.6170000000e+00 3.2963575370e-04 
6.6165000000e+00 3.2951476290e-04 
6.6160000000e+00 3.2939392240e-04 
6.6155000000e+00 3.2927311150e-04 
6.6150000000e+00 3.2915232630e-04 
6.6145000000e+00 3.2903156710e-04 
6.6140000000e+00 3.2891083370e-04 
6.6135000000e+00 3.2879012610e-04 
6.6130000000e+00 3.2866944430e-04 
6.6125000000e+00 3.2854879700e-04 
6.6120000000e+00 3.2842829670e-04 
6.6115000000e+00 3.2830782550e-04 
6.6110000000e+00 3.2818738000e-04 
6.6105000000e+00 3.2806695990e-04 
6.6100000000e+00 3.2794657280e-04 
6.6095000000e+00 3.2782630150e-04 
6.6090000000e+00 3.2770575990e-04 
6.6085000000e+00 3.2758521240e-04 
6.6080000000e+00 3.2746469170e-04 
6.6075000000e+00 3.2734419690e-04 
6.6070000000e+00 3.2722372820e-04 
6.6065000000e+00 3.2710328540e-04 
6.6060000000e+00 3.2698286850e-04 
6.6055000000e+00 3.2686247760e-04 
6.6050000000e+00 3.2674211260e-04 
6.6045000000e+00 3.2662177350e-04 
6.6040000000e+00 3.2650146030e-04 
6.6035000000e+00 3.2638117300e-04 
6.6030000000e+00 3.2626091160e-04 
6.6025000000e+00 3.2614067610e-04 
6.6020000000e+00 3.2602046650e-04 
6.6015000000e+00 3.2590028270e-04 
6.6010000000e+00 3.2578012480e-04 
6.6005000000e+00 3.2565999270e-04 
6.6000000000e+00 3.2553988640e-04 
6.5995000000e+00 3.2541980600e-04 
6.5990000000e+00 3.2529975140e-04 
6.5985000000e+00 3.2517972260e-04 
6.5980000000e+00 3.2505971960e-04 
6.5975000000e+00 3.2493974230e-04 
6.5970000000e+00 3.2481979090e-04 
6.5965000000e+00 3.2469986520e-04 
6.5960000000e+00 3.2457996530e-04 
6.5955000000e+00 3.2446009120e-04 
6.5950000000e+00 3.2434024280e-04 
6.5945000000e+00 3.2422042010e-04 
6.5940000000e+00 3.2410062320e-04 
6.5935000000e+00 3.2398085200e-04 
6.5930000000e+00 3.2386110640e-04 
6.5925000000e+00 3.2374138660e-04 
6.5920000000e+00 3.2362169250e-04 
6.5915000000e+00 3.2350202410e-04 
6.5910000000e+00 3.2338238130e-04 
6.5905000000e+00 3.2326276430e-04 
6.5900000000e+00 3.2314317280e-04 
6.5895000000e+00 3.2302360710e-04 
6.5890000000e+00 3.2290406690e-04 
6.5885000000e+00 3.2278455240e-04 
6.5880000000e+00 3.2266506350e-04 
6.5875000000e+00 3.2254560030e-04 
6.5870000000e+00 3.2242616260e-04 
6.5865000000e+00 3.2230675060e-04 
6.5860000000e+00 3.2218736410e-04 
6.5855000000e+00 3.2206800320e-04 
6.5850000000e+00 3.2194866790e-04 
6.5845000000e+00 3.2182935820e-04 
6.5840000000e+00 3.2171007400e-04 
6.5835000000e+00 3.2159081540e-04 
6.5830000000e+00 3.2147158230e-04 
6.5825000000e+00 3.2135237470e-04 
6.5820000000e+00 3.2123319270e-04 
6.5815000000e+00 3.2111403620e-04 
6.5810000000e+00 3.2099490520e-04 
6.5805000000e+00 3.2087579970e-04 
6.5800000000e+00 3.2075671960e-04 
6.5795000000e+00 3.2063766510e-04 
6.5790000000e+00 3.2051863610e-04 
6.5785000000e+00 3.2039963250e-04 
6.5780000000e+00 3.2028065430e-04 
6.5775000000e+00 3.2016170170e-04 
6.5770000000e+00 3.2004277440e-04 
6.5765000000e+00 3.1992387280e-04 
6.5760000000e+00 3.1980499660e-04 
6.5755000000e+00 3.1968614580e-04 
6.5750000000e+00 3.1956732040e-04 
6.5745000000e+00 3.1944852040e-04 
6.5740000000e+00 3.1932974580e-04 
6.5735000000e+00 3.1921099660e-04 
6.5730000000e+00 3.1909227280e-04 
6.5725000000e+00 3.1897357430e-04 
6.5720000000e+00 3.1885490130e-04 
6.5715000000e+00 3.1873625350e-04 
6.5710000000e+00 3.1861763120e-04 
6.5705000000e+00 3.1849903410e-04 
6.5700000000e+00 3.1838046240e-04 
6.5695000000e+00 3.1826191600e-04 
6.5690000000e+00 3.1814339500e-04 
6.5685000000e+00 3.1802489920e-04 
6.5680000000e+00 3.1790642880e-04 
6.5675000000e+00 3.1778798360e-04 
6.5670000000e+00 3.1766956380e-04 
6.5665000000e+00 3.1755116920e-04 
6.5660000000e+00 3.1743279990e-04 
6.5655000000e+00 3.1731445590e-04 
6.5650000000e+00 3.1719613710e-04 
6.5645000000e+00 3.1707784350e-04 
6.5640000000e+00 3.1695957520e-04 
6.5635000000e+00 3.1684133220e-04 
6.5630000000e+00 3.1672311430e-04 
6.5625000000e+00 3.1660492170e-04 
6.5620000000e+00 3.1648675430e-04 
6.5615000000e+00 3.1636861210e-04 
6.5610000000e+00 3.1625049510e-04 
6.5605000000e+00 3.1613240330e-04 
6.5600000000e+00 3.1601433670e-04 
6.5595000000e+00 3.1589629530e-04 
6.5590000000e+00 3.1577827900e-04 
6.5585000000e+00 3.1566028790e-04 
6.5580000000e+00 3.1554232190e-04 
6.5575000000e+00 3.1542438110e-04 
6.5570000000e+00 3.1530646540e-04 
6.5565000000e+00 3.1518857490e-04 
6.5560000000e+00 3.1507070950e-04 
6.5555000000e+00 3.1495286920e-04 
6.5550000000e+00 3.1483505400e-04 
6.5545000000e+00 3.1471726390e-04 
6.5540000000e+00 3.1459949890e-04 
6.5535000000e+00 3.1448175900e-04 
6.5530000000e+00 3.1436404420e-04 
6.5525000000e+00 3.1424635450e-04 
6.5520000000e+00 3.1412868980e-04 
6.5515000000e+00 3.1401105020e-04 
6.5510000000e+00 3.1389343570e-04 
6.5505000000e+00 3.1377584620e-04 
6.5500000000e+00 3.1365828170e-04 
6.5495000000e+00 3.1354074230e-04 
6.5490000000e+00 3.1342322790e-04 
6.5485000000e+00 3.1330573850e-04 
6.5480000000e+00 3.1318827410e-04 
6.5475000000e+00 3.1307083480e-04 
6.5470000000e+00 3.1295342040e-04 
6.5465000000e+00 3.1283603100e-04 
6.5460000000e+00 3.1271866670e-04 
6.5455000000e+00 3.1260132730e-04 
6.5450000000e+00 3.1248401280e-04 
6.5445000000e+00 3.1236672340e-04 
6.5440000000e+00 3.1224945890e-04 
6.5435000000e+00 3.1213221930e-04 
6.5430000000e+00 3.1201500470e-04 
6.5425000000e+00 3.1189781500e-04 
6.5420000000e+00 3.1178065030e-04 
6.5415000000e+00 3.1166351050e-04 
6.5410000000e+00 3.1154639560e-04 
6.5405000000e+00 3.1142930560e-04 
6.5400000000e+00 3.1131224060e-04 
6.5395000000e+00 3.1119520040e-04 
6.5390000000e+00 3.1107818510e-04 
6.5385000000e+00 3.1096119470e-04 
6.5380000000e+00 3.1084422920e-04 
6.5375000000e+00 3.1072728860e-04 
6.5370000000e+00 3.1061037280e-04 
6.5365000000e+00 3.1049348190e-04 
6.5360000000e+00 3.1037661590e-04 
6.5355000000e+00 3.1025977470e-04 
6.5350000000e+00 3.1014295830e-04 
6.5345000000e+00 3.1002616670e-04 
6.5340000000e+00 3.0990940000e-04 
6.5335000000e+00 3.0979265800e-04 
6.5330000000e+00 3.0967594090e-04 
6.5325000000e+00 3.0955924850e-04 
6.5320000000e+00 3.0944258090e-04 
6.5315000000e+00 3.0932593810e-04 
6.5310000000e+00 3.0920932010e-04 
6.5305000000e+00 3.0909272680e-04 
6.5300000000e+00 3.0897615830e-04 
6.5295000000e+00 3.0885961460e-04 
6.5290000000e+00 3.0874309570e-04 
6.5285000000e+00 3.0862660150e-04 
6.5280000000e+00 3.0851013200e-04 
6.5275000000e+00 3.0839368720e-04 
6.5270000000e+00 3.0827726720e-04 
6.5265000000e+00 3.0816087180e-04 
6.5260000000e+00 3.0804450130e-04 
6.5255000000e+00 3.0792815550e-04 
6.5250000000e+00 3.0781183440e-04 
6.5245000000e+00 3.0769553800e-04 
6.5240000000e+00 3.0757926630e-04 
6.5235000000e+00 3.0746301920e-04 
6.5230000000e+00 3.0734679690e-04 
6.5225000000e+00 3.0723059910e-04 
6.5220000000e+00 3.0711442610e-04 
6.5215000000e+00 3.0699827770e-04 
6.5210000000e+00 3.0688215400e-04 
6.5205000000e+00 3.0676605490e-04 
6.5200000000e+00 3.0664998040e-04 
6.5195000000e+00 3.0653393060e-04 
6.5190000000e+00 3.0641790540e-04 
6.5185000000e+00 3.0630190480e-04 
6.5180000000e+00 3.0618592880e-04 
6.5175000000e+00 3.0606997750e-04 
6.5170000000e+00 3.0595405070e-04 
6.5165000000e+00 3.0583814860e-04 
6.5160000000e+00 3.0572227100e-04 
6.5155000000e+00 3.0560641810e-04 
6.5150000000e+00 3.0549058970e-04 
6.5145000000e+00 3.0537478580e-04 
6.5140000000e+00 3.0525900640e-04 
6.5135000000e+00 3.0514325160e-04 
6.5130000000e+00 3.0502752130e-04 
6.5125000000e+00 3.0491181560e-04 
6.5120000000e+00 3.0479613430e-04 
6.5115000000e+00 3.0468047760e-04 
6.5110000000e+00 3.0456484530e-04 
6.5105000000e+00 3.0444923760e-04 
6.5100000000e+00 3.0433365430e-04 
6.5095000000e+00 3.0421809550e-04 
6.5090000000e+00 3.0410256130e-04 
6.5085000000e+00 3.0398705140e-04 
6.5080000000e+00 3.0387156610e-04 
6.5075000000e+00 3.0375610520e-04 
6.5070000000e+00 3.0364066880e-04 
6.5065000000e+00 3.0352525680e-04 
6.5060000000e+00 3.0340986930e-04 
6.5055000000e+00 3.0329450620e-04 
6.5050000000e+00 3.0317916760e-04 
6.5045000000e+00 3.0306385340e-04 
6.5040000000e+00 3.0294856360e-04 
6.5035000000e+00 3.0283329830e-04 
6.5030000000e+00 3.0271805730e-04 
6.5025000000e+00 3.0260284080e-04 
6.5020000000e+00 3.0248764870e-04 
6.5015000000e+00 3.0237248100e-04 
6.5010000000e+00 3.0225733770e-04 
6.5005000000e+00 3.0214221870e-04 
6.5000000000e+00 3.0202712420e-04 
6.4500000000e+00 2.9064051900e-04 
6.4000000000e+00 2.7948414390e-04 
6.3500000000e+00 2.6856881190e-04 
6.3000000000e+00 2.5789324210e-04 
6.2500000000e+00 2.4738182910e-04 
6.2000000000e+00 2.3711504710e-04 
6.1500000000e+00 2.2714117670e-04 
6.1000000000e+00 2.1738513420e-04 
6.0500000000e+00 2.0783535480e-04 
6.0000000000e+00 1.9824809500e-04 
5.9500000000e+00 1.8892007540e-04 
5.9000000000e+00 1.7993652590e-04 
5.8500000000e+00 1.7122572200e-04 
5.8000000000e+00 1.6277824270e-04 
5.7500000000e+00 1.5467523450e-04 
5.7000000000e+00 1.4691428920e-04 
5.6500000000e+00 1.3944455370e-04 
5.6000000000e+00 1.3225400480e-04 
5.5500000000e+00 1.2531640510e-04 
5.5000000000e+00 1.1863844780e-04 
5.4500000000e+00 1.1221329420e-04 
5.4000000000e+00 1.0601579500e-04 
5.3500000000e+00 1.0005728680e-04 
5.3000000000e+00 9.4280255350e-05 
5.2500000000e+00 8.8685704890e-05 
5.2000000000e+00 8.3356380170e-05 
5.1500000000e+00 7.8264126570e-05 
5.1000000000e+00 7.3394381580e-05 
5.0500000000e+00 6.8732188870e-05 
5.0000000000e+00 6.4262828750e-05 
4.9900000000e+00 6.3392980130e-05 
4.9800000000e+00 6.2530871800e-05 
4.9700000000e+00 6.1676050800e-05 
4.9600000000e+00 6.0828925330e-05 
4.9500000000e+00 5.9989426730e-05 
4.9400000000e+00 5.9157297220e-05 
4.9300000000e+00 5.8332865490e-05 
4.9200000000e+00 5.7515872640e-05 
4.9100000000e+00 5.6706226900e-05 
4.9000000000e+00 5.5903576110e-05 
4.8900000000e+00 5.5108270160e-05 
4.8800000000e+00 5.4320084650e-05 
4.8700000000e+00 5.3537881070e-05 
4.8600000000e+00 5.2762934880e-05 
4.8500000000e+00 5.1995467620e-05 
4.8400000000e+00 5.1235359840e-05 
4.8300000000e+00 5.0482391190e-05 
4.8200000000e+00 4.9736505040e-05 
4.8100000000e+00 4.8997093550e-05 
4.8000000000e+00 4.8264671720e-05 
4.7900000000e+00 4.7539206200e-05 
4.7800000000e+00 4.6820641400e-05 
4.7700000000e+00 4.6109241990e-05 
4.7600000000e+00 4.5405247680e-05 
4.7500000000e+00 4.4708094930e-05 
4.7400000000e+00 4.4017620020e-05 
4.7300000000e+00 4.3333494760e-05 
4.7200000000e+00 4.2656063600e-05 
4.7100000000e+00 4.1985273250e-05 
4.7000000000e+00 4.1320098930e-05 
4.6900000000e+00 4.0660405610e-05 
4.6800000000e+00 4.0007312430e-05 
4.6700000000e+00 3.9360918490e-05 
4.6600000000e+00 3.8719190760e-05 
4.6500000000e+00 3.8083541790e-05 
4.6400000000e+00 3.7453444660e-05 
4.6300000000e+00 3.6829788060e-05 
4.6200000000e+00 3.6212583320e-05 
4.6100000000e+00 3.5602075570e-05 
4.6000000000e+00 3.4998171390e-05 
4.5900000000e+00 3.4400774810e-05 
4.5800000000e+00 3.3810209210e-05 
4.5700000000e+00 3.3226174020e-05 
4.5600000000e+00 3.2648339730e-05 
4.5500000000e+00 3.2076660540e-05 
4.5400000000e+00 3.1511162940e-05 
4.5300000000e+00 3.0952041920e-05 
4.5200000000e+00 3.0398927030e-05 
4.5100000000e+00 2.9851895980e-05 
4.5000000000e+00 2.9310697280e-05 
4.4900000000e+00 2.8775261660e-05 
4.4800000000e+00 2.8245534530e-05 
4.4700000000e+00 2.7721436250e-05 
4.4600000000e+00 2.7202954100e-05 
4.4500000000e+00 2.6690043390e-05 
4.4400000000e+00 2.6182651370e-05 
4.4300000000e+00 2.5680727770e-05 
4.4200000000e+00 2.5184085130e-05 
4.4100000000e+00 2.4692685910e-05 
4.4000000000e+00 2.4206653490e-05 
4.3900000000e+00 2.3725940170e-05 
4.3800000000e+00 2.3250504800e-05 
4.3700000000e+00 2.2780299240e-05 
4.3600000000e+00 2.2315286130e-05 
4.3500000000e+00 2.1855439220e-05 
4.3400000000e+00 2.1400722810e-05 
4.3300000000e+00 2.0951101630e-05 
4.3200000000e+00 2.0506516280e-05 
4.3100000000e+00 2.0066961740e-05 
4.3000000000e+00 1.9632405500e-05 
4.2900000000e+00 1.9202816210e-05 
4.2800000000e+00 1.8778163310e-05 
4.2700000000e+00 1.8358510370e-05 
4.2600000000e+00 1.7943753380e-05 
4.2500000000e+00 1.7533860710e-05 
4.2400000000e+00 1.7128813490e-05 
4.2300000000e+00 1.6728595290e-05 
4.2200000000e+00 1.6333156130e-05 
4.2100000000e+00 1.5942468530e-05 
4.2000000000e+00 1.5556503590e-05 
4.1900000000e+00 1.5175211850e-05 
4.1800000000e+00 1.4798285110e-05 
4.1700000000e+00 1.4425880470e-05 
4.1600000000e+00 1.4058068180e-05 
4.1500000000e+00 1.3694841130e-05 
4.1400000000e+00 1.3336223750e-05 
4.1300000000e+00 1.2982280280e-05 
4.1200000000e+00 1.2633060830e-05 
4.1100000000e+00 1.2288498380e-05 
4.1000000000e+00 1.1948529810e-05 
4.0900000000e+00 1.1613125470e-05 
4.0800000000e+00 1.1282257420e-05 
4.0700000000e+00 1.0955898720e-05 
4.0600000000e+00 1.0633863410e-05 
4.0500000000e+00 1.0316311540e-05 
4.0400000000e+00 1.0003214450e-05 
4.0300000000e+00 9.6944946520e-06 
4.0200000000e+00 9.3902432510e-06 
4.0100000000e+00 9.0903835360e-06 
4.0000000000e+00 8.7949503280e-06 
3.9900000000e+00 8.5039217420e-06 
3.9800000000e+00 8.2172470130e-06 
3.9700000000e+00 7.9349121720e-06 
3.9600000000e+00 7.6569031360e-06 
3.9500000000e+00 7.3832101780e-06 
3.9400000000e+00 7.1138569110e-06 
3.9300000000e+00 6.8488721090e-06 
3.9200000000e+00 6.5882321960e-06 
3.9100000000e+00 6.3318921550e-06 
3.9000000000e+00 6.0798270560e-06 
3.8900000000e+00 5.8320510370e-06 
3.8800000000e+00 5.5885806070e-06 
3.8700000000e+00 5.3494147510e-06 
3.8600000000e+00 5.1145387870e-06 
3.8500000000e+00 4.8839993210e-06 
3.8400000000e+00 4.6577637530e-06 
3.8300000000e+00 4.4359384280e-06 
3.8200000000e+00 4.2185926620e-06 
3.8100000000e+00 4.0056244430e-06 
3.8000000000e+00 3.7967561770e-06 
3.7900000000e+00 3.5923264760e-06 
3.7800000000e+00 3.3924682340e-06 
3.7700000000e+00 3.1971024870e-06 
3.7600000000e+00 3.0062751290e-06 
3.7500000000e+00 2.8200312700e-06 
3.7400000000e+00 2.6384327450e-06 
3.7300000000e+00 2.4615389940e-06 
3.7200000000e+00 2.2894248010e-06 
3.7100000000e+00 2.1221713140e-06 
3.7000000000e+00 1.9598709050e-06 
3.6900000000e+00 1.8026706880e-06 
3.6800000000e+00 1.6506787760e-06 
3.6700000000e+00 1.5039902350e-06 
3.6600000000e+00 1.3627574530e-06 
3.6500000000e+00 1.2271514890e-06 
3.6400000000e+00 1.0973638430e-06 
3.6300000000e+00 9.7360681930e-07 
3.6200000000e+00 8.5611926900e-07 
3.6100000000e+00 7.4510593350e-07 
3.6000000000e+00 6.4093527800e-07 
3.5900000000e+00 5.4387798550e-07 
3.5800000000e+00 4.5423050720e-07 
3.5700000000e+00 3.7228786040e-07 
3.5600000000e+00 2.9833007910e-07 
3.5500000000e+00 2.3256809660e-07 
3.5400000000e+00 1.7511930990e-07 
3.5300000000e+00 1.2594191190e-07 
3.5200000000e+00 8.4737629600e-08 
3.5100000000e+00 5.0746700890e-08 
3.5000000000e+00 2.0446224570e-08 
3.4950000000e+00 2.8737008550e-12 
3.4900000000e+00 2.8157097350e-12 
3.4800000000e+00 2.7033950150e-12 
3.4700000000e+00 2.5959472270e-12 
3.4600000000e+00 2.4931209120e-12 
3.4500000000e+00 2.3945891810e-12 
3.4400000000e+00 2.3001735540e-12 
3.4300000000e+00 2.2095317930e-12 
3.4200000000e+00 2.1223639960e-12 
3.4100000000e+00 2.0387233890e-12 
3.4000000000e+00 1.9584342820e-12 
3.3900000000e+00 1.8813346500e-12 
3.3800000000e+00 1.8073232500e-12 
3.3700000000e+00 1.7362458900e-12 
3.3600000000e+00 1.6679038260e-12 
3.3500000000e+00 1.6022160200e-12 
3.3495000000e+00 1.5990194830e-12 
3.3490000000e+00 1.5958156010e-12 
3.3485000000e+00 1.5925950220e-12 
3.3480000000e+00 1.5894197830e-12 
3.3475000000e+00 1.5861871230e-12 
3.3470000000e+00 1.5830067010e-12 
3.3465000000e+00 1.5798531400e-12 
3.3460000000e+00 1.5766736000e-12 
3.3455000000e+00 1.5734958640e-12 
3.3450000000e+00 1.5703397740e-12 
3.3445000000e+00 1.5671909230e-12 
3.3440000000e+00 1.5640337510e-12 
3.3435000000e+00 1.5608926990e-12 
3.3430000000e+00 1.5577461510e-12 
3.3425000000e+00 1.5546278420e-12 
3.3420000000e+00 1.5515066520e-12 
3.3415000000e+00 1.5483794510e-12 
3.3410000000e+00 1.5452697390e-12 
3.3405000000e+00 1.5421859770e-12 
3.3400000000e+00 1.5390856630e-12 
3.3395000000e+00 1.5359915660e-12 
3.3390000000e+00 1.5329050460e-12 
3.3385000000e+00 1.5298361300e-12 
3.3380000000e+00 1.5267584000e-12 
3.3375000000e+00 1.5236905520e-12 
3.3370000000e+00 1.5206427170e-12 
3.3365000000e+00 1.5175803310e-12 
3.3360000000e+00 1.5145236550e-12 
3.3355000000e+00 1.5114732150e-12 
3.3350000000e+00 1.5084094820e-12 
3.3345000000e+00 1.5053951200e-12 
3.3340000000e+00 1.5023664270e-12 
3.3335000000e+00 1.4993541070e-12 
3.3330000000e+00 1.4963384260e-12 
3.3325000000e+00 1.4933347370e-12 
3.3320000000e+00 1.4903453400e-12 
3.3315000000e+00 1.4873452780e-12 
3.3310000000e+00 1.4843538740e-12 
3.3305000000e+00 1.4813744700e-12 
3.3300000000e+00 1.4783985060e-12 
3.3295000000e+00 1.4754233740e-12 
3.3290000000e+00 1.4724620240e-12 
3.3285000000e+00 1.4694889790e-12 
3.3280000000e+00 1.4665238720e-12 
3.3275000000e+00 1.4635777780e-12 
3.3270000000e+00 1.4606545600e-12 
3.3265000000e+00 1.4576998130e-12 
3.3260000000e+00 1.4547727520e-12 
3.3255000000e+00 1.4518354690e-12 
3.3250000000e+00 1.4489304720e-12 
3.3245000000e+00 1.4460150490e-12 
3.3240000000e+00 1.4431062250e-12 
3.3235000000e+00 1.4401996160e-12 
3.3230000000e+00 1.4373113070e-12 
3.3225000000e+00 1.4344281420e-12 
3.3220000000e+00 1.4315390520e-12 
3.3215000000e+00 1.4286566760e-12 
3.3210000000e+00 1.4257669180e-12 
3.3205000000e+00 1.4229113440e-12 
3.3200000000e+00 1.4200588360e-12 
3.3195000000e+00 1.4171883000e-12 
3.3190000000e+00 1.4143349310e-12 
3.3185000000e+00 1.4115101170e-12 
3.3180000000e+00 1.4086688470e-12 
3.3175000000e+00 1.4058317990e-12 
3.3170000000e+00 1.4029770460e-12 
3.3165000000e+00 1.4001812450e-12 
3.3160000000e+00 1.3973413220e-12 
3.3155000000e+00 1.3945246390e-12 
3.3150000000e+00 1.3917160550e-12 
3.3145000000e+00 1.3889181840e-12 
3.3140000000e+00 1.3861183900e-12 
3.3135000000e+00 1.3833373540e-12 
3.3130000000e+00 1.3805598300e-12 
3.3125000000e+00 1.3777665000e-12 
3.3120000000e+00 1.3749861210e-12 
3.3115000000e+00 1.3721785690e-12 
3.3110000000e+00 1.3694483830e-12 
3.3105000000e+00 1.3666808970e-12 
3.3100000000e+00 1.3639068170e-12 
3.3095000000e+00 1.3611500600e-12 
3.3090000000e+00 1.3584247260e-12 
3.3085000000e+00 1.3556840320e-12 
3.3080000000e+00 1.3529414510e-12 
3.3075000000e+00 1.3501891530e-12 
3.3070000000e+00 1.3474570070e-12 
3.3065000000e+00 1.3447539960e-12 
3.3060000000e+00 1.3420226850e-12 
3.3055000000e+00 1.3393267790e-12 
3.3050000000e+00 1.3366190770e-12 
3.3045000000e+00 1.3339045940e-12 
3.3040000000e+00 1.3312199860e-12 
3.3035000000e+00 1.3285111610e-12 
3.3030000000e+00 1.3258334690e-12 
3.3025000000e+00 1.3231592370e-12 
3.3020000000e+00 1.3204760380e-12 
3.3015000000e+00 1.3178157250e-12 
3.3010000000e+00 1.3151435270e-12 
3.3005000000e+00 1.3124741710e-12 
3.3000000000e+00 1.3098329300e-12 
3.2995000000e+00 1.3071831520e-12 
3.2990000000e+00 1.3045587790e-12 
3.2985000000e+00 1.3019155330e-12 
3.2980000000e+00 1.2992682450e-12 
3.2975000000e+00 1.2966350440e-12 
3.2970000000e+00 1.2940170790e-12 
3.2965000000e+00 1.2913746130e-12 
3.2960000000e+00 1.2887571520e-12 
3.2955000000e+00 1.2861366080e-12 
3.2950000000e+00 1.2835529780e-12 
3.2945000000e+00 1.2809430830e-12 
3.2940000000e+00 1.2783602890e-12 
3.2935000000e+00 1.2757633480e-12 
3.2930000000e+00 1.2731720000e-12 
3.2925000000e+00 1.2705595110e-12 
3.2920000000e+00 1.2679872890e-12 
3.2915000000e+00 1.2654163830e-12 
3.2910000000e+00 1.2628519120e-12 
3.2905000000e+00 1.2602962790e-12 
3.2900000000e+00 1.2577353890e-12 
3.2895000000e+00 1.2551913820e-12 
3.2890000000e+00 1.2526326170e-12 
3.2885000000e+00 1.2500853080e-12 
3.2880000000e+00 1.2475343150e-12 
3.2875000000e+00 1.2449936340e-12 
3.2870000000e+00 1.2424690670e-12 
3.2865000000e+00 1.2399887110e-12 
3.2860000000e+00 1.2374702410e-12 
3.2855000000e+00 1.2349703660e-12 
3.2850000000e+00 1.2324675730e-12 
3.2845000000e+00 1.2299644750e-12 
3.2840000000e+00 1.2275121420e-12 
3.2835000000e+00 1.2250215980e-12 
3.2830000000e+00 1.2225426590e-12 
3.2825000000e+00 1.2200484890e-12 
3.2820000000e+00 1.2175973610e-12 
3.2815000000e+00 1.2151352860e-12 
3.2810000000e+00 1.2126779300e-12 
3.2805000000e+00 1.2101915630e-12 
3.2800000000e+00 1.2077817690e-12 
3.2795000000e+00 1.2053150700e-12 
3.2790000000e+00 1.2028904760e-12 
3.2785000000e+00 1.2004132870e-12 
3.2780000000e+00 1.1980081970e-12 
3.2775000000e+00 1.1955691050e-12 
3.2770000000e+00 1.1931268190e-12 
3.2765000000e+00 1.1907272910e-12 
3.2760000000e+00 1.1883253050e-12 
3.2755000000e+00 1.1858969450e-12 
3.2750000000e+00 1.1834934900e-12 
3.2745000000e+00 1.1810640830e-12 
3.2740000000e+00 1.1786600020e-12 
3.2735000000e+00 1.1763074610e-12 
3.2730000000e+00 1.1739042210e-12 
3.2725000000e+00 1.1715092900e-12 
3.2720000000e+00 1.1691376010e-12 
3.2715000000e+00 1.1667719260e-12 
3.2710000000e+00 1.1643861570e-12 
3.2705000000e+00 1.1620239490e-12 
3.2700000000e+00 1.1596466630e-12 
3.2695000000e+00 1.1573220780e-12 
3.2690000000e+00 1.1549295750e-12 
3.2685000000e+00 1.1526215240e-12 
3.2680000000e+00 1.1502565230e-12 
3.2675000000e+00 1.1479053790e-12 
3.2670000000e+00 1.1455643350e-12 
3.2665000000e+00 1.1432502060e-12 
3.2660000000e+00 1.1409363620e-12 
3.2655000000e+00 1.1386034860e-12 
3.2650000000e+00 1.1363128800e-12 
3.2645000000e+00 1.1339726450e-12 
3.2640000000e+00 1.1316748930e-12 
3.2635000000e+00 1.1293741960e-12 
3.2630000000e+00 1.1271011550e-12 
3.2625000000e+00 1.1247818330e-12 
3.2620000000e+00 1.1224835900e-12 
3.2615000000e+00 1.1201857510e-12 
3.2610000000e+00 1.1179334310e-12 
3.2605000000e+00 1.1156577040e-12 
3.2600000000e+00 1.1133759100e-12 
3.2595000000e+00 1.1110968460e-12 
3.2590000000e+00 1.1088200570e-12 
3.2585000000e+00 1.1065658200e-12 
3.2580000000e+00 1.1043000930e-12 
3.2575000000e+00 1.1020547270e-12 
3.2570000000e+00 1.0998019470e-12 
3.2565000000e+00 1.0975731860e-12 
3.2560000000e+00 1.0953593620e-12 
3.2555000000e+00 1.0930962490e-12 
3.2550000000e+00 1.0908772110e-12 
3.2545000000e+00 1.0886241350e-12 
3.2540000000e+00 1.0864313240e-12 
3.2535000000e+00 1.0841875590e-12 
3.2530000000e+00 1.0819697040e-12 
3.2525000000e+00 1.0797558300e-12 
3.2520000000e+00 1.0775734030e-12 
3.2515000000e+00 1.0753432640e-12 
3.2510000000e+00 1.0731296420e-12 
3.2505000000e+00 1.0709661660e-12 
3.2500000000e+00 1.0687855810e-12 
3.2495000000e+00 1.0666105410e-12 
3.2490000000e+00 1.0644007570e-12 
3.2485000000e+00 1.0622165820e-12 
3.2480000000e+00 1.0600275230e-12 
3.2475000000e+00 1.0578933160e-12 
3.2470000000e+00 1.0557267620e-12 
3.2465000000e+00 1.0535728730e-12 
3.2460000000e+00 1.0513910260e-12 
3.2455000000e+00 1.0492618430e-12 
3.2450000000e+00 1.0470970820e-12 
3.2445000000e+00 1.0449642060e-12 
3.2440000000e+00 1.0428035850e-12 
3.2435000000e+00 1.0406910400e-12 
3.2430000000e+00 1.0385598400e-12 
3.2425000000e+00 1.0364290960e-12 
3.2420000000e+00 1.0343209490e-12 
3.2415000000e+00 1.0321780690e-12 
3.2410000000e+00 1.0300742890e-12 
3.2405000000e+00 1.0279512330e-12 
3.2400000000e+00 1.0258468120e-12 
3.2395000000e+00 1.0237408710e-12 
3.2390000000e+00 1.0216624440e-12 
3.2385000000e+00 1.0195474110e-12 
3.2380000000e+00 1.0174384850e-12 
3.2375000000e+00 1.0153640750e-12 
3.2370000000e+00 1.0132868980e-12 
3.2365000000e+00 1.0111957820e-12 
3.2360000000e+00 1.0091351120e-12 
3.2355000000e+00 1.0071029050e-12 
3.2350000000e+00 1.0050110210e-12 
3.2345000000e+00 1.0029433150e-12 
3.2340000000e+00 1.0008807880e-12 
3.2335000000e+00 9.9882928830e-13 
3.2330000000e+00 9.9674464280e-13 
3.2325000000e+00 9.9473128560e-13 
3.2320000000e+00 9.9269533280e-13 
3.2315000000e+00 9.9062331400e-13 
3.2310000000e+00 9.8860305820e-13 
3.2305000000e+00 9.8657148950e-13 
3.2300000000e+00 9.8455012220e-13 
3.2295000000e+00 9.8253154210e-13 
3.2290000000e+00 9.8050081320e-13 
3.2285000000e+00 9.7849752100e-13 
3.2280000000e+00 9.7649973590e-13 
3.2275000000e+00 9.7445325850e-13 
3.2270000000e+00 9.7245949430e-13 
3.2265000000e+00 9.7045129430e-13 
3.2260000000e+00 9.6843784970e-13 
3.2255000000e+00 9.6644307700e-13 
3.2250000000e+00 9.6444943270e-13 
3.2245000000e+00 9.6245535140e-13 
3.2240000000e+00 9.6049508850e-13 
3.2235000000e+00 9.5849898840e-13 
3.2230000000e+00 9.5654673460e-13 
3.2225000000e+00 9.5457410210e-13 
3.2220000000e+00 9.5259560840e-13 
3.2215000000e+00 9.5064049580e-13 
3.2210000000e+00 9.4867294510e-13 
3.2205000000e+00 9.4671770820e-13 
3.2200000000e+00 9.4476162750e-13 
3.2195000000e+00 9.4281901180e-13 
3.2190000000e+00 9.4088255190e-13 
3.2185000000e+00 9.3895527750e-13 
3.2180000000e+00 9.3700544220e-13 
3.2175000000e+00 9.3507461160e-13 
3.2170000000e+00 9.3314994160e-13 
3.2165000000e+00 9.3121660400e-13 
3.2160000000e+00 9.2929444210e-13 
3.2155000000e+00 9.2737196950e-13 
3.2150000000e+00 9.2545879530e-13 
3.2145000000e+00 9.2357173430e-13 
3.2140000000e+00 9.2165282750e-13 
3.2135000000e+00 9.1973622570e-13 
3.2130000000e+00 9.1784647160e-13 
3.2125000000e+00 9.1595077460e-13 
3.2120000000e+00 9.1404172110e-13 
3.2115000000e+00 9.1214427170e-13 
3.2110000000e+00 9.1023910760e-13 
3.2105000000e+00 9.0838638310e-13 
3.2100000000e+00 9.0650338880e-13 
3.2095000000e+00 9.0462719930e-13 
3.2090000000e+00 9.0276721480e-13 
3.2085000000e+00 9.0088437870e-13 
3.2080000000e+00 8.9900145830e-13 
3.2075000000e+00 8.9714237000e-13 
3.2070000000e+00 8.9530471290e-13 
3.2065000000e+00 8.9343574970e-13 
3.2060000000e+00 8.9158508710e-13 
3.2055000000e+00 8.8972160530e-13 
3.2050000000e+00 8.8787391990e-13 
3.2045000000e+00 8.8603607940e-13 
3.2040000000e+00 8.8422103470e-13 
3.2035000000e+00 8.8238628280e-13 
3.2030000000e+00 8.8055876830e-13 
3.2025000000e+00 8.7876198990e-13 
3.2020000000e+00 8.7689611100e-13 
3.2015000000e+00 8.7511120250e-13 
3.2010000000e+00 8.7327296500e-13 
3.2005000000e+00 8.7144249290e-13 
3.2000000000e+00 8.6966323120e-13 
3.1995000000e+00 8.6782072290e-13 
3.1990000000e+00 8.6603022910e-13 
3.1985000000e+00 8.6422983470e-13 
3.1980000000e+00 8.6241726490e-13 
3.1975000000e+00 8.6065309180e-13 
3.1970000000e+00 8.5884082060e-13 
3.1965000000e+00 8.5707385470e-13 
3.1960000000e+00 8.5525460370e-13 
3.1955000000e+00 8.5349159690e-13 
3.1950000000e+00 8.5168656440e-13 
3.1945000000e+00 8.4996221550e-13 
3.1940000000e+00 8.4815532280e-13 
3.1935000000e+00 8.4635277560e-13 
3.1930000000e+00 8.4463060180e-13 
3.1925000000e+00 8.4285700830e-13 
3.1920000000e+00 8.4108097500e-13 
3.1915000000e+00 8.3931722810e-13 
3.1910000000e+00 8.3758947470e-13 
3.1905000000e+00 8.3581135000e-13 
3.1900000000e+00 8.3409606010e-13 
3.1895000000e+00 8.3234867660e-13 
3.1890000000e+00 8.3059102700e-13 
3.1885000000e+00 8.2886592960e-13 
3.1880000000e+00 8.2711427660e-13 
3.1875000000e+00 8.2537867750e-13 
3.1870000000e+00 8.2365600030e-13 
3.1865000000e+00 8.2193350520e-13 
3.1860000000e+00 8.2022894680e-13 
3.1855000000e+00 8.1850796760e-13 
3.1850000000e+00 8.1679751230e-13 
3.1845000000e+00 8.1507742650e-13 
3.1840000000e+00 8.1337294260e-13 
3.1835000000e+00 8.1165347980e-13 
3.1830000000e+00 8.0994006150e-13 
3.1825000000e+00 8.0823143550e-13 
3.1820000000e+00 8.0653115330e-13 
3.1815000000e+00 8.0483326320e-13 
3.1810000000e+00 8.0315426650e-13 
3.1805000000e+00 8.0145176450e-13 
3.1800000000e+00 7.9977055970e-13 
3.1795000000e+00 7.9806940210e-13 
3.1790000000e+00 7.9639873370e-13 
3.1785000000e+00 7.9470988960e-13 
3.1780000000e+00 7.9302730800e-13 
3.1775000000e+00 7.9134764810e-13 
3.1770000000e+00 7.8968636670e-13 
3.1765000000e+00 7.8804440470e-13 
3.1760000000e+00 7.8635492600e-13 
3.1755000000e+00 7.8470732600e-13 
3.1750000000e+00 7.8305022460e-13 
3.1745000000e+00 7.8140722450e-13 
3.1740000000e+00 7.7974605690e-13 
3.1735000000e+00 7.7810431840e-13 
3.1730000000e+00 7.7645308220e-13 
3.1725000000e+00 7.7480018150e-13 
3.1720000000e+00 7.7318237750e-13 
3.1715000000e+00 7.7154651500e-13 
3.1710000000e+00 7.6992288010e-13 
3.1705000000e+00 7.6830280600e-13 
3.1700000000e+00 7.6666592900e-13 
3.1695000000e+00 7.6505308340e-13 
3.1690000000e+00 7.6341612640e-13 
3.1685000000e+00 7.6180643980e-13 
3.1680000000e+00 7.6017796900e-13 
3.1675000000e+00 7.5858439320e-13 
3.1670000000e+00 7.5697945040e-13 
3.1665000000e+00 7.5537536000e-13 
3.1660000000e+00 7.5376794570e-13 
3.1655000000e+00 7.5216284750e-13 
3.1650000000e+00 7.5057771560e-13 
3.1645000000e+00 7.4898498040e-13 
3.1640000000e+00 7.4734474970e-13 
3.1635000000e+00 7.4578537200e-13 
3.1630000000e+00 7.4421097890e-13 
3.1625000000e+00 7.4262251120e-13 
3.1620000000e+00 7.4104012530e-13 
3.1615000000e+00 7.3945943580e-13 
3.1610000000e+00 7.3787501310e-13 
3.1605000000e+00 7.3632863100e-13 
3.1600000000e+00 7.3474520330e-13 
3.1595000000e+00 7.3320879930e-13 
3.1590000000e+00 7.3162866750e-13 
3.1585000000e+00 7.3008845960e-13 
3.1580000000e+00 7.2853240930e-13 
3.1575000000e+00 7.2699790420e-13 
3.1570000000e+00 7.2542688070e-13 
3.1565000000e+00 7.2389380010e-13 
3.1560000000e+00 7.2235292170e-13 
3.1555000000e+00 7.2078983450e-13 
3.1550000000e+00 7.1927273400e-13 
3.1545000000e+00 7.1774627170e-13 
3.1540000000e+00 7.1619624540e-13 
3.1535000000e+00 7.1468719550e-13 
3.1530000000e+00 7.1316753300e-13 
3.1525000000e+00 7.1161710310e-13 
3.1520000000e+00 7.1011861740e-13 
3.1515000000e+00 7.0862967700e-13 
3.1510000000e+00 7.0711258260e-13 
3.1505000000e+00 7.0557558500e-13 
3.1500000000e+00 7.0406296450e-13 
3.1400000000e+00 6.7452640680e-13 
3.1300000000e+00 6.4600508160e-13 
3.1200000000e+00 6.1852110920e-13 
3.1100000000e+00 5.9206671510e-13 
3.1000000000e+00 5.6659025450e-13 
3.0900000000e+00 5.4207757700e-13 
3.0800000000e+00 5.1855236670e-13 
3.0700000000e+00 4.9581346970e-13 
3.0600000000e+00 4.7415752190e-13 
3.0500000000e+00 4.5378507680e-13 
3.0400000000e+00 4.3418533510e-13 
3.0300000000e+00 4.1533280190e-13 
3.0200000000e+00 3.9706949090e-13 
3.0100000000e+00 3.7952519250e-13 
3.0000000000e+00 3.6262663450e-13 
2.9500000000e+00 2.8924504760e-13 
2.9000000000e+00 2.3029392520e-13 
2.8500000000e+00 1.8206597500e-13 
2.8000000000e+00 1.4276054390e-13 
2.7500000000e+00 1.1259147480e-13 
2.7000000000e+00 8.9581327160e-14 
2.6500000000e+00 7.2340465690e-14 
2.6000000000e+00 5.9148721090e-14 
2.5500000000e+00 4.8987326060e-14 
2.5000000000e+00 4.1209458420e-14 
2.4500000000e+00 3.5024898240e-14 
2.4000000000e+00 3.0022744780e-14 
2.3500000000e+00 2.5914314960e-14 
2.3000000000e+00 2.2465932240e-14 
2.2500000000e+00 1.9553670760e-14 
2.2000000000e+00 1.7133714430e-14 
2.1500000000e+00 1.5133523500e-14 
2.1000000000e+00 1.3509591900e-14 
2.0500000000e+00 1.2144069230e-14 
2.0000000000e+00 1.1101921310e-14 
1.9500000000e+00 1.0230507540e-14 
1.9000000000e+00 9.4110020170e-15 
1.8500000000e+00 8.7146389520e-15 
1.8000000000e+00 8.0772610010e-15 
1.7500000000e+00 7.4780308320e-15 
1.7000000000e+00 6.9164283320e-15 
1.6500000000e+00 6.4112381890e-15 
1.6000000000e+00 5.8953579340e-15 
1.5500000000e+00 5.4313765760e-15 
1.5000000000e+00 4.9982459090e-15 
1.4500000000e+00 4.5588785330e-15 
1.4000000000e+00 4.1726368560e-15 
1.3500000000e+00 3.8071222290e-15 
1.3000000000e+00 3.4428332850e-15 
1.2500000000e+00 3.1059028410e-15 
1.2000000000e+00 2.8628127000e-15 
1.1500000000e+00 2.6376848000e-15 
1.1000000000e+00 2.4138084700e-15 
1.0500000000e+00 2.2518713490e-15 
1.0000000000e+00 2.0797088330e-15 
9.5000000000e-01 1.9150750040e-15 
9.0000000000e-01 1.7452719920e-15 
8.5000000000e-01 1.6392419620e-15 
8.0000000000e-01 1.5193002120e-15 
7.5000000000e-01 1.4078790940e-15 
7.0000000000e-01 1.3324094280e-15 
6.5000000000e-01 1.2119075960e-15 
6.0000000000e-01 1.1297177240e-15 
5.5000000000e-01 1.0416269490e-15 
5.0000000000e-01 9.2200810520e-16 
4.5000000000e-01 8.3366025290e-16 
4.0000000000e-01 7.0105198000e-16 
3.5000000000e-01 6.0272551200e-16 
3.0000000000e-01 4.9035258120e-16 
2.5000000000e-01 4.6017145250e-16 
2.0000000000e-01 3.5386533980e-16 
1.5000000000e-01 2.5646527590e-16 
1.0000000000e-01 1.8304224980e-16 
5.0000000000e-02 9.5343852220e-17 
1.0711414300e-14 2.1219047710e-18 
