EXPORTED XY-GRAPH DATA
1585 2 2
Drain Voltage
Drain Current
0.0000000000e+00 -3.5044078860e-18 
5.0000000000e-02 9.6871152940e-17 
1.0000000000e-01 1.6579123670e-16 
1.5000000000e-01 2.4876986300e-16 
2.0000000000e-01 3.3641852120e-16 
2.5000000000e-01 4.3224872420e-16 
3.0000000000e-01 5.1502479060e-16 
3.5000000000e-01 5.4291816280e-16 
4.0000000000e-01 6.8314499960e-16 
4.5000000000e-01 7.9513752800e-16 
5.0000000000e-01 9.1206608070e-16 
5.5000000000e-01 1.0015307830e-15 
6.0000000000e-01 1.0870803880e-15 
6.5000000000e-01 1.1960586700e-15 
7.0000000000e-01 1.3039999570e-15 
7.5000000000e-01 1.3619229130e-15 
8.0000000000e-01 1.4884830710e-15 
8.5000000000e-01 1.6000295520e-15 
9.0000000000e-01 1.6926833290e-15 
9.5000000000e-01 1.8585801330e-15 
1.0000000000e+00 1.9723125690e-15 
1.0500000000e+00 2.1504547450e-15 
1.1000000000e+00 2.3342783010e-15 
1.1500000000e+00 2.4902869070e-15 
1.2000000000e+00 2.7351059690e-15 
1.2500000000e+00 2.9800535490e-15 
1.3000000000e+00 3.2811790260e-15 
1.3500000000e+00 3.6170238830e-15 
1.4000000000e+00 3.9499148380e-15 
1.4500000000e+00 4.3539140940e-15 
1.5000000000e+00 4.7282018770e-15 
1.5500000000e+00 5.1648059310e-15 
1.6000000000e+00 5.6205389600e-15 
1.6500000000e+00 6.1062598170e-15 
1.7000000000e+00 6.5887145860e-15 
1.7500000000e+00 7.1174031550e-15 
1.8000000000e+00 7.6908630600e-15 
1.8500000000e+00 8.2927741510e-15 
1.9000000000e+00 8.9884540730e-15 
1.9500000000e+00 9.7594776300e-15 
2.0000000000e+00 1.0624538600e-14 
2.0500000000e+00 1.1590791870e-14 
2.1000000000e+00 1.2861062780e-14 
2.1500000000e+00 1.4363995970e-14 
2.2000000000e+00 1.6252894770e-14 
2.2500000000e+00 1.8527251640e-14 
2.3000000000e+00 2.1246662940e-14 
2.3500000000e+00 2.4483463350e-14 
2.4000000000e+00 2.8394867700e-14 
2.4500000000e+00 3.3056218340e-14 
2.5000000000e+00 3.8844263010e-14 
2.5500000000e+00 4.6085573150e-14 
2.6000000000e+00 5.5356954430e-14 
2.6500000000e+00 6.7584384700e-14 
2.7000000000e+00 8.3467892040e-14 
2.7500000000e+00 1.0455750800e-13 
2.8000000000e+00 1.3243255900e-13 
2.8500000000e+00 1.6875610080e-13 
2.9000000000e+00 2.1426726610e-13 
2.9500000000e+00 2.6936436570e-13 
3.0000000000e+00 3.3754228720e-13 
3.0500000000e+00 4.2291740080e-13 
3.1000000000e+00 5.2800856090e-13 
3.1500000000e+00 6.5654973120e-13 
3.2000000000e+00 8.1137617900e-13 
3.2500000000e+00 9.9725681760e-13 
3.3000000000e+00 1.2211026780e-12 
3.3500000000e+00 1.4925219570e-12 
3.4000000000e+00 1.8216126040e-12 
3.4500000000e+00 2.2240866670e-12 
3.5000000000e+00 2.7181348660e-12 
3.5500000000e+00 3.3323502190e-12 
3.6000000000e+00 4.1063019230e-12 
3.6100000000e+00 4.2850393970e-12 
3.6200000000e+00 4.4730411380e-12 
3.6300000000e+00 4.6711342650e-12 
3.6400000000e+00 4.8801221740e-12 
3.6500000000e+00 5.1009285680e-12 
3.6600000000e+00 5.3344244160e-12 
3.6700000000e+00 5.5820041480e-12 
3.6800000000e+00 5.8447984920e-12 
3.6900000000e+00 6.1241344470e-12 
3.7000000000e+00 6.4216854880e-12 
3.7005000000e+00 6.4371087700e-12 
3.7010000000e+00 6.4525649410e-12 
3.7015000000e+00 6.4680818980e-12 
3.7020000000e+00 6.4836192700e-12 
3.7025000000e+00 6.4992138650e-12 
3.7030000000e+00 6.5148740860e-12 
3.7035000000e+00 6.5306066610e-12 
3.7040000000e+00 6.5463606750e-12 
3.7045000000e+00 6.5621738720e-12 
3.7050000000e+00 6.5780684380e-12 
3.7055000000e+00 6.5939873970e-12 
3.7060000000e+00 6.6099680750e-12 
3.7065000000e+00 6.6260329690e-12 
3.7070000000e+00 6.6420938760e-12 
3.7075000000e+00 6.6582358470e-12 
3.7080000000e+00 6.6744433630e-12 
3.7085000000e+00 6.6906906720e-12 
3.7090000000e+00 6.7070389060e-12 
3.7095000000e+00 6.7233765720e-12 
3.7100000000e+00 6.7398643280e-12 
3.7105000000e+00 6.7563119350e-12 
3.7110000000e+00 6.7728705470e-12 
3.7115000000e+00 6.7894725300e-12 
3.7120000000e+00 6.8061004810e-12 
3.7125000000e+00 6.8228411630e-12 
3.7130000000e+00 6.8395909250e-12 
3.7135000000e+00 6.8564740150e-12 
3.7140000000e+00 6.8733415480e-12 
3.7145000000e+00 6.8903114630e-12 
3.7150000000e+00 6.9072932500e-12 
3.7155000000e+00 6.9244141420e-12 
3.7160000000e+00 6.9415426900e-12 
3.7165000000e+00 6.9587289500e-12 
3.7170000000e+00 6.9760006270e-12 
3.7175000000e+00 6.9933218270e-12 
3.7180000000e+00 7.0107006220e-12 
3.7185000000e+00 7.0281931210e-12 
3.7190000000e+00 7.0456795680e-12 
3.7195000000e+00 7.0632136690e-12 
3.7200000000e+00 7.0808780580e-12 
3.7205000000e+00 7.0985775180e-12 
3.7210000000e+00 7.1163317080e-12 
3.7215000000e+00 7.1341709400e-12 
3.7220000000e+00 7.1520897010e-12 
3.7225000000e+00 7.1700254610e-12 
3.7230000000e+00 7.1880680540e-12 
3.7235000000e+00 7.2061691500e-12 
3.7240000000e+00 7.2243381680e-12 
3.7245000000e+00 7.2425578980e-12 
3.7250000000e+00 7.2608587490e-12 
3.7255000000e+00 7.2792393820e-12 
3.7260000000e+00 7.2976586690e-12 
3.7265000000e+00 7.3161828360e-12 
3.7270000000e+00 7.3347256390e-12 
3.7275000000e+00 7.3534095930e-12 
3.7280000000e+00 7.3721115850e-12 
3.7285000000e+00 7.3909040020e-12 
3.7290000000e+00 7.4097778740e-12 
3.7295000000e+00 7.4287060620e-12 
3.7300000000e+00 7.4476961990e-12 
3.7305000000e+00 7.4667586340e-12 
3.7310000000e+00 7.4859121750e-12 
3.7315000000e+00 7.5051551580e-12 
3.7320000000e+00 7.5244465480e-12 
3.7325000000e+00 7.5438283330e-12 
3.7330000000e+00 7.5632523760e-12 
3.7335000000e+00 7.5827944980e-12 
3.7340000000e+00 7.6023986230e-12 
3.7345000000e+00 7.6220934700e-12 
3.7350000000e+00 7.6418522020e-12 
3.7355000000e+00 7.6616604080e-12 
3.7360000000e+00 7.6815649760e-12 
3.7365000000e+00 7.7015591160e-12 
3.7370000000e+00 7.7216414670e-12 
3.7375000000e+00 7.7417934360e-12 
3.7380000000e+00 7.7619958010e-12 
3.7385000000e+00 7.7823351310e-12 
3.7390000000e+00 7.8027013450e-12 
3.7395000000e+00 7.8231966740e-12 
3.7400000000e+00 7.8437294160e-12 
3.7405000000e+00 7.8643707820e-12 
3.7410000000e+00 7.8851034240e-12 
3.7415000000e+00 7.9059167800e-12 
3.7420000000e+00 7.9268232630e-12 
3.7425000000e+00 7.9477615530e-12 
3.7430000000e+00 7.9688399300e-12 
3.7435000000e+00 7.9900129460e-12 
3.7440000000e+00 8.0112757760e-12 
3.7445000000e+00 8.0325844330e-12 
3.7450000000e+00 8.0540159640e-12 
3.7455000000e+00 8.0755063280e-12 
3.7460000000e+00 8.0971164870e-12 
3.7465000000e+00 8.1188136210e-12 
3.7470000000e+00 8.1405771280e-12 
3.7475000000e+00 8.1624563750e-12 
3.7480000000e+00 8.1844182230e-12 
3.7485000000e+00 8.2064786170e-12 
3.7490000000e+00 8.2286350160e-12 
3.7495000000e+00 8.2508888450e-12 
3.7500000000e+00 8.2732088400e-12 
3.7505000000e+00 8.2956106250e-12 
3.7510000000e+00 8.3181945190e-12 
3.7515000000e+00 8.3408123930e-12 
3.7520000000e+00 8.3635557890e-12 
3.7525000000e+00 8.3863903010e-12 
3.7530000000e+00 8.4093024090e-12 
3.7535000000e+00 8.4323254810e-12 
3.7540000000e+00 8.4554907950e-12 
3.7545000000e+00 8.4787091090e-12 
3.7550000000e+00 8.5020622440e-12 
3.7555000000e+00 8.5254880040e-12 
3.7560000000e+00 8.5490138990e-12 
3.7565000000e+00 8.5726769410e-12 
3.7570000000e+00 8.5964616100e-12 
3.7575000000e+00 8.6203077890e-12 
3.7580000000e+00 8.6442803700e-12 
3.7585000000e+00 8.6683410580e-12 
3.7590000000e+00 8.6925473240e-12 
3.7595000000e+00 8.7168538730e-12 
3.7600000000e+00 8.7412829770e-12 
3.7605000000e+00 8.7657994680e-12 
3.7610000000e+00 8.7904293720e-12 
3.7615000000e+00 8.8152940920e-12 
3.7620000000e+00 8.8401778710e-12 
3.7625000000e+00 8.8651603520e-12 
3.7630000000e+00 8.8902547420e-12 
3.7635000000e+00 8.9154736880e-12 
3.7640000000e+00 8.9408244030e-12 
3.7645000000e+00 8.9662726890e-12 
3.7650000000e+00 8.9918718130e-12 
3.7655000000e+00 9.0175802620e-12 
3.7660000000e+00 9.0434080580e-12 
3.7665000000e+00 9.0693826620e-12 
3.7670000000e+00 9.0954174910e-12 
3.7675000000e+00 9.1216308550e-12 
3.7680000000e+00 9.1479733440e-12 
3.7685000000e+00 9.1744349140e-12 
3.7690000000e+00 9.2010279730e-12 
3.7695000000e+00 9.2277364150e-12 
3.7700000000e+00 9.2546061640e-12 
3.7705000000e+00 9.2816192260e-12 
3.7710000000e+00 9.3087560400e-12 
3.7715000000e+00 9.3360027850e-12 
3.7720000000e+00 9.3633994170e-12 
3.7725000000e+00 9.3909323170e-12 
3.7730000000e+00 9.4186374670e-12 
3.7735000000e+00 9.4464254220e-12 
3.7740000000e+00 9.4743950260e-12 
3.7745000000e+00 9.5024917050e-12 
3.7750000000e+00 9.5307561280e-12 
3.7755000000e+00 9.5591279690e-12 
3.7760000000e+00 9.5876754580e-12 
3.7765000000e+00 9.6163379500e-12 
3.7770000000e+00 9.6452173970e-12 
3.7775000000e+00 9.6741970650e-12 
3.7780000000e+00 9.7033239670e-12 
3.7785000000e+00 9.7326292370e-12 
3.7790000000e+00 9.7620746330e-12 
3.7795000000e+00 9.7916726410e-12 
3.7800000000e+00 9.8214806710e-12 
3.7805000000e+00 9.8514090090e-12 
3.7810000000e+00 9.8815282430e-12 
3.7815000000e+00 9.9117890640e-12 
3.7820000000e+00 9.9422041930e-12 
3.7825000000e+00 9.9727894770e-12 
3.7830000000e+00 1.0003560970e-11 
3.7835000000e+00 1.0034500560e-11 
3.7840000000e+00 1.0065611660e-11 
3.7845000000e+00 1.0096914590e-11 
3.7850000000e+00 1.0128357070e-11 
3.7855000000e+00 1.0160012670e-11 
3.7860000000e+00 1.0191820930e-11 
3.7865000000e+00 1.0223813770e-11 
3.7870000000e+00 1.0256118180e-11 
3.7875000000e+00 1.0288756410e-11 
3.7880000000e+00 1.0321603940e-11 
3.7885000000e+00 1.0354602590e-11 
3.7890000000e+00 1.0387832550e-11 
3.7895000000e+00 1.0421241700e-11 
3.7900000000e+00 1.0454845470e-11 
3.7905000000e+00 1.0488665860e-11 
3.7910000000e+00 1.0522667440e-11 
3.7915000000e+00 1.0556906130e-11 
3.7920000000e+00 1.0591342620e-11 
3.7925000000e+00 1.0625962010e-11 
3.7930000000e+00 1.0660852990e-11 
3.7935000000e+00 1.0695870020e-11 
3.7940000000e+00 1.0731166620e-11 
3.7945000000e+00 1.0766711060e-11 
3.7950000000e+00 1.0802420090e-11 
3.7955000000e+00 1.0838362840e-11 
3.7960000000e+00 1.0874539400e-11 
3.7965000000e+00 1.0910942400e-11 
3.7970000000e+00 1.0947626960e-11 
3.7975000000e+00 1.0984503940e-11 
3.7980000000e+00 1.1021598850e-11 
3.7985000000e+00 1.1058999350e-11 
3.7990000000e+00 1.1096614810e-11 
3.7995000000e+00 1.1134467460e-11 
3.8000000000e+00 1.1172596050e-11 
3.8005000000e+00 1.1210962650e-11 
3.8010000000e+00 1.1249599390e-11 
3.8015000000e+00 1.1288485440e-11 
3.8020000000e+00 1.1327643510e-11 
3.8025000000e+00 1.1366918630e-11 
3.8030000000e+00 1.1406578840e-11 
3.8035000000e+00 1.1446567040e-11 
3.8040000000e+00 1.1486811350e-11 
3.8045000000e+00 1.1527326860e-11 
3.8050000000e+00 1.1568176100e-11 
3.8055000000e+00 1.1609270880e-11 
3.8060000000e+00 1.1650662690e-11 
3.8065000000e+00 1.1692409710e-11 
3.8070000000e+00 1.1734389340e-11 
3.8075000000e+00 1.1776709520e-11 
3.8080000000e+00 1.1819343670e-11 
3.8085000000e+00 1.1862277960e-11 
3.8090000000e+00 1.1905537130e-11 
3.8095000000e+00 1.1949124650e-11 
3.8100000000e+00 1.1993050560e-11 
3.8105000000e+00 1.2037323860e-11 
3.8110000000e+00 1.2081897160e-11 
3.8115000000e+00 1.2126844610e-11 
3.8120000000e+00 1.2172117640e-11 
3.8125000000e+00 1.2217772200e-11 
3.8130000000e+00 1.2263748840e-11 
3.8135000000e+00 1.2310085570e-11 
3.8140000000e+00 1.2356787370e-11 
3.8145000000e+00 1.2403897320e-11 
3.8150000000e+00 1.2451377140e-11 
3.8155000000e+00 1.2499282480e-11 
3.8160000000e+00 1.2547524750e-11 
3.8165000000e+00 1.2596221360e-11 
3.8170000000e+00 1.2645304350e-11 
3.8175000000e+00 1.2694799880e-11 
3.8180000000e+00 1.2744777970e-11 
3.8185000000e+00 1.2795100670e-11 
3.8190000000e+00 1.2846098700e-11 
3.8195000000e+00 1.2897362840e-11 
3.8200000000e+00 1.2949085150e-11 
3.8300000000e+00 1.4095249250e-11 
3.8400000000e+00 1.5526420550e-11 
3.8500000000e+00 1.7449769590e-11 
3.8550000000e+00 1.8751398660e-11 
3.8556250000e+00 4.9280899770e-06 
3.8562500000e+00 4.9425332590e-06 
3.8575000000e+00 4.9715451420e-06 
3.8600000000e+00 5.0297246240e-06 
3.8700000000e+00 5.2651424630e-06 
3.8800000000e+00 5.5049689510e-06 
3.8900000000e+00 5.7491513760e-06 
3.9000000000e+00 5.9976812630e-06 
3.9100000000e+00 6.2505549740e-06 
3.9200000000e+00 6.5077379650e-06 
3.9300000000e+00 6.7692655660e-06 
3.9400000000e+00 7.0351416600e-06 
3.9500000000e+00 7.3053724460e-06 
3.9600000000e+00 7.5800079460e-06 
3.9700000000e+00 7.8590844290e-06 
3.9800000000e+00 8.1425254280e-06 
3.9900000000e+00 8.4303400570e-06 
4.0000000000e+00 8.7225426180e-06 
4.0100000000e+00 9.0191486610e-06 
4.0200000000e+00 9.3201735620e-06 
4.0300000000e+00 9.6256492750e-06 
4.0400000000e+00 9.9356469320e-06 
4.0500000000e+00 1.0250101240e-05 
4.0600000000e+00 1.0569039270e-05 
4.0700000000e+00 1.0892468440e-05 
4.0800000000e+00 1.1220446100e-05 
4.0900000000e+00 1.1552981040e-05 
4.1000000000e+00 1.1889927120e-05 
4.1100000000e+00 1.2231473660e-05 
4.1200000000e+00 1.2577651610e-05 
4.1300000000e+00 1.2928451950e-05 
4.1400000000e+00 1.3283813880e-05 
4.1500000000e+00 1.3643848330e-05 
4.1600000000e+00 1.4008580200e-05 
4.1700000000e+00 1.4377811570e-05 
4.1800000000e+00 1.4751430260e-05 
4.1900000000e+00 1.5129700420e-05 
4.2000000000e+00 1.5512667180e-05 
4.2100000000e+00 1.5900353500e-05 
4.2200000000e+00 1.6292778760e-05 
4.2300000000e+00 1.6689977090e-05 
4.2400000000e+00 1.7091983180e-05 
4.2500000000e+00 1.7498837750e-05 
4.2600000000e+00 1.7910544310e-05 
4.2700000000e+00 1.8327131330e-05 
4.2800000000e+00 1.8748630390e-05 
4.2900000000e+00 1.9175077100e-05 
4.3000000000e+00 1.9606493290e-05 
4.3100000000e+00 2.0042983880e-05 
4.3200000000e+00 2.0484517180e-05 
4.3300000000e+00 2.0931104250e-05 
4.3400000000e+00 2.1382778710e-05 
4.3500000000e+00 2.1839574950e-05 
4.3600000000e+00 2.2301528250e-05 
4.3700000000e+00 2.2768647080e-05 
4.3800000000e+00 2.3240993350e-05 
4.3900000000e+00 2.3718607370e-05 
4.4000000000e+00 2.4201528610e-05 
4.4100000000e+00 2.4689788130e-05 
4.4200000000e+00 2.5183424770e-05 
4.4300000000e+00 2.5682492990e-05 
4.4400000000e+00 2.6187044150e-05 
4.4500000000e+00 2.6697069670e-05 
4.4600000000e+00 2.7212391680e-05 
4.4700000000e+00 2.7733326740e-05 
4.4800000000e+00 2.8259960270e-05 
4.4900000000e+00 2.8792466080e-05 
4.5000000000e+00 2.9330741220e-05 
4.5100000000e+00 2.9875276720e-05 
4.5200000000e+00 3.0425717130e-05 
4.5300000000e+00 3.0982130070e-05 
4.5400000000e+00 3.1544581410e-05 
4.5500000000e+00 3.2113370310e-05 
4.5600000000e+00 3.2688788720e-05 
4.5700000000e+00 3.3270489550e-05 
4.5800000000e+00 3.3858551050e-05 
4.5900000000e+00 3.4453052890e-05 
4.6000000000e+00 3.5054057200e-05 
4.6100000000e+00 3.5662227620e-05 
4.6200000000e+00 3.6275985270e-05 
4.6300000000e+00 3.6895465020e-05 
4.6400000000e+00 3.7521633670e-05 
4.6500000000e+00 3.8152442690e-05 
4.6600000000e+00 3.8789063010e-05 
4.6700000000e+00 3.9432160290e-05 
4.6800000000e+00 4.0081784250e-05 
4.6900000000e+00 4.0737992790e-05 
4.7000000000e+00 4.1400833160e-05 
4.7100000000e+00 4.2069008840e-05 
4.7200000000e+00 4.2743023100e-05 
4.7300000000e+00 4.3423712480e-05 
4.7400000000e+00 4.4111130870e-05 
4.7500000000e+00 4.4805333880e-05 
4.7600000000e+00 4.5506377160e-05 
4.7700000000e+00 4.6214223650e-05 
4.7800000000e+00 4.6928615140e-05 
4.7900000000e+00 4.7650104420e-05 
4.8000000000e+00 4.8379267330e-05 
4.8100000000e+00 4.9115487700e-05 
4.8200000000e+00 4.9858691460e-05 
4.8300000000e+00 5.0608473190e-05 
4.8400000000e+00 5.1365387350e-05 
4.8500000000e+00 5.2129491650e-05 
4.8600000000e+00 5.2900840520e-05 
4.8700000000e+00 5.3679494880e-05 
4.8800000000e+00 5.4465783620e-05 
4.8900000000e+00 5.5259621560e-05 
4.9000000000e+00 5.6060671800e-05 
4.9100000000e+00 5.6867903890e-05 
4.9200000000e+00 5.7682572480e-05 
4.9300000000e+00 5.8504858950e-05 
4.9400000000e+00 5.9334589730e-05 
4.9500000000e+00 6.0171530600e-05 
4.9600000000e+00 6.1016116030e-05 
4.9700000000e+00 6.1868412690e-05 
4.9800000000e+00 6.2728276990e-05 
4.9900000000e+00 6.3596202800e-05 
5.0000000000e+00 6.4472056160e-05 
5.0500000000e+00 6.8971318770e-05 
5.1000000000e+00 7.3671965250e-05 
5.1500000000e+00 7.8579360780e-05 
5.2000000000e+00 8.3714656650e-05 
5.2500000000e+00 8.9100271060e-05 
5.3000000000e+00 9.4732156510e-05 
5.3500000000e+00 1.0049641500e-04 
5.4000000000e+00 1.0649519790e-04 
5.4500000000e+00 1.1273749710e-04 
5.5000000000e+00 1.1921522090e-04 
5.5500000000e+00 1.2594228480e-04 
5.6000000000e+00 1.3293496590e-04 
5.6500000000e+00 1.4018782130e-04 
5.7000000000e+00 1.4771894480e-04 
5.7500000000e+00 1.5555198100e-04 
5.8000000000e+00 1.6374427800e-04 
5.8500000000e+00 1.7227557680e-04 
5.9000000000e+00 1.8110723420e-04 
5.9500000000e+00 1.9020044120e-04 
6.0000000000e+00 1.9967272640e-04 
6.0500000000e+00 2.0917620160e-04 
6.1000000000e+00 2.1880497690e-04 
6.1500000000e+00 2.2868916080e-04 
6.2000000000e+00 2.3879531500e-04 
6.2500000000e+00 2.4918283410e-04 
6.3000000000e+00 2.5982561770e-04 
6.3500000000e+00 2.7066219870e-04 
6.4000000000e+00 2.8172487090e-04 
6.4500000000e+00 2.9303828440e-04 
6.5000000000e+00 3.0459609730e-04 
6.5500000000e+00 3.1640545530e-04 
6.6000000000e+00 3.2848252720e-04 
6.6500000000e+00 3.4088140730e-04 
6.7000000000e+00 3.5355351150e-04 
6.7500000000e+00 3.6631512930e-04 
6.8000000000e+00 3.7892832540e-04 
6.8500000000e+00 3.9172763880e-04 
6.9000000000e+00 4.0471858360e-04 
6.9500000000e+00 4.1790883220e-04 
7.0000000000e+00 4.3130344700e-04 
6.9900000000e+00 4.2860696560e-04 
6.9800000000e+00 4.2591979070e-04 
6.9700000000e+00 4.2324088650e-04 
6.9600000000e+00 4.2057023160e-04 
6.9500000000e+00 4.1790780420e-04 
6.9400000000e+00 4.1525354080e-04 
6.9300000000e+00 4.1260740660e-04 
6.9200000000e+00 4.0996938650e-04 
6.9100000000e+00 4.0733946290e-04 
6.9000000000e+00 4.0471754880e-04 
6.8900000000e+00 4.0210360010e-04 
6.8800000000e+00 3.9949756390e-04 
6.8700000000e+00 3.9689940860e-04 
6.8600000000e+00 3.9430911790e-04 
6.8500000000e+00 3.9172660250e-04 
6.8400000000e+00 3.8915164380e-04 
6.8300000000e+00 3.8658423240e-04 
6.8200000000e+00 3.8402436770e-04 
6.8100000000e+00 3.8147205250e-04 
6.8000000000e+00 3.7892729260e-04 
6.7900000000e+00 3.7639009480e-04 
6.7800000000e+00 3.7386042810e-04 
6.7700000000e+00 3.7133732120e-04 
6.7600000000e+00 3.6882184100e-04 
6.7500000000e+00 3.6631399520e-04 
6.7400000000e+00 3.6381388180e-04 
6.7300000000e+00 3.6129607530e-04 
6.7200000000e+00 3.5870614060e-04 
6.7100000000e+00 3.5612322810e-04 
6.7000000000e+00 3.5355271230e-04 
6.6995000000e+00 3.5342432700e-04 
6.6990000000e+00 3.5329615410e-04 
6.6985000000e+00 3.5316801170e-04 
6.6980000000e+00 3.5303989980e-04 
6.6975000000e+00 3.5291181840e-04 
6.6970000000e+00 3.5278376750e-04 
6.6965000000e+00 3.5265574700e-04 
6.6960000000e+00 3.5252775700e-04 
6.6955000000e+00 3.5239979750e-04 
6.6950000000e+00 3.5227186820e-04 
6.6945000000e+00 3.5214396930e-04 
6.6940000000e+00 3.5201610070e-04 
6.6935000000e+00 3.5188826230e-04 
6.6930000000e+00 3.5176045430e-04 
6.6925000000e+00 3.5163267650e-04 
6.6920000000e+00 3.5150492890e-04 
6.6915000000e+00 3.5137721150e-04 
6.6910000000e+00 3.5124952440e-04 
6.6905000000e+00 3.5112186740e-04 
6.6900000000e+00 3.5099424060e-04 
6.6895000000e+00 3.5086664390e-04 
6.6890000000e+00 3.5073907740e-04 
6.6885000000e+00 3.5061154100e-04 
6.6880000000e+00 3.5048403460e-04 
6.6875000000e+00 3.5035655840e-04 
6.6870000000e+00 3.5022911220e-04 
6.6865000000e+00 3.5010169610e-04 
6.6860000000e+00 3.4997431000e-04 
6.6855000000e+00 3.4984695390e-04 
6.6850000000e+00 3.4971962780e-04 
6.6845000000e+00 3.4959233170e-04 
6.6840000000e+00 3.4946506560e-04 
6.6835000000e+00 3.4933782940e-04 
6.6830000000e+00 3.4921062310e-04 
6.6825000000e+00 3.4908344680e-04 
6.6820000000e+00 3.4895630030e-04 
6.6815000000e+00 3.4882918370e-04 
6.6810000000e+00 3.4870209700e-04 
6.6805000000e+00 3.4857504020e-04 
6.6800000000e+00 3.4844801310e-04 
6.6795000000e+00 3.4832101590e-04 
6.6790000000e+00 3.4819404850e-04 
6.6785000000e+00 3.4806711090e-04 
6.6780000000e+00 3.4794020300e-04 
6.6775000000e+00 3.4781332490e-04 
6.6770000000e+00 3.4768647650e-04 
6.6765000000e+00 3.4755965780e-04 
6.6760000000e+00 3.4743286880e-04 
6.6755000000e+00 3.4730610950e-04 
6.6750000000e+00 3.4717937990e-04 
6.6745000000e+00 3.4705268000e-04 
6.6740000000e+00 3.4692600960e-04 
6.6735000000e+00 3.4679936890e-04 
6.6730000000e+00 3.4667275780e-04 
6.6725000000e+00 3.4654617630e-04 
6.6720000000e+00 3.4641962440e-04 
6.6715000000e+00 3.4629310200e-04 
6.6710000000e+00 3.4616660920e-04 
6.6705000000e+00 3.4604014590e-04 
6.6700000000e+00 3.4591371210e-04 
6.6695000000e+00 3.4578730780e-04 
6.6690000000e+00 3.4566093300e-04 
6.6685000000e+00 3.4553458760e-04 
6.6680000000e+00 3.4540827170e-04 
6.6675000000e+00 3.4528198520e-04 
6.6670000000e+00 3.4515572820e-04 
6.6665000000e+00 3.4502950050e-04 
6.6660000000e+00 3.4490330230e-04 
6.6655000000e+00 3.4477713340e-04 
6.6650000000e+00 3.4465099380e-04 
6.6645000000e+00 3.4452488360e-04 
6.6640000000e+00 3.4439880280e-04 
6.6635000000e+00 3.4427275120e-04 
6.6630000000e+00 3.4414672890e-04 
6.6625000000e+00 3.4402073590e-04 
6.6620000000e+00 3.4389477210e-04 
6.6615000000e+00 3.4376883760e-04 
6.6610000000e+00 3.4364293230e-04 
6.6605000000e+00 3.4351705630e-04 
6.6600000000e+00 3.4339120940e-04 
6.6595000000e+00 3.4326539170e-04 
6.6590000000e+00 3.4313960320e-04 
6.6585000000e+00 3.4301384390e-04 
6.6580000000e+00 3.4288811370e-04 
6.6575000000e+00 3.4276241260e-04 
6.6570000000e+00 3.4263674060e-04 
6.6565000000e+00 3.4251109770e-04 
6.6560000000e+00 3.4238548400e-04 
6.6555000000e+00 3.4225989920e-04 
6.6550000000e+00 3.4213434350e-04 
6.6545000000e+00 3.4200881690e-04 
6.6540000000e+00 3.4188331930e-04 
6.6535000000e+00 3.4175785070e-04 
6.6530000000e+00 3.4163241110e-04 
6.6525000000e+00 3.4150700050e-04 
6.6520000000e+00 3.4138161880e-04 
6.6515000000e+00 3.4125626610e-04 
6.6510000000e+00 3.4113094230e-04 
6.6505000000e+00 3.4100564750e-04 
6.6500000000e+00 3.4088038150e-04 
6.6495000000e+00 3.4075514450e-04 
6.6490000000e+00 3.4062993630e-04 
6.6485000000e+00 3.4050475700e-04 
6.6480000000e+00 3.4037960660e-04 
6.6475000000e+00 3.4025448500e-04 
6.6470000000e+00 3.4012939220e-04 
6.6465000000e+00 3.4000432820e-04 
6.6460000000e+00 3.3987929310e-04 
6.6455000000e+00 3.3975428670e-04 
6.6450000000e+00 3.3962930910e-04 
6.6445000000e+00 3.3950436020e-04 
6.6440000000e+00 3.3937944010e-04 
6.6435000000e+00 3.3925454870e-04 
6.6430000000e+00 3.3912968600e-04 
6.6425000000e+00 3.3900485200e-04 
6.6420000000e+00 3.3888004670e-04 
6.6415000000e+00 3.3875527010e-04 
6.6410000000e+00 3.3863052210e-04 
6.6405000000e+00 3.3850580280e-04 
6.6400000000e+00 3.3838111210e-04 
6.6395000000e+00 3.3825645000e-04 
6.6390000000e+00 3.3813181660e-04 
6.6385000000e+00 3.3800721170e-04 
6.6380000000e+00 3.3788263540e-04 
6.6375000000e+00 3.3775808770e-04 
6.6370000000e+00 3.3763356850e-04 
6.6365000000e+00 3.3750907780e-04 
6.6360000000e+00 3.3738461570e-04 
6.6355000000e+00 3.3726018210e-04 
6.6350000000e+00 3.3713577700e-04 
6.6345000000e+00 3.3701140040e-04 
6.6340000000e+00 3.3688705220e-04 
6.6335000000e+00 3.3676273250e-04 
6.6330000000e+00 3.3663844130e-04 
6.6325000000e+00 3.3651417840e-04 
6.6320000000e+00 3.3638994400e-04 
6.6315000000e+00 3.3626573800e-04 
6.6310000000e+00 3.3614156040e-04 
6.6305000000e+00 3.3601741120e-04 
6.6300000000e+00 3.3589329040e-04 
6.6295000000e+00 3.3576919790e-04 
6.6290000000e+00 3.3564513370e-04 
6.6285000000e+00 3.3552109790e-04 
6.6280000000e+00 3.3539709040e-04 
6.6275000000e+00 3.3527311120e-04 
6.6270000000e+00 3.3514916020e-04 
6.6265000000e+00 3.3502523760e-04 
6.6260000000e+00 3.3490134320e-04 
6.6255000000e+00 3.3477747710e-04 
6.6250000000e+00 3.3465363920e-04 
6.6245000000e+00 3.3452982950e-04 
6.6240000000e+00 3.3440604810e-04 
6.6235000000e+00 3.3428229480e-04 
6.6230000000e+00 3.3415856980e-04 
6.6225000000e+00 3.3403487290e-04 
6.6220000000e+00 3.3391117400e-04 
6.6215000000e+00 3.3378715190e-04 
6.6210000000e+00 3.3366315920e-04 
6.6205000000e+00 3.3353919540e-04 
6.6200000000e+00 3.3341526040e-04 
6.6195000000e+00 3.3329135420e-04 
6.6190000000e+00 3.3316747690e-04 
6.6185000000e+00 3.3304362840e-04 
6.6180000000e+00 3.3291980870e-04 
6.6175000000e+00 3.3279601780e-04 
6.6170000000e+00 3.3267225560e-04 
6.6165000000e+00 3.3254852220e-04 
6.6160000000e+00 3.3242481760e-04 
6.6155000000e+00 3.3230114170e-04 
6.6150000000e+00 3.3217749450e-04 
6.6145000000e+00 3.3205387600e-04 
6.6140000000e+00 3.3193028620e-04 
6.6135000000e+00 3.3180672510e-04 
6.6130000000e+00 3.3168319270e-04 
6.6125000000e+00 3.3155968900e-04 
6.6120000000e+00 3.3143621380e-04 
6.6115000000e+00 3.3131276730e-04 
6.6110000000e+00 3.3118934950e-04 
6.6105000000e+00 3.3106596020e-04 
6.6100000000e+00 3.3094259960e-04 
6.6095000000e+00 3.3081926750e-04 
6.6090000000e+00 3.3069596400e-04 
6.6085000000e+00 3.3057268900e-04 
6.6080000000e+00 3.3044944260e-04 
6.6075000000e+00 3.3032622470e-04 
6.6070000000e+00 3.3020303540e-04 
6.6065000000e+00 3.3007987450e-04 
6.6060000000e+00 3.2995674220e-04 
6.6055000000e+00 3.2983363830e-04 
6.6050000000e+00 3.2971056290e-04 
6.6045000000e+00 3.2958751600e-04 
6.6040000000e+00 3.2946449750e-04 
6.6035000000e+00 3.2934150750e-04 
6.6030000000e+00 3.2921854580e-04 
6.6025000000e+00 3.2909561260e-04 
6.6020000000e+00 3.2897270780e-04 
6.6015000000e+00 3.2884983140e-04 
6.6010000000e+00 3.2872698330e-04 
6.6005000000e+00 3.2860416360e-04 
6.6000000000e+00 3.2848147980e-04 
6.5995000000e+00 3.2835894750e-04 
6.5990000000e+00 3.2823648660e-04 
6.5985000000e+00 3.2811405640e-04 
6.5980000000e+00 3.2799165390e-04 
6.5975000000e+00 3.2786927930e-04 
6.5970000000e+00 3.2774702310e-04 
6.5965000000e+00 3.2762485590e-04 
6.5960000000e+00 3.2750271770e-04 
6.5955000000e+00 3.2738060710e-04 
6.5950000000e+00 3.2725852400e-04 
6.5945000000e+00 3.2713646840e-04 
6.5940000000e+00 3.2701444030e-04 
6.5935000000e+00 3.2689243960e-04 
6.5930000000e+00 3.2677054890e-04 
6.5925000000e+00 3.2664873620e-04 
6.5920000000e+00 3.2652695200e-04 
6.5915000000e+00 3.2640519510e-04 
6.5910000000e+00 3.2628346530e-04 
6.5905000000e+00 3.2616183000e-04 
6.5900000000e+00 3.2604025480e-04 
6.5895000000e+00 3.2591874640e-04 
6.5890000000e+00 3.2579727130e-04 
6.5885000000e+00 3.2567582310e-04 
6.5880000000e+00 3.2555440190e-04 
6.5875000000e+00 3.2543300750e-04 
6.5870000000e+00 3.2531164000e-04 
6.5865000000e+00 3.2519029940e-04 
6.5860000000e+00 3.2506898570e-04 
6.5855000000e+00 3.2494769880e-04 
6.5850000000e+00 3.2482643870e-04 
6.5845000000e+00 3.2470520550e-04 
6.5840000000e+00 3.2458399910e-04 
6.5835000000e+00 3.2446281950e-04 
6.5830000000e+00 3.2434166670e-04 
6.5825000000e+00 3.2422054070e-04 
6.5820000000e+00 3.2409944150e-04 
6.5815000000e+00 3.2397836910e-04 
6.5810000000e+00 3.2385732340e-04 
6.5805000000e+00 3.2373630450e-04 
6.5800000000e+00 3.2361531240e-04 
6.5795000000e+00 3.2349434690e-04 
6.5790000000e+00 3.2337340820e-04 
6.5785000000e+00 3.2325249630e-04 
6.5780000000e+00 3.2313161100e-04 
6.5775000000e+00 3.2301075240e-04 
6.5770000000e+00 3.2288992050e-04 
6.5765000000e+00 3.2276911530e-04 
6.5760000000e+00 3.2264833680e-04 
6.5755000000e+00 3.2252758490e-04 
6.5750000000e+00 3.2240685970e-04 
6.5745000000e+00 3.2228616110e-04 
6.5740000000e+00 3.2216548910e-04 
6.5735000000e+00 3.2204484380e-04 
6.5730000000e+00 3.2192422510e-04 
6.5725000000e+00 3.2180363300e-04 
6.5720000000e+00 3.2168306750e-04 
6.5715000000e+00 3.2156252850e-04 
6.5710000000e+00 3.2144201620e-04 
6.5705000000e+00 3.2132153040e-04 
6.5700000000e+00 3.2120107120e-04 
6.5695000000e+00 3.2108063850e-04 
6.5690000000e+00 3.2096023240e-04 
6.5685000000e+00 3.2083985300e-04 
6.5680000000e+00 3.2071950010e-04 
6.5675000000e+00 3.2059917370e-04 
6.5670000000e+00 3.2047887380e-04 
6.5665000000e+00 3.2035860040e-04 
6.5660000000e+00 3.2023835350e-04 
6.5655000000e+00 3.2011813300e-04 
6.5650000000e+00 3.1999793910e-04 
6.5645000000e+00 3.1987777160e-04 
6.5640000000e+00 3.1975763050e-04 
6.5635000000e+00 3.1963751590e-04 
6.5630000000e+00 3.1951742780e-04 
6.5625000000e+00 3.1939736600e-04 
6.5620000000e+00 3.1927733070e-04 
6.5615000000e+00 3.1915732180e-04 
6.5610000000e+00 3.1903733930e-04 
6.5605000000e+00 3.1891738310e-04 
6.5600000000e+00 3.1879745340e-04 
6.5595000000e+00 3.1867755000e-04 
6.5590000000e+00 3.1855767300e-04 
6.5585000000e+00 3.1843782240e-04 
6.5580000000e+00 3.1831799810e-04 
6.5575000000e+00 3.1819820010e-04 
6.5570000000e+00 3.1807842850e-04 
6.5565000000e+00 3.1795868320e-04 
6.5560000000e+00 3.1783896420e-04 
6.5555000000e+00 3.1771927160e-04 
6.5550000000e+00 3.1759960520e-04 
6.5545000000e+00 3.1747996510e-04 
6.5540000000e+00 3.1736035130e-04 
6.5535000000e+00 3.1724076370e-04 
6.5530000000e+00 3.1712120250e-04 
6.5525000000e+00 3.1700166750e-04 
6.5520000000e+00 3.1688215870e-04 
6.5515000000e+00 3.1676267620e-04 
6.5510000000e+00 3.1664321990e-04 
6.5505000000e+00 3.1652378980e-04 
6.5500000000e+00 3.1640438600e-04 
6.5495000000e+00 3.1628500830e-04 
6.5490000000e+00 3.1616565690e-04 
6.5485000000e+00 3.1604633160e-04 
6.5480000000e+00 3.1592703250e-04 
6.5475000000e+00 3.1580775960e-04 
6.5470000000e+00 3.1568851290e-04 
6.5465000000e+00 3.1556929230e-04 
6.5460000000e+00 3.1545009790e-04 
6.5455000000e+00 3.1533092960e-04 
6.5450000000e+00 3.1521178750e-04 
6.5445000000e+00 3.1509267150e-04 
6.5440000000e+00 3.1497358160e-04 
6.5435000000e+00 3.1485451780e-04 
6.5430000000e+00 3.1473548010e-04 
6.5425000000e+00 3.1461646850e-04 
6.5420000000e+00 3.1449748300e-04 
6.5415000000e+00 3.1437852360e-04 
6.5410000000e+00 3.1425959030e-04 
6.5405000000e+00 3.1414068300e-04 
6.5400000000e+00 3.1402180180e-04 
6.5395000000e+00 3.1390294660e-04 
6.5390000000e+00 3.1378411740e-04 
6.5385000000e+00 3.1366531430e-04 
6.5380000000e+00 3.1354653730e-04 
6.5375000000e+00 3.1342778620e-04 
6.5370000000e+00 3.1330906120e-04 
6.5365000000e+00 3.1319036210e-04 
6.5360000000e+00 3.1307168910e-04 
6.5355000000e+00 3.1295304200e-04 
6.5350000000e+00 3.1283442090e-04 
6.5345000000e+00 3.1271582580e-04 
6.5340000000e+00 3.1259725670e-04 
6.5335000000e+00 3.1247871350e-04 
6.5330000000e+00 3.1236019630e-04 
6.5325000000e+00 3.1224170500e-04 
6.5320000000e+00 3.1212323960e-04 
6.5315000000e+00 3.1200480020e-04 
6.5310000000e+00 3.1188638660e-04 
6.5305000000e+00 3.1176799900e-04 
6.5300000000e+00 3.1164963720e-04 
6.5295000000e+00 3.1153130130e-04 
6.5290000000e+00 3.1141299130e-04 
6.5285000000e+00 3.1129470710e-04 
6.5280000000e+00 3.1117644880e-04 
6.5275000000e+00 3.1105821640e-04 
6.5270000000e+00 3.1094000970e-04 
6.5265000000e+00 3.1082182890e-04 
6.5260000000e+00 3.1070367400e-04 
6.5255000000e+00 3.1058554480e-04 
6.5250000000e+00 3.1046744150e-04 
6.5245000000e+00 3.1034936400e-04 
6.5240000000e+00 3.1023131230e-04 
6.5235000000e+00 3.1011328630e-04 
6.5230000000e+00 3.0999528620e-04 
6.5225000000e+00 3.0987731180e-04 
6.5220000000e+00 3.0975936330e-04 
6.5215000000e+00 3.0964144050e-04 
6.5210000000e+00 3.0952354350e-04 
6.5205000000e+00 3.0940567220e-04 
6.5200000000e+00 3.0928782670e-04 
6.5195000000e+00 3.0917000690e-04 
6.5190000000e+00 3.0905221280e-04 
6.5185000000e+00 3.0893444460e-04 
6.5180000000e+00 3.0881670210e-04 
6.5175000000e+00 3.0869898530e-04 
6.5170000000e+00 3.0858129420e-04 
6.5165000000e+00 3.0846362880e-04 
6.5160000000e+00 3.0834598900e-04 
6.5155000000e+00 3.0822837500e-04 
6.5150000000e+00 3.0811078660e-04 
6.5145000000e+00 3.0799322390e-04 
6.5140000000e+00 3.0787568690e-04 
6.5135000000e+00 3.0775817550e-04 
6.5130000000e+00 3.0764068980e-04 
6.5125000000e+00 3.0752322970e-04 
6.5120000000e+00 3.0740579520e-04 
6.5115000000e+00 3.0728838630e-04 
6.5110000000e+00 3.0717100300e-04 
6.5105000000e+00 3.0705364520e-04 
6.5100000000e+00 3.0693631310e-04 
6.5095000000e+00 3.0681900650e-04 
6.5090000000e+00 3.0670172550e-04 
6.5085000000e+00 3.0658447000e-04 
6.5080000000e+00 3.0646724020e-04 
6.5075000000e+00 3.0635003580e-04 
6.5070000000e+00 3.0623285700e-04 
6.5065000000e+00 3.0611570370e-04 
6.5060000000e+00 3.0599857600e-04 
6.5055000000e+00 3.0588147380e-04 
6.5050000000e+00 3.0576439700e-04 
6.5045000000e+00 3.0564734580e-04 
6.5040000000e+00 3.0553032010e-04 
6.5035000000e+00 3.0541331980e-04 
6.5030000000e+00 3.0529634510e-04 
6.5025000000e+00 3.0517939580e-04 
6.5020000000e+00 3.0506247200e-04 
6.5015000000e+00 3.0494557370e-04 
6.5010000000e+00 3.0482870080e-04 
6.5005000000e+00 3.0471185340e-04 
6.5000000000e+00 3.0459503140e-04 
6.4500000000e+00 2.9303812150e-04 
6.4000000000e+00 2.8172463900e-04 
6.3500000000e+00 2.7066190720e-04 
6.3000000000e+00 2.5982528740e-04 
6.2500000000e+00 2.4918245970e-04 
6.2000000000e+00 2.3879490690e-04 
6.1500000000e+00 2.2868873700e-04 
6.1000000000e+00 2.1880454250e-04 
6.0500000000e+00 2.0917568540e-04 
6.0000000000e+00 1.9967228260e-04 
5.9500000000e+00 1.9019991260e-04 
5.9000000000e+00 1.8110672070e-04 
5.8500000000e+00 1.7227509170e-04 
5.8000000000e+00 1.6374382470e-04 
5.7500000000e+00 1.5555156200e-04 
5.7000000000e+00 1.4771856020e-04 
5.6500000000e+00 1.4018747020e-04 
5.6000000000e+00 1.3293464700e-04 
5.5500000000e+00 1.2594199630e-04 
5.5000000000e+00 1.1921496150e-04 
5.4500000000e+00 1.1273726550e-04 
5.4000000000e+00 1.0649499220e-04 
5.3500000000e+00 1.0049623350e-04 
5.3000000000e+00 9.4731974690e-05 
5.2500000000e+00 8.9100086520e-05 
5.2000000000e+00 8.3714499900e-05 
5.1500000000e+00 7.8579236050e-05 
5.1000000000e+00 7.3671639130e-05 
5.0500000000e+00 6.8971049890e-05 
5.0000000000e+00 6.4471973600e-05 
4.9900000000e+00 6.3596112960e-05 
4.9800000000e+00 6.2728190340e-05 
4.9700000000e+00 6.1868118980e-05 
4.9600000000e+00 6.1015830130e-05 
4.9500000000e+00 6.0171252370e-05 
4.9400000000e+00 5.9334319020e-05 
4.9300000000e+00 5.8504395300e-05 
4.9200000000e+00 5.7682120600e-05 
4.9100000000e+00 5.6867463710e-05 
4.9000000000e+00 5.6060243040e-05 
4.8900000000e+00 5.5259204100e-05 
4.8800000000e+00 5.4465377290e-05 
4.8700000000e+00 5.3679099460e-05 
4.8600000000e+00 5.2900455890e-05 
4.8500000000e+00 5.2129117600e-05 
4.8400000000e+00 5.1365023690e-05 
4.8300000000e+00 5.0608119890e-05 
4.8200000000e+00 4.9858348200e-05 
4.8100000000e+00 4.9115154370e-05 
4.8000000000e+00 4.8378943740e-05 
4.7900000000e+00 4.7649790380e-05 
4.7800000000e+00 4.6928310450e-05 
4.7700000000e+00 4.6213928290e-05 
4.7600000000e+00 4.5506090940e-05 
4.7500000000e+00 4.4805056590e-05 
4.7400000000e+00 4.4110862340e-05 
4.7300000000e+00 4.3423452540e-05 
4.7200000000e+00 4.2742771600e-05 
4.7100000000e+00 4.2068765610e-05 
4.7000000000e+00 4.1400598140e-05 
4.6900000000e+00 4.0737765740e-05 
4.6800000000e+00 4.0081565060e-05 
4.6700000000e+00 3.9431948800e-05 
4.6600000000e+00 3.8788859080e-05 
4.6500000000e+00 3.8152242650e-05 
4.6400000000e+00 3.7521429120e-05 
4.6300000000e+00 3.6895255850e-05 
4.6200000000e+00 3.6275780180e-05 
4.6100000000e+00 3.5662023950e-05 
4.6000000000e+00 3.5053859890e-05 
4.5900000000e+00 3.4452865750e-05 
4.5800000000e+00 3.3858373990e-05 
4.5700000000e+00 3.3270322030e-05 
4.5600000000e+00 3.2688630260e-05 
4.5500000000e+00 3.2113220620e-05 
4.5400000000e+00 3.1544440550e-05 
4.5300000000e+00 3.0981997040e-05 
4.5200000000e+00 3.0425591540e-05 
4.5100000000e+00 2.9875158290e-05 
4.5000000000e+00 2.9330629900e-05 
4.4900000000e+00 2.8792361500e-05 
4.4800000000e+00 2.8259861920e-05 
4.4700000000e+00 2.7733234520e-05 
4.4600000000e+00 2.7212305130e-05 
4.4500000000e+00 2.6696988640e-05 
4.4400000000e+00 2.6186968260e-05 
4.4300000000e+00 2.5682422030e-05 
4.4200000000e+00 2.5183358540e-05 
4.4100000000e+00 2.4689726440e-05 
4.4000000000e+00 2.4201471270e-05 
4.3900000000e+00 2.3718554190e-05 
4.3800000000e+00 2.3240944160e-05 
4.3700000000e+00 2.2768601710e-05 
4.3600000000e+00 2.2301486530e-05 
4.3500000000e+00 2.1839536730e-05 
4.3400000000e+00 2.1382743830e-05 
4.3300000000e+00 2.0931072570e-05 
4.3200000000e+00 2.0484488550e-05 
4.3100000000e+00 2.0042958160e-05 
4.3000000000e+00 1.9606470340e-05 
4.2900000000e+00 1.9175056790e-05 
4.2800000000e+00 1.8748612590e-05 
4.2700000000e+00 1.8327115910e-05 
4.2600000000e+00 1.7910531150e-05 
4.2500000000e+00 1.7498826720e-05 
4.2400000000e+00 1.7091974160e-05 
4.2300000000e+00 1.6689969960e-05 
4.2200000000e+00 1.6292773400e-05 
4.2100000000e+00 1.5900349800e-05 
4.2000000000e+00 1.5512665030e-05 
4.1900000000e+00 1.5129699690e-05 
4.1800000000e+00 1.4751430330e-05 
4.1700000000e+00 1.4377812460e-05 
4.1600000000e+00 1.4008581860e-05 
4.1500000000e+00 1.3643850260e-05 
4.1400000000e+00 1.3283817280e-05 
4.1300000000e+00 1.2928455760e-05 
4.1200000000e+00 1.2577656520e-05 
4.1100000000e+00 1.2231479540e-05 
4.1000000000e+00 1.1889933790e-05 
4.0900000000e+00 1.1552988340e-05 
4.0800000000e+00 1.1220453900e-05 
4.0700000000e+00 1.0892475940e-05 
4.0600000000e+00 1.0569038670e-05 
4.0500000000e+00 1.0250108040e-05 
4.0400000000e+00 9.9356606800e-06 
4.0300000000e+00 9.6256165220e-06 
4.0200000000e+00 9.3201526630e-06 
4.0100000000e+00 9.0191393050e-06 
4.0000000000e+00 8.7225437110e-06 
3.9900000000e+00 8.4303506580e-06 
3.9800000000e+00 8.1425446600e-06 
3.9700000000e+00 7.8591114240e-06 
3.9600000000e+00 7.5800418370e-06 
3.9500000000e+00 7.3054123910e-06 
3.9400000000e+00 7.0351868100e-06 
3.9300000000e+00 6.7693150870e-06 
3.9200000000e+00 6.5077910290e-06 
3.9100000000e+00 6.2506107530e-06 
3.9000000000e+00 5.9977389580e-06 
3.8900000000e+00 5.7492101860e-06 
3.8800000000e+00 5.5050280890e-06 
3.8700000000e+00 5.2652011570e-06 
3.8600000000e+00 5.0297359210e-06 
3.8500000000e+00 4.7986330980e-06 
3.8400000000e+00 4.5719117620e-06 
3.8300000000e+00 4.3495687430e-06 
3.8200000000e+00 4.1316250720e-06 
3.8100000000e+00 3.9180380440e-06 
3.8000000000e+00 3.7087046090e-06 
3.7900000000e+00 3.5038840100e-06 
3.7800000000e+00 3.3036311860e-06 
3.7700000000e+00 3.1080418590e-06 
3.7600000000e+00 2.9171995860e-06 
3.7500000000e+00 2.7310428170e-06 
3.7400000000e+00 2.5496322000e-06 
3.7300000000e+00 2.3730427290e-06 
3.7200000000e+00 2.2014205650e-06 
3.7100000000e+00 2.0348042340e-06 
3.7000000000e+00 1.8732665570e-06 
3.6900000000e+00 1.7169297650e-06 
3.6800000000e+00 1.5659281980e-06 
3.6700000000e+00 1.4204122280e-06 
3.6600000000e+00 1.2805546490e-06 
3.6500000000e+00 1.1465471990e-06 
3.6400000000e+00 1.0185940520e-06 
3.6300000000e+00 8.9693083440e-07 
3.6200000000e+00 7.8181514080e-07 
3.6100000000e+00 6.7348185020e-07 
3.6000000000e+00 5.7233930940e-07 
3.5900000000e+00 4.7866666520e-07 
3.5800000000e+00 3.9279121930e-07 
3.5700000000e+00 3.1500182860e-07 
3.5600000000e+00 2.4555093790e-07 
3.5500000000e+00 1.8460631440e-07 
3.5400000000e+00 1.3217006380e-07 
3.5300000000e+00 8.7966467400e-08 
3.5200000000e+00 5.1128133090e-08 
3.5100000000e+00 2.8303376040e-12 
3.5000000000e+00 2.7181294300e-12 
3.4900000000e+00 2.6107740420e-12 
3.4800000000e+00 2.5079916950e-12 
3.4700000000e+00 2.4095189110e-12 
3.4600000000e+00 2.3149335940e-12 
3.4500000000e+00 2.2241000740e-12 
3.4400000000e+00 2.1368948270e-12 
3.4300000000e+00 2.0532032160e-12 
3.4200000000e+00 1.9728767350e-12 
3.4100000000e+00 1.8957219080e-12 
3.4000000000e+00 1.8216251900e-12 
3.3900000000e+00 1.7504323750e-12 
3.3800000000e+00 1.6820920710e-12 
3.3700000000e+00 1.6164239830e-12 
3.3600000000e+00 1.5532694610e-12 
3.3500000000e+00 1.4925176250e-12 
3.3495000000e+00 1.4895493700e-12 
3.3490000000e+00 1.4865847680e-12 
3.3485000000e+00 1.4836245650e-12 
3.3480000000e+00 1.4806677200e-12 
3.3475000000e+00 1.4777236350e-12 
3.3470000000e+00 1.4747844780e-12 
3.3465000000e+00 1.4718377210e-12 
3.3460000000e+00 1.4688809640e-12 
3.3455000000e+00 1.4659803140e-12 
3.3450000000e+00 1.4630649680e-12 
3.3445000000e+00 1.4601256340e-12 
3.3440000000e+00 1.4572094130e-12 
3.3435000000e+00 1.4543175600e-12 
3.3430000000e+00 1.4513935800e-12 
3.3425000000e+00 1.4485076450e-12 
3.3420000000e+00 1.4455952720e-12 
3.3415000000e+00 1.4427272340e-12 
3.3410000000e+00 1.4398487060e-12 
3.3405000000e+00 1.4369758760e-12 
3.3400000000e+00 1.4340692710e-12 
3.3395000000e+00 1.4312078450e-12 
3.3390000000e+00 1.4283498260e-12 
3.3385000000e+00 1.4255087920e-12 
3.3380000000e+00 1.4226217720e-12 
3.3375000000e+00 1.4197881900e-12 
3.3370000000e+00 1.4169565600e-12 
3.3365000000e+00 1.4141132050e-12 
3.3360000000e+00 1.4112775500e-12 
3.3355000000e+00 1.4084733050e-12 
3.3350000000e+00 1.4056507600e-12 
3.3345000000e+00 1.4028368630e-12 
3.3340000000e+00 1.4000205440e-12 
3.3335000000e+00 1.3972339710e-12 
3.3330000000e+00 1.3944154260e-12 
3.3325000000e+00 1.3916364480e-12 
3.3320000000e+00 1.3888241440e-12 
3.3315000000e+00 1.3860414900e-12 
3.3310000000e+00 1.3832712560e-12 
3.3305000000e+00 1.3805019560e-12 
3.3300000000e+00 1.3777430950e-12 
3.3295000000e+00 1.3749498270e-12 
3.3290000000e+00 1.3721798540e-12 
3.3285000000e+00 1.3694330740e-12 
3.3280000000e+00 1.3666684470e-12 
3.3275000000e+00 1.3639214820e-12 
3.3270000000e+00 1.3611895700e-12 
3.3265000000e+00 1.3584517210e-12 
3.3260000000e+00 1.3557293470e-12 
3.3255000000e+00 1.3530078300e-12 
3.3250000000e+00 1.3502913500e-12 
3.3245000000e+00 1.3475741820e-12 
3.3240000000e+00 1.3448824100e-12 
3.3235000000e+00 1.3421962020e-12 
3.3230000000e+00 1.3394970750e-12 
3.3225000000e+00 1.3368252380e-12 
3.3220000000e+00 1.3341345340e-12 
3.3215000000e+00 1.3314548310e-12 
3.3210000000e+00 1.3287717210e-12 
3.3205000000e+00 1.3260928280e-12 
3.3200000000e+00 1.3234249430e-12 
3.3195000000e+00 1.3207505220e-12 
3.3190000000e+00 1.3180801150e-12 
3.3185000000e+00 1.3154298070e-12 
3.3180000000e+00 1.3128054470e-12 
3.3175000000e+00 1.3101826000e-12 
3.3170000000e+00 1.3075060230e-12 
3.3165000000e+00 1.3049032300e-12 
3.3160000000e+00 1.3022870220e-12 
3.3155000000e+00 1.2996491490e-12 
3.3150000000e+00 1.2970314920e-12 
3.3145000000e+00 1.2944051250e-12 
3.3140000000e+00 1.2917911440e-12 
3.3135000000e+00 1.2892076180e-12 
3.3130000000e+00 1.2866181010e-12 
3.3125000000e+00 1.2839935640e-12 
3.3120000000e+00 1.2814347860e-12 
3.3115000000e+00 1.2788189550e-12 
3.3110000000e+00 1.2762606360e-12 
3.3105000000e+00 1.2737383180e-12 
3.3100000000e+00 1.2711637800e-12 
3.3095000000e+00 1.2686280190e-12 
3.3090000000e+00 1.2660659420e-12 
3.3085000000e+00 1.2635453290e-12 
3.3080000000e+00 1.2609987170e-12 
3.3075000000e+00 1.2584610930e-12 
3.3070000000e+00 1.2559344430e-12 
3.3065000000e+00 1.2534318220e-12 
3.3060000000e+00 1.2508949590e-12 
3.3055000000e+00 1.2484277650e-12 
3.3050000000e+00 1.2459224680e-12 
3.3045000000e+00 1.2433831430e-12 
3.3040000000e+00 1.2409029450e-12 
3.3035000000e+00 1.2383866320e-12 
3.3030000000e+00 1.2359209910e-12 
3.3025000000e+00 1.2334515080e-12 
3.3020000000e+00 1.2309674290e-12 
3.3015000000e+00 1.2284833760e-12 
3.3010000000e+00 1.2260191920e-12 
3.3005000000e+00 1.2235414620e-12 
3.3000000000e+00 1.2211222440e-12 
3.2995000000e+00 1.2186666120e-12 
3.2990000000e+00 1.2162208300e-12 
3.2985000000e+00 1.2137810360e-12 
3.2980000000e+00 1.2113332380e-12 
3.2975000000e+00 1.2089113770e-12 
3.2970000000e+00 1.2064626130e-12 
3.2965000000e+00 1.2040545150e-12 
3.2960000000e+00 1.2016112660e-12 
3.2955000000e+00 1.1992123410e-12 
3.2950000000e+00 1.1968005790e-12 
3.2945000000e+00 1.1943953790e-12 
3.2940000000e+00 1.1920061020e-12 
3.2935000000e+00 1.1895789670e-12 
3.2930000000e+00 1.1871851980e-12 
3.2925000000e+00 1.1847776850e-12 
3.2920000000e+00 1.1824140790e-12 
3.2915000000e+00 1.1800165890e-12 
3.2910000000e+00 1.1776568580e-12 
3.2905000000e+00 1.1752921750e-12 
3.2900000000e+00 1.1729079210e-12 
3.2895000000e+00 1.1705681140e-12 
3.2890000000e+00 1.1682420530e-12 
3.2885000000e+00 1.1658418070e-12 
3.2880000000e+00 1.1634841330e-12 
3.2875000000e+00 1.1611618270e-12 
3.2870000000e+00 1.1588125440e-12 
3.2865000000e+00 1.1564912180e-12 
3.2860000000e+00 1.1541634920e-12 
3.2855000000e+00 1.1518370940e-12 
3.2850000000e+00 1.1495001210e-12 
3.2845000000e+00 1.1471802480e-12 
3.2840000000e+00 1.1448686020e-12 
3.2835000000e+00 1.1425498320e-12 
3.2830000000e+00 1.1402544330e-12 
3.2825000000e+00 1.1379619390e-12 
3.2820000000e+00 1.1356627420e-12 
3.2815000000e+00 1.1333822230e-12 
3.2810000000e+00 1.1311084770e-12 
3.2805000000e+00 1.1288095150e-12 
3.2800000000e+00 1.1264898310e-12 
3.2795000000e+00 1.1242343740e-12 
3.2790000000e+00 1.1219920770e-12 
3.2785000000e+00 1.1196942240e-12 
3.2780000000e+00 1.1174678080e-12 
3.2775000000e+00 1.1152041160e-12 
3.2770000000e+00 1.1129480540e-12 
3.2765000000e+00 1.1106898080e-12 
3.2760000000e+00 1.1084454620e-12 
3.2755000000e+00 1.1061952790e-12 
3.2750000000e+00 1.1039734100e-12 
3.2745000000e+00 1.1017046650e-12 
3.2740000000e+00 1.0994968200e-12 
3.2735000000e+00 1.0972787580e-12 
3.2730000000e+00 1.0950283400e-12 
3.2725000000e+00 1.0928572060e-12 
3.2720000000e+00 1.0905975350e-12 
3.2715000000e+00 1.0884083790e-12 
3.2710000000e+00 1.0861931380e-12 
3.2705000000e+00 1.0840005850e-12 
3.2700000000e+00 1.0817883200e-12 
3.2695000000e+00 1.0796194230e-12 
3.2690000000e+00 1.0774213150e-12 
3.2685000000e+00 1.0752575960e-12 
3.2680000000e+00 1.0730570440e-12 
3.2675000000e+00 1.0708509910e-12 
3.2670000000e+00 1.0686971890e-12 
3.2665000000e+00 1.0665063490e-12 
3.2660000000e+00 1.0643749700e-12 
3.2655000000e+00 1.0622312020e-12 
3.2650000000e+00 1.0600543690e-12 
3.2645000000e+00 1.0578861410e-12 
3.2640000000e+00 1.0557612960e-12 
3.2635000000e+00 1.0536000490e-12 
3.2630000000e+00 1.0514841700e-12 
3.2625000000e+00 1.0493247900e-12 
3.2620000000e+00 1.0471967890e-12 
3.2615000000e+00 1.0450573490e-12 
3.2610000000e+00 1.0429426060e-12 
3.2605000000e+00 1.0408594550e-12 
3.2600000000e+00 1.0387427300e-12 
3.2595000000e+00 1.0365999520e-12 
3.2590000000e+00 1.0345039130e-12 
3.2585000000e+00 1.0324032290e-12 
3.2580000000e+00 1.0302957110e-12 
3.2575000000e+00 1.0282126900e-12 
3.2570000000e+00 1.0260996540e-12 
3.2565000000e+00 1.0240219790e-12 
3.2560000000e+00 1.0219627490e-12 
3.2555000000e+00 1.0198538730e-12 
3.2550000000e+00 1.0177861070e-12 
3.2545000000e+00 1.0156847810e-12 
3.2540000000e+00 1.0136510930e-12 
3.2535000000e+00 1.0115730910e-12 
3.2530000000e+00 1.0095245070e-12 
3.2525000000e+00 1.0074725490e-12 
3.2520000000e+00 1.0054243210e-12 
3.2515000000e+00 1.0033543420e-12 
3.2510000000e+00 1.0012879910e-12 
3.2505000000e+00 9.9928521370e-13 
3.2500000000e+00 9.9725745160e-13 
3.2495000000e+00 9.9522193790e-13 
3.2490000000e+00 9.9317522740e-13 
3.2485000000e+00 9.9111669290e-13 
3.2480000000e+00 9.8913165810e-13 
3.2475000000e+00 9.8712800360e-13 
3.2470000000e+00 9.8510081570e-13 
3.2465000000e+00 9.8307131450e-13 
3.2460000000e+00 9.8104367880e-13 
3.2455000000e+00 9.7905790770e-13 
3.2450000000e+00 9.7705499790e-13 
3.2445000000e+00 9.7506252080e-13 
3.2440000000e+00 9.7310669040e-13 
3.2435000000e+00 9.7110991420e-13 
3.2430000000e+00 9.6909495990e-13 
3.2425000000e+00 9.6711467170e-13 
3.2420000000e+00 9.6516664880e-13 
3.2415000000e+00 9.6316076700e-13 
3.2410000000e+00 9.6118172250e-13 
3.2405000000e+00 9.5923546910e-13 
3.2400000000e+00 9.5728096600e-13 
3.2395000000e+00 9.5535570570e-13 
3.2390000000e+00 9.5340465340e-13 
3.2385000000e+00 9.5144180430e-13 
3.2380000000e+00 9.4946152030e-13 
3.2375000000e+00 9.4753460790e-13 
3.2370000000e+00 9.4557532900e-13 
3.2365000000e+00 9.4365877200e-13 
3.2360000000e+00 9.4174588020e-13 
3.2355000000e+00 9.3982673380e-13 
3.2350000000e+00 9.3791282140e-13 
3.2345000000e+00 9.3594555760e-13 
3.2340000000e+00 9.3402989840e-13 
3.2335000000e+00 9.3212699600e-13 
3.2330000000e+00 9.3022170890e-13 
3.2325000000e+00 9.2830150620e-13 
3.2320000000e+00 9.2641077310e-13 
3.2315000000e+00 9.2454439360e-13 
3.2310000000e+00 9.2261224340e-13 
3.2305000000e+00 9.2072408240e-13 
3.2300000000e+00 9.1884826870e-13 
3.2295000000e+00 9.1695942630e-13 
3.2290000000e+00 9.1506486670e-13 
3.2285000000e+00 9.1319915820e-13 
3.2280000000e+00 9.1131039890e-13 
3.2275000000e+00 9.0946093650e-13 
3.2270000000e+00 9.0757965320e-13 
3.2265000000e+00 9.0571928880e-13 
3.2260000000e+00 9.0385906230e-13 
3.2255000000e+00 9.0199981030e-13 
3.2250000000e+00 9.0014017640e-13 
3.2245000000e+00 8.9829488670e-13 
3.2240000000e+00 8.9644107160e-13 
3.2235000000e+00 8.9461215060e-13 
3.2230000000e+00 8.9276990260e-13 
3.2225000000e+00 8.9094868700e-13 
3.2220000000e+00 8.8910679170e-13 
3.2215000000e+00 8.8725685770e-13 
3.2210000000e+00 8.8542462850e-13 
3.2205000000e+00 8.8359496250e-13 
3.2200000000e+00 8.8178874720e-13 
3.2195000000e+00 8.7995293180e-13 
3.2190000000e+00 8.7813440770e-13 
3.2185000000e+00 8.7630059300e-13 
3.2180000000e+00 8.7451164180e-13 
3.2175000000e+00 8.7271043070e-13 
3.2170000000e+00 8.7091032790e-13 
3.2165000000e+00 8.6911613840e-13 
3.2160000000e+00 8.6729559370e-13 
3.2155000000e+00 8.6551333840e-13 
3.2150000000e+00 8.6372060370e-13 
3.2145000000e+00 8.6194475190e-13 
3.2140000000e+00 8.6016176870e-13 
3.2135000000e+00 8.5837587420e-13 
3.2130000000e+00 8.5660541100e-13 
3.2125000000e+00 8.5481664830e-13 
3.2120000000e+00 8.5305261340e-13 
3.2115000000e+00 8.5125670480e-13 
3.2110000000e+00 8.4949388050e-13 
3.2105000000e+00 8.4773166290e-13 
3.2100000000e+00 8.4597757230e-13 
3.2095000000e+00 8.4420926080e-13 
3.2090000000e+00 8.4244751170e-13 
3.2085000000e+00 8.4070329130e-13 
3.2080000000e+00 8.3895571400e-13 
3.2075000000e+00 8.3719297990e-13 
3.2070000000e+00 8.3545759400e-13 
3.2065000000e+00 8.3371812310e-13 
3.2060000000e+00 8.3196788440e-13 
3.2055000000e+00 8.3026807640e-13 
3.2050000000e+00 8.2849411190e-13 
3.2045000000e+00 8.2677809910e-13 
3.2040000000e+00 8.2505215790e-13 
3.2035000000e+00 8.2336119500e-13 
3.2030000000e+00 8.2163231760e-13 
3.2025000000e+00 8.1989790060e-13 
3.2020000000e+00 8.1819313880e-13 
3.2015000000e+00 8.1648597220e-13 
3.2010000000e+00 8.1478882940e-13 
3.2005000000e+00 8.1308291210e-13 
3.2000000000e+00 8.1139808920e-13 
3.1995000000e+00 8.0968789000e-13 
3.1990000000e+00 8.0799314880e-13 
3.1985000000e+00 8.0631710390e-13 
3.1980000000e+00 8.0464795530e-13 
3.1975000000e+00 8.0293923130e-13 
3.1970000000e+00 8.0125526350e-13 
3.1965000000e+00 7.9960764470e-13 
3.1960000000e+00 7.9789977570e-13 
3.1955000000e+00 7.9624266920e-13 
3.1950000000e+00 7.9457126470e-13 
3.1945000000e+00 7.9289778150e-13 
3.1940000000e+00 7.9125584810e-13 
3.1935000000e+00 7.8956129250e-13 
3.1930000000e+00 7.8791899670e-13 
3.1925000000e+00 7.8628076020e-13 
3.1920000000e+00 7.8462259280e-13 
3.1915000000e+00 7.8298846050e-13 
3.1910000000e+00 7.8135330020e-13 
3.1905000000e+00 7.7968964700e-13 
3.1900000000e+00 7.7806663630e-13 
3.1895000000e+00 7.7642557770e-13 
3.1890000000e+00 7.7480720080e-13 
3.1885000000e+00 7.7317965470e-13 
3.1880000000e+00 7.7156006700e-13 
3.1875000000e+00 7.6994300830e-13 
3.1870000000e+00 7.6830748830e-13 
3.1865000000e+00 7.6670854400e-13 
3.1860000000e+00 7.6510419430e-13 
3.1855000000e+00 7.6346196160e-13 
3.1850000000e+00 7.6189682700e-13 
3.1845000000e+00 7.6027208900e-13 
3.1840000000e+00 7.5867682720e-13 
3.1835000000e+00 7.5707845890e-13 
3.1830000000e+00 7.5546080230e-13 
3.1825000000e+00 7.5387325350e-13 
3.1820000000e+00 7.5229012300e-13 
3.1815000000e+00 7.5070619020e-13 
3.1810000000e+00 7.4912729690e-13 
3.1805000000e+00 7.4751930310e-13 
3.1800000000e+00 7.4596585890e-13 
3.1795000000e+00 7.4440169450e-13 
3.1790000000e+00 7.4282837720e-13 
3.1785000000e+00 7.4124131290e-13 
3.1780000000e+00 7.3969982010e-13 
3.1775000000e+00 7.3813257220e-13 
3.1770000000e+00 7.3656087430e-13 
3.1765000000e+00 7.3500352500e-13 
3.1760000000e+00 7.3345049970e-13 
3.1755000000e+00 7.3191694190e-13 
3.1750000000e+00 7.3039157380e-13 
3.1745000000e+00 7.2883429390e-13 
3.1740000000e+00 7.2729951250e-13 
3.1735000000e+00 7.2576603070e-13 
3.1730000000e+00 7.2421150060e-13 
3.1725000000e+00 7.2267257900e-13 
3.1720000000e+00 7.2115104190e-13 
3.1715000000e+00 7.1964469710e-13 
3.1710000000e+00 7.1811083250e-13 
3.1705000000e+00 7.1658516480e-13 
3.1700000000e+00 7.1507876470e-13 
3.1695000000e+00 7.1355236630e-13 
3.1690000000e+00 7.1203385390e-13 
3.1685000000e+00 7.1053816230e-13 
3.1680000000e+00 7.0902988950e-13 
3.1675000000e+00 7.0753535340e-13 
3.1670000000e+00 7.0601173720e-13 
3.1665000000e+00 7.0451909070e-13 
3.1660000000e+00 7.0303934780e-13 
3.1655000000e+00 7.0153146720e-13 
3.1650000000e+00 7.0004129560e-13 
3.1645000000e+00 6.9855912160e-13 
3.1640000000e+00 6.9708223070e-13 
3.1635000000e+00 6.9559631640e-13 
3.1630000000e+00 6.9411600010e-13 
3.1625000000e+00 6.9262321570e-13 
3.1620000000e+00 6.9115326210e-13 
3.1615000000e+00 6.8969204190e-13 
3.1610000000e+00 6.8822357740e-13 
3.1605000000e+00 6.8675382230e-13 
3.1600000000e+00 6.8532559450e-13 
3.1595000000e+00 6.8385315570e-13 
3.1590000000e+00 6.8238109940e-13 
3.1585000000e+00 6.8093823550e-13 
3.1580000000e+00 6.7948075540e-13 
3.1575000000e+00 6.7802826810e-13 
3.1570000000e+00 6.7658589060e-13 
3.1565000000e+00 6.7514015170e-13 
3.1560000000e+00 6.7368102660e-13 
3.1555000000e+00 6.7224266540e-13 
3.1550000000e+00 6.7079269470e-13 
3.1545000000e+00 6.6935858100e-13 
3.1540000000e+00 6.6794606860e-13 
3.1535000000e+00 6.6650565730e-13 
3.1530000000e+00 6.6507515230e-13 
3.1525000000e+00 6.6366813050e-13 
3.1520000000e+00 6.6223592690e-13 
3.1515000000e+00 6.6083044530e-13 
3.1510000000e+00 6.5939195090e-13 
3.1505000000e+00 6.5798581910e-13 
3.1500000000e+00 6.5656077410e-13 
3.1400000000e+00 6.2889305180e-13 
3.1300000000e+00 6.0220943360e-13 
3.1200000000e+00 5.7654061380e-13 
3.1100000000e+00 5.5183654770e-13 
3.1000000000e+00 5.2800033080e-13 
3.0900000000e+00 5.0504897610e-13 
3.0800000000e+00 4.8300075820e-13 
3.0700000000e+00 4.6173128730e-13 
3.0600000000e+00 4.4199414720e-13 
3.0500000000e+00 4.2293689230e-13 
3.0400000000e+00 4.0448217440e-13 
3.0300000000e+00 3.8676509440e-13 
3.0200000000e+00 3.6970251240e-13 
3.0100000000e+00 3.5331188610e-13 
3.0000000000e+00 3.3754243440e-13 
2.9500000000e+00 2.6936292270e-13 
2.9000000000e+00 2.1429349150e-13 
2.8500000000e+00 1.6876738710e-13 
2.8000000000e+00 1.3245929890e-13 
2.7500000000e+00 1.0453913140e-13 
2.7000000000e+00 8.3461628560e-14 
2.6500000000e+00 6.7570705800e-14 
2.6000000000e+00 5.5354762610e-14 
2.5500000000e+00 4.6074504160e-14 
2.5000000000e+00 3.8853140420e-14 
2.4500000000e+00 3.3056531950e-14 
2.4000000000e+00 2.8390690530e-14 
2.3500000000e+00 2.4476257580e-14 
2.3000000000e+00 2.1255017610e-14 
2.2500000000e+00 1.8532264450e-14 
2.2000000000e+00 1.6235036800e-14 
2.1500000000e+00 1.4372455020e-14 
2.1000000000e+00 1.2866911010e-14 
2.0500000000e+00 1.1589329800e-14 
2.0000000000e+00 1.0623389840e-14 
1.9500000000e+00 9.7763957220e-15 
1.9000000000e+00 9.0056854460e-15 
1.8500000000e+00 8.2963248220e-15 
1.8000000000e+00 7.6856414230e-15 
1.7500000000e+00 7.1443467790e-15 
1.7000000000e+00 6.5908032000e-15 
1.6500000000e+00 6.1114814090e-15 
1.6000000000e+00 5.6173015900e-15 
1.5500000000e+00 5.1677299770e-15 
1.5000000000e+00 4.7368697750e-15 
1.4500000000e+00 4.3663418640e-15 
1.4000000000e+00 3.9647442740e-15 
1.3500000000e+00 3.6243343650e-15 
1.3000000000e+00 3.2740773070e-15 
1.2500000000e+00 2.9757721380e-15 
1.2000000000e+00 2.7341661000e-15 
1.1500000000e+00 2.5179609710e-15 
1.1000000000e+00 2.3321896460e-15 
1.0500000000e+00 2.1475308330e-15 
1.0000000000e+00 2.0083403340e-15 
9.5000000000e-01 1.8442711140e-15 
9.0000000000e-01 1.7228640840e-15 
8.5000000000e-01 1.5919825190e-15 
8.0000000000e-01 1.4847275720e-15 
7.5000000000e-01 1.3869814670e-15 
7.0000000000e-01 1.2918886150e-15 
6.5000000000e-01 1.1939798060e-15 
6.0000000000e-01 1.0778935710e-15 
5.5000000000e-01 9.9015414110e-16 
5.0000000000e-01 9.0620724080e-16 
4.5000000000e-01 8.1747471180e-16 
4.0000000000e-01 6.7530601710e-16 
3.5000000000e-01 5.4219692420e-16 
3.0000000000e-01 5.0993043110e-16 
2.5000000000e-01 4.6964869890e-16 
2.0000000000e-01 3.4839238750e-16 
1.5000000000e-01 2.5831240450e-16 
1.0000000000e-01 1.7592773940e-16 
5.0000000000e-02 8.4371859490e-17 
1.0711414300e-14 -7.3292569510e-18 
