EXPORTED XY-GRAPH DATA
1582 2 2
Drain Voltage
Drain Current
0.0000000000e+00 6.8997025710e-18 
5.0000000000e-02 7.6180401770e-17 
1.0000000000e-01 1.6714235710e-16 
1.5000000000e-01 2.5219659010e-16 
2.0000000000e-01 3.3682975280e-16 
2.5000000000e-01 4.6482197260e-16 
3.0000000000e-01 5.4455317130e-16 
3.5000000000e-01 5.9530097930e-16 
4.0000000000e-01 7.2199874420e-16 
4.5000000000e-01 8.4366835590e-16 
5.0000000000e-01 9.5364089610e-16 
5.5000000000e-01 1.0297970390e-15 
6.0000000000e-01 1.1124497830e-15 
6.5000000000e-01 1.2215653090e-15 
7.0000000000e-01 1.3216365030e-15 
7.5000000000e-01 1.4313059980e-15 
8.0000000000e-01 1.5449576890e-15 
8.5000000000e-01 1.6669120790e-15 
9.0000000000e-01 1.7638957710e-15 
9.5000000000e-01 1.9282938640e-15 
1.0000000000e+00 2.0709279630e-15 
1.0500000000e+00 2.2632104120e-15 
1.1000000000e+00 2.4287461730e-15 
1.1500000000e+00 2.6417735170e-15 
1.2000000000e+00 2.8674499970e-15 
1.2500000000e+00 3.1196975760e-15 
1.3000000000e+00 3.4448067850e-15 
1.3500000000e+00 3.8042812540e-15 
1.4000000000e+00 4.0944696110e-15 
1.4500000000e+00 4.4901093210e-15 
1.5000000000e+00 4.8695123780e-15 
1.5500000000e+00 5.2617946430e-15 
1.6000000000e+00 5.6947013840e-15 
1.6500000000e+00 6.1490868630e-15 
1.7000000000e+00 6.5964070780e-15 
1.7500000000e+00 7.0964574000e-15 
1.8000000000e+00 7.5840247570e-15 
1.8500000000e+00 8.1636117280e-15 
1.9000000000e+00 8.8120935290e-15 
1.9500000000e+00 9.4964737060e-15 
2.0000000000e+00 1.0266841530e-14 
2.0500000000e+00 1.1139609650e-14 
2.1000000000e+00 1.2275433510e-14 
2.1500000000e+00 1.3620847340e-14 
2.2000000000e+00 1.5214533040e-14 
2.2500000000e+00 1.7145792390e-14 
2.3000000000e+00 1.9386020310e-14 
2.3500000000e+00 2.2025533090e-14 
2.4000000000e+00 2.5071040040e-14 
2.4500000000e+00 2.8732872810e-14 
2.5000000000e+00 3.3174971770e-14 
2.5500000000e+00 3.8567399590e-14 
2.6000000000e+00 4.5469993630e-14 
2.6500000000e+00 5.4179008420e-14 
2.7000000000e+00 6.5262749470e-14 
2.7500000000e+00 7.9545802540e-14 
2.8000000000e+00 9.7776695480e-14 
2.8500000000e+00 1.2090891920e-13 
2.9000000000e+00 1.4845080000e-13 
2.9500000000e+00 1.8150235760e-13 
3.0000000000e+00 2.2198831570e-13 
3.0500000000e+00 2.7137011620e-13 
3.1000000000e+00 3.3170571010e-13 
3.1500000000e+00 4.0408923930e-13 
3.2000000000e+00 4.9003876600e-13 
3.2500000000e+00 5.9202686920e-13 
3.3000000000e+00 7.1358384910e-13 
3.3500000000e+00 8.5853347370e-13 
3.4000000000e+00 1.0316834250e-12 
3.4500000000e+00 1.2386527570e-12 
3.5000000000e+00 1.4866295830e-12 
3.5500000000e+00 1.7843425570e-12 
3.6000000000e+00 2.1426649250e-12 
3.6100000000e+00 2.2227818780e-12 
3.6200000000e+00 2.3060453620e-12 
3.6300000000e+00 2.3925554360e-12 
3.6400000000e+00 2.4824870360e-12 
3.6500000000e+00 2.5759625350e-12 
3.6600000000e+00 2.6731704110e-12 
3.6700000000e+00 2.7742941980e-12 
3.6800000000e+00 2.8795762830e-12 
3.6900000000e+00 2.9891890150e-12 
3.7000000000e+00 3.1033113750e-12 
3.7005000000e+00 3.1091565760e-12 
3.7010000000e+00 3.1150068790e-12 
3.7015000000e+00 3.1208706150e-12 
3.7020000000e+00 3.1267378610e-12 
3.7025000000e+00 3.1326087140e-12 
3.7030000000e+00 3.1385057280e-12 
3.7035000000e+00 3.1444017430e-12 
3.7040000000e+00 3.1503316340e-12 
3.7045000000e+00 3.1562827590e-12 
3.7050000000e+00 3.1621875430e-12 
3.7055000000e+00 3.1681389260e-12 
3.7060000000e+00 3.1740937690e-12 
3.7065000000e+00 3.1800923030e-12 
3.7070000000e+00 3.1860773890e-12 
3.7075000000e+00 3.1920247940e-12 
3.7080000000e+00 3.1980223380e-12 
3.7085000000e+00 3.2040332570e-12 
3.7090000000e+00 3.2100769670e-12 
3.7095000000e+00 3.2160921610e-12 
3.7100000000e+00 3.2221808640e-12 
3.7105000000e+00 3.2282297600e-12 
3.7110000000e+00 3.2342764370e-12 
3.7115000000e+00 3.2403857440e-12 
3.7120000000e+00 3.2464573130e-12 
3.7125000000e+00 3.2525807420e-12 
3.7130000000e+00 3.2586867850e-12 
3.7135000000e+00 3.2648531340e-12 
3.7140000000e+00 3.2710115880e-12 
3.7145000000e+00 3.2771766560e-12 
3.7150000000e+00 3.2833651470e-12 
3.7155000000e+00 3.2895255680e-12 
3.7160000000e+00 3.2957387430e-12 
3.7165000000e+00 3.3019853460e-12 
3.7170000000e+00 3.3081837040e-12 
3.7175000000e+00 3.3144499390e-12 
3.7180000000e+00 3.3207019620e-12 
3.7185000000e+00 3.3269591890e-12 
3.7190000000e+00 3.3332732040e-12 
3.7195000000e+00 3.3395255730e-12 
3.7200000000e+00 3.3458441160e-12 
3.7205000000e+00 3.3521663740e-12 
3.7210000000e+00 3.3584850310e-12 
3.7215000000e+00 3.3648245170e-12 
3.7220000000e+00 3.3711905700e-12 
3.7225000000e+00 3.3775884030e-12 
3.7230000000e+00 3.3839387450e-12 
3.7235000000e+00 3.3903895720e-12 
3.7240000000e+00 3.3967941470e-12 
3.7245000000e+00 3.4032396650e-12 
3.7250000000e+00 3.4096539560e-12 
3.7255000000e+00 3.4160998820e-12 
3.7260000000e+00 3.4225910110e-12 
3.7265000000e+00 3.4290797160e-12 
3.7270000000e+00 3.4355524120e-12 
3.7275000000e+00 3.4420937880e-12 
3.7280000000e+00 3.4486150680e-12 
3.7285000000e+00 3.4551460100e-12 
3.7290000000e+00 3.4617212760e-12 
3.7295000000e+00 3.4682325630e-12 
3.7300000000e+00 3.4748482090e-12 
3.7305000000e+00 3.4814139600e-12 
3.7310000000e+00 3.4880564850e-12 
3.7315000000e+00 3.4946743730e-12 
3.7320000000e+00 3.5013361230e-12 
3.7325000000e+00 3.5079534830e-12 
3.7330000000e+00 3.5146562560e-12 
3.7335000000e+00 3.5213150410e-12 
3.7340000000e+00 3.5280383360e-12 
3.7345000000e+00 3.5347128240e-12 
3.7350000000e+00 3.5414438710e-12 
3.7355000000e+00 3.5481566940e-12 
3.7360000000e+00 3.5549112300e-12 
3.7365000000e+00 3.5616990130e-12 
3.7370000000e+00 3.5684662510e-12 
3.7375000000e+00 3.5752643190e-12 
3.7380000000e+00 3.5820886120e-12 
3.7385000000e+00 3.5889091510e-12 
3.7390000000e+00 3.5957486940e-12 
3.7395000000e+00 3.6026042050e-12 
3.7400000000e+00 3.6094474780e-12 
3.7405000000e+00 3.6163498340e-12 
3.7410000000e+00 3.6232522590e-12 
3.7415000000e+00 3.6301880600e-12 
3.7420000000e+00 3.6370808870e-12 
3.7425000000e+00 3.6440313030e-12 
3.7430000000e+00 3.6509869770e-12 
3.7435000000e+00 3.6579741130e-12 
3.7440000000e+00 3.6649460230e-12 
3.7445000000e+00 3.6719441570e-12 
3.7450000000e+00 3.6789843800e-12 
3.7455000000e+00 3.6860178110e-12 
3.7460000000e+00 3.6930703400e-12 
3.7465000000e+00 3.7001044660e-12 
3.7470000000e+00 3.7072006990e-12 
3.7475000000e+00 3.7143477520e-12 
3.7480000000e+00 3.7214118370e-12 
3.7485000000e+00 3.7285359140e-12 
3.7490000000e+00 3.7356829020e-12 
3.7495000000e+00 3.7428675160e-12 
3.7500000000e+00 3.7500144510e-12 
3.7505000000e+00 3.7572027540e-12 
3.7510000000e+00 3.7644337740e-12 
3.7515000000e+00 3.7716396210e-12 
3.7520000000e+00 3.7788820050e-12 
3.7525000000e+00 3.7861207120e-12 
3.7530000000e+00 3.7934052320e-12 
3.7535000000e+00 3.8006929480e-12 
3.7540000000e+00 3.8080103770e-12 
3.7545000000e+00 3.8153099940e-12 
3.7550000000e+00 3.8226617580e-12 
3.7555000000e+00 3.8300068640e-12 
3.7560000000e+00 3.8373552260e-12 
3.7565000000e+00 3.8447724160e-12 
3.7570000000e+00 3.8521604670e-12 
3.7575000000e+00 3.8595832840e-12 
3.7580000000e+00 3.8670084820e-12 
3.7585000000e+00 3.8744135990e-12 
3.7590000000e+00 3.8818908400e-12 
3.7595000000e+00 3.8894057310e-12 
3.7600000000e+00 3.8968964390e-12 
3.7605000000e+00 3.9044178860e-12 
3.7610000000e+00 3.9119393590e-12 
3.7615000000e+00 3.9194786020e-12 
3.7620000000e+00 3.9270363350e-12 
3.7625000000e+00 3.9346382400e-12 
3.7630000000e+00 3.9422618530e-12 
3.7635000000e+00 3.9498735380e-12 
3.7640000000e+00 3.9575012710e-12 
3.7645000000e+00 3.9651386720e-12 
3.7650000000e+00 3.9728234320e-12 
3.7655000000e+00 3.9804830640e-12 
3.7660000000e+00 3.9881875280e-12 
3.7665000000e+00 3.9959830770e-12 
3.7670000000e+00 4.0036760820e-12 
3.7675000000e+00 4.0114106500e-12 
3.7680000000e+00 4.0192153860e-12 
3.7685000000e+00 4.0269823980e-12 
3.7690000000e+00 4.0347736600e-12 
3.7695000000e+00 4.0425619540e-12 
3.7700000000e+00 4.0504202680e-12 
3.7705000000e+00 4.0583264530e-12 
3.7710000000e+00 4.0661895360e-12 
3.7715000000e+00 4.0741056900e-12 
3.7720000000e+00 4.0819916710e-12 
3.7725000000e+00 4.0899456340e-12 
3.7730000000e+00 4.0978630310e-12 
3.7735000000e+00 4.1058509990e-12 
3.7740000000e+00 4.1138718280e-12 
3.7745000000e+00 4.1218242050e-12 
3.7750000000e+00 4.1299026790e-12 
3.7755000000e+00 4.1379295970e-12 
3.7760000000e+00 4.1459902700e-12 
3.7765000000e+00 4.1540577890e-12 
3.7770000000e+00 4.1621829660e-12 
3.7775000000e+00 4.1702838930e-12 
3.7780000000e+00 4.1783959620e-12 
3.7785000000e+00 4.1865627080e-12 
3.7790000000e+00 4.1947315160e-12 
3.7795000000e+00 4.2028943860e-12 
3.7800000000e+00 4.2111035430e-12 
3.7805000000e+00 4.2193091620e-12 
3.7810000000e+00 4.2275650450e-12 
3.7815000000e+00 4.2358990840e-12 
3.7820000000e+00 4.2442792630e-12 
3.7825000000e+00 4.2526794710e-12 
3.7830000000e+00 4.2611011590e-12 
3.7835000000e+00 4.2695064050e-12 
3.7840000000e+00 4.2779566020e-12 
3.7845000000e+00 4.2864054760e-12 
3.7850000000e+00 4.2948882050e-12 
3.7855000000e+00 4.3034034210e-12 
3.7860000000e+00 4.3118996250e-12 
3.7865000000e+00 4.3204578430e-12 
3.7870000000e+00 4.3290539390e-12 
3.7875000000e+00 4.3376545860e-12 
3.7880000000e+00 4.3462554880e-12 
3.7885000000e+00 4.3548654050e-12 
3.7890000000e+00 4.3635356000e-12 
3.7895000000e+00 4.3721980740e-12 
3.7900000000e+00 4.3808881110e-12 
3.7905000000e+00 4.3895900340e-12 
3.7910000000e+00 4.3983178230e-12 
3.7915000000e+00 4.4070681220e-12 
3.7920000000e+00 4.4158575220e-12 
3.7925000000e+00 4.4246229320e-12 
3.7930000000e+00 4.4334700240e-12 
3.7935000000e+00 4.4422689750e-12 
3.7940000000e+00 4.4511468650e-12 
3.7945000000e+00 4.4600532380e-12 
3.7950000000e+00 4.4689364920e-12 
3.7955000000e+00 4.4778425610e-12 
3.7960000000e+00 4.4867765490e-12 
3.7965000000e+00 4.4957558830e-12 
3.7970000000e+00 4.5047713560e-12 
3.7975000000e+00 4.5137869260e-12 
3.7980000000e+00 4.5227949530e-12 
3.7985000000e+00 4.5318489990e-12 
3.7990000000e+00 4.5409612650e-12 
3.7995000000e+00 4.5500515340e-12 
3.8000000000e+00 4.5591567590e-12 
3.8005000000e+00 4.5682825640e-12 
3.8010000000e+00 4.5774747810e-12 
3.8015000000e+00 4.5866755380e-12 
3.8020000000e+00 4.5958613230e-12 
3.8025000000e+00 4.6051038660e-12 
3.8030000000e+00 4.6143607520e-12 
3.8035000000e+00 4.6236407370e-12 
3.8040000000e+00 4.6329447450e-12 
3.8045000000e+00 4.6422488460e-12 
3.8050000000e+00 4.6516527580e-12 
3.8055000000e+00 4.6610046190e-12 
3.8060000000e+00 4.6703888990e-12 
3.8065000000e+00 4.6798213510e-12 
3.8070000000e+00 4.6892664530e-12 
3.8075000000e+00 4.6987216820e-12 
3.8080000000e+00 4.7081980910e-12 
3.8085000000e+00 4.7177302300e-12 
3.8090000000e+00 4.7272633610e-12 
3.8095000000e+00 4.7368212780e-12 
3.8100000000e+00 4.7464025020e-12 
3.8105000000e+00 4.7559802810e-12 
3.8110000000e+00 4.7656473350e-12 
3.8115000000e+00 4.7753175940e-12 
3.8120000000e+00 4.7849968890e-12 
3.8125000000e+00 4.7946928260e-12 
3.8130000000e+00 4.8044147880e-12 
3.8135000000e+00 4.8141858360e-12 
3.8140000000e+00 4.8239720130e-12 
3.8145000000e+00 4.8337397770e-12 
3.8150000000e+00 4.8435772530e-12 
3.8155000000e+00 4.8534301170e-12 
3.8160000000e+00 4.8633221630e-12 
3.8165000000e+00 4.8732203710e-12 
3.8170000000e+00 4.8831552170e-12 
3.8175000000e+00 4.8930982790e-12 
3.8180000000e+00 4.9030798830e-12 
3.8185000000e+00 4.9130843990e-12 
3.8190000000e+00 4.9231097010e-12 
3.8195000000e+00 4.9331670070e-12 
3.8200000000e+00 4.9432469730e-12 
3.8300000000e+00 5.1505770340e-12 
3.8400000000e+00 5.3695275060e-12 
3.8500000000e+00 5.6007150440e-12 
3.8600000000e+00 5.8452988430e-12 
3.8700000000e+00 6.1044885460e-12 
3.8800000000e+00 6.3798577700e-12 
3.8900000000e+00 6.6752016100e-12 
3.9000000000e+00 6.9904802000e-12 
3.9100000000e+00 7.3280594610e-12 
3.9200000000e+00 7.6905622390e-12 
3.9300000000e+00 8.0817118920e-12 
3.9400000000e+00 8.5060002340e-12 
3.9500000000e+00 8.9682842500e-12 
3.9600000000e+00 9.4755930230e-12 
3.9700000000e+00 1.0036789620e-11 
3.9800000000e+00 1.0663474830e-11 
3.9900000000e+00 1.1373330450e-11 
4.0000000000e+00 1.2197844810e-11 
4.0100000000e+00 1.3173248440e-11 
4.0200000000e+00 1.4368656300e-11 
4.0300000000e+00 1.5928445900e-11 
4.0400000000e+00 8.7464276520e-06 
4.0500000000e+00 9.0435188890e-06 
4.0600000000e+00 9.3450215120e-06 
4.0700000000e+00 9.6509326650e-06 
4.0800000000e+00 9.9610865260e-06 
4.0900000000e+00 1.0275625300e-05 
4.1000000000e+00 1.0594595070e-05 
4.1100000000e+00 1.0918019660e-05 
4.1200000000e+00 1.1245922930e-05 
4.1300000000e+00 1.1578342350e-05 
4.1400000000e+00 1.1915375830e-05 
4.1500000000e+00 1.2257006610e-05 
4.1600000000e+00 1.2603249960e-05 
4.1700000000e+00 1.2954066460e-05 
4.1800000000e+00 1.3309389560e-05 
4.1900000000e+00 1.3669212690e-05 
4.2000000000e+00 1.4033595110e-05 
4.2100000000e+00 1.4402472500e-05 
4.2200000000e+00 1.4775656530e-05 
4.2300000000e+00 1.5153428610e-05 
4.2400000000e+00 1.5535858190e-05 
4.2500000000e+00 1.5922996120e-05 
4.2600000000e+00 1.6314846950e-05 
4.2700000000e+00 1.6711437310e-05 
4.2800000000e+00 1.7112786830e-05 
4.2900000000e+00 1.7518989770e-05 
4.3000000000e+00 1.7930018270e-05 
4.3100000000e+00 1.8345878840e-05 
4.3200000000e+00 1.8766600690e-05 
4.3300000000e+00 1.9192213830e-05 
4.3400000000e+00 1.9622737430e-05 
4.3500000000e+00 2.0058198980e-05 
4.3600000000e+00 2.0498645030e-05 
4.3700000000e+00 2.0944108680e-05 
4.3800000000e+00 2.1394623210e-05 
4.3900000000e+00 2.1850203760e-05 
4.4000000000e+00 2.2310903010e-05 
4.4100000000e+00 2.2776759470e-05 
4.4200000000e+00 2.3247820160e-05 
4.4300000000e+00 2.3724088500e-05 
4.4400000000e+00 2.4205367390e-05 
4.4500000000e+00 2.4691947100e-05 
4.4600000000e+00 2.5183869120e-05 
4.4700000000e+00 2.5681177120e-05 
4.4800000000e+00 2.6183914470e-05 
4.4900000000e+00 2.6692114430e-05 
4.5000000000e+00 2.7205829260e-05 
4.5100000000e+00 2.7725129920e-05 
4.5200000000e+00 2.8250229630e-05 
4.5300000000e+00 2.8781037920e-05 
4.5400000000e+00 2.9317886040e-05 
4.5500000000e+00 2.9860725740e-05 
4.5600000000e+00 3.0409455800e-05 
4.5700000000e+00 3.0964122610e-05 
4.5800000000e+00 3.1524780610e-05 
4.5900000000e+00 3.2091996600e-05 
4.6000000000e+00 3.2665469190e-05 
4.6100000000e+00 3.3245200730e-05 
4.6200000000e+00 3.3831271490e-05 
4.6300000000e+00 3.4423768690e-05 
4.6400000000e+00 3.5023044140e-05 
4.6500000000e+00 3.5629250760e-05 
4.6600000000e+00 3.6241109580e-05 
4.6700000000e+00 3.6858851270e-05 
4.6800000000e+00 3.7483505770e-05 
4.6900000000e+00 3.8112617470e-05 
4.7000000000e+00 3.8747034760e-05 
4.7100000000e+00 3.9386653550e-05 
4.7200000000e+00 4.0031846900e-05 
4.7300000000e+00 4.0683478710e-05 
4.7400000000e+00 4.1341600230e-05 
4.7500000000e+00 4.2006209600e-05 
4.7600000000e+00 4.2676978990e-05 
4.7700000000e+00 4.3354369720e-05 
4.7800000000e+00 4.4038698640e-05 
4.7900000000e+00 4.4730222700e-05 
4.8000000000e+00 4.5428439540e-05 
4.8100000000e+00 4.6133405460e-05 
4.8200000000e+00 4.6845117430e-05 
4.8300000000e+00 4.7563144020e-05 
4.8400000000e+00 4.8288027850e-05 
4.8500000000e+00 4.9019823770e-05 
4.8600000000e+00 4.9758587780e-05 
4.8700000000e+00 5.0504754370e-05 
4.8800000000e+00 5.1257990710e-05 
4.8900000000e+00 5.2017752800e-05 
4.9000000000e+00 5.2783736560e-05 
4.9100000000e+00 5.3556804900e-05 
4.9200000000e+00 5.4337113340e-05 
4.9300000000e+00 5.5124129220e-05 
4.9400000000e+00 5.5918357360e-05 
4.9500000000e+00 5.6719851510e-05 
4.9600000000e+00 5.7528677020e-05 
4.9700000000e+00 5.8344889770e-05 
4.9800000000e+00 5.9168552780e-05 
4.9900000000e+00 5.9999702750e-05 
5.0000000000e+00 6.0838005700e-05 
5.0500000000e+00 6.5145515080e-05 
5.1000000000e+00 6.9642513810e-05 
5.1500000000e+00 7.4343018520e-05 
5.2000000000e+00 7.9267499710e-05 
5.2500000000e+00 8.4424681700e-05 
5.3000000000e+00 8.9824256410e-05 
5.3500000000e+00 9.5364100300e-05 
5.4000000000e+00 1.0110551170e-04 
5.4500000000e+00 1.0708518320e-04 
5.5000000000e+00 1.1328772820e-04 
5.5500000000e+00 1.1973449170e-04 
5.6000000000e+00 1.2644538980e-04 
5.6500000000e+00 1.3340474610e-04 
5.7000000000e+00 1.4064211610e-04 
5.7500000000e+00 1.4817667670e-04 
5.8000000000e+00 1.5601539220e-04 
5.8500000000e+00 1.6418739610e-04 
5.9000000000e+00 1.7253164390e-04 
5.9500000000e+00 1.8106886690e-04 
6.0000000000e+00 1.8992443960e-04 
6.0500000000e+00 1.9898440300e-04 
6.1000000000e+00 2.0829644630e-04 
6.1500000000e+00 2.1785948010e-04 
6.2000000000e+00 2.2762626870e-04 
6.2500000000e+00 2.3765238290e-04 
6.3000000000e+00 2.4787959450e-04 
6.3500000000e+00 2.5830456430e-04 
6.4000000000e+00 2.6896167210e-04 
6.4500000000e+00 2.7985946180e-04 
6.5000000000e+00 2.9090671590e-04 
6.5500000000e+00 3.0218539080e-04 
6.6000000000e+00 3.1370448490e-04 
6.6500000000e+00 3.2545826510e-04 
6.7000000000e+00 3.3729081370e-04 
6.7500000000e+00 3.4934192220e-04 
6.8000000000e+00 3.6161433730e-04 
6.8500000000e+00 3.7413682150e-04 
6.9000000000e+00 3.8675612270e-04 
6.9500000000e+00 3.9954371720e-04 
7.0000000000e+00 4.1254801280e-04 
6.9900000000e+00 4.0992821800e-04 
6.9800000000e+00 4.0731844870e-04 
6.9700000000e+00 4.0471766250e-04 
6.9600000000e+00 4.0212578200e-04 
6.9500000000e+00 3.9954274980e-04 
6.9400000000e+00 3.9696838790e-04 
6.9300000000e+00 3.9440248240e-04 
6.9200000000e+00 3.9184499460e-04 
6.9100000000e+00 3.8929588990e-04 
6.9000000000e+00 3.8675513350e-04 
6.8900000000e+00 3.8422269050e-04 
6.8800000000e+00 3.8169853210e-04 
6.8700000000e+00 3.7918263130e-04 
6.8600000000e+00 3.7666915480e-04 
6.8500000000e+00 3.7413590360e-04 
6.8400000000e+00 3.7161038180e-04 
6.8300000000e+00 3.6909444770e-04 
6.8200000000e+00 3.6658856920e-04 
6.8100000000e+00 3.6409505200e-04 
6.8000000000e+00 3.6161339630e-04 
6.7900000000e+00 3.5914164250e-04 
6.7800000000e+00 3.5667838840e-04 
6.7700000000e+00 3.5422362280e-04 
6.7600000000e+00 3.5177785850e-04 
6.7500000000e+00 3.4934104860e-04 
6.7400000000e+00 3.4691315130e-04 
6.7300000000e+00 3.4449412720e-04 
6.7200000000e+00 3.4208393910e-04 
6.7100000000e+00 3.3968255170e-04 
6.7000000000e+00 3.3728993250e-04 
6.6995000000e+00 3.3717034480e-04 
6.6990000000e+00 3.3705096510e-04 
6.6985000000e+00 3.3693160740e-04 
6.6980000000e+00 3.3681227160e-04 
6.6975000000e+00 3.3669295750e-04 
6.6970000000e+00 3.3657366530e-04 
6.6965000000e+00 3.3645439490e-04 
6.6960000000e+00 3.3633514640e-04 
6.6955000000e+00 3.3621591960e-04 
6.6950000000e+00 3.3609671470e-04 
6.6945000000e+00 3.3597753160e-04 
6.6940000000e+00 3.3585837020e-04 
6.6935000000e+00 3.3573923070e-04 
6.6930000000e+00 3.3562011300e-04 
6.6925000000e+00 3.3550101700e-04 
6.6920000000e+00 3.3538194290e-04 
6.6915000000e+00 3.3526289050e-04 
6.6910000000e+00 3.3514385990e-04 
6.6905000000e+00 3.3502485110e-04 
6.6900000000e+00 3.3490586410e-04 
6.6895000000e+00 3.3478689880e-04 
6.6890000000e+00 3.3466795530e-04 
6.6885000000e+00 3.3454903360e-04 
6.6880000000e+00 3.3443013360e-04 
6.6875000000e+00 3.3431125540e-04 
6.6870000000e+00 3.3419239900e-04 
6.6865000000e+00 3.3407356430e-04 
6.6860000000e+00 3.3395475130e-04 
6.6855000000e+00 3.3383596010e-04 
6.6850000000e+00 3.3371719060e-04 
6.6845000000e+00 3.3359844290e-04 
6.6840000000e+00 3.3347971690e-04 
6.6835000000e+00 3.3336101260e-04 
6.6830000000e+00 3.3324233010e-04 
6.6825000000e+00 3.3312366920e-04 
6.6820000000e+00 3.3300503010e-04 
6.6815000000e+00 3.3288641280e-04 
6.6810000000e+00 3.3276781710e-04 
6.6805000000e+00 3.3264924310e-04 
6.6800000000e+00 3.3253069090e-04 
6.6795000000e+00 3.3241216040e-04 
6.6790000000e+00 3.3229365150e-04 
6.6785000000e+00 3.3217516440e-04 
6.6780000000e+00 3.3205669890e-04 
6.6775000000e+00 3.3193825520e-04 
6.6770000000e+00 3.3181983310e-04 
6.6765000000e+00 3.3170143270e-04 
6.6760000000e+00 3.3158305400e-04 
6.6755000000e+00 3.3146469700e-04 
6.6750000000e+00 3.3134636170e-04 
6.6745000000e+00 3.3122804800e-04 
6.6740000000e+00 3.3110975600e-04 
6.6735000000e+00 3.3099148570e-04 
6.6730000000e+00 3.3087323700e-04 
6.6725000000e+00 3.3075501000e-04 
6.6720000000e+00 3.3063680460e-04 
6.6715000000e+00 3.3051862090e-04 
6.6710000000e+00 3.3040045890e-04 
6.6705000000e+00 3.3028231850e-04 
6.6700000000e+00 3.3016419970e-04 
6.6695000000e+00 3.3004610260e-04 
6.6690000000e+00 3.2992802710e-04 
6.6685000000e+00 3.2980997330e-04 
6.6680000000e+00 3.2969194110e-04 
6.6675000000e+00 3.2957393050e-04 
6.6670000000e+00 3.2945594160e-04 
6.6665000000e+00 3.2933797430e-04 
6.6660000000e+00 3.2922002860e-04 
6.6655000000e+00 3.2910210450e-04 
6.6650000000e+00 3.2898420200e-04 
6.6645000000e+00 3.2886632120e-04 
6.6640000000e+00 3.2874846200e-04 
6.6635000000e+00 3.2863062430e-04 
6.6630000000e+00 3.2851280830e-04 
6.6625000000e+00 3.2839501390e-04 
6.6620000000e+00 3.2827724110e-04 
6.6615000000e+00 3.2815948980e-04 
6.6610000000e+00 3.2804176020e-04 
6.6605000000e+00 3.2792405210e-04 
6.6600000000e+00 3.2780636570e-04 
6.6595000000e+00 3.2768870080e-04 
6.6590000000e+00 3.2757105740e-04 
6.6585000000e+00 3.2745343560e-04 
6.6580000000e+00 3.2733583540e-04 
6.6575000000e+00 3.2721825670e-04 
6.6570000000e+00 3.2710069950e-04 
6.6565000000e+00 3.2698316390e-04 
6.6560000000e+00 3.2686564980e-04 
6.6555000000e+00 3.2674815730e-04 
6.6550000000e+00 3.2663068630e-04 
6.6545000000e+00 3.2651323680e-04 
6.6540000000e+00 3.2639580880e-04 
6.6535000000e+00 3.2627840240e-04 
6.6530000000e+00 3.2616101750e-04 
6.6525000000e+00 3.2604365420e-04 
6.6520000000e+00 3.2592631230e-04 
6.6515000000e+00 3.2580899200e-04 
6.6510000000e+00 3.2569169310e-04 
6.6505000000e+00 3.2557441580e-04 
6.6500000000e+00 3.2545716000e-04 
6.6495000000e+00 3.2533992570e-04 
6.6490000000e+00 3.2522271290e-04 
6.6485000000e+00 3.2510552160e-04 
6.6480000000e+00 3.2498835180e-04 
6.6475000000e+00 3.2487120350e-04 
6.6470000000e+00 3.2475407670e-04 
6.6465000000e+00 3.2463697140e-04 
6.6460000000e+00 3.2451988760e-04 
6.6455000000e+00 3.2440266840e-04 
6.6450000000e+00 3.2428511350e-04 
6.6445000000e+00 3.2416749160e-04 
6.6440000000e+00 3.2404989130e-04 
6.6435000000e+00 3.2393203730e-04 
6.6430000000e+00 3.2381413590e-04 
6.6425000000e+00 3.2369626670e-04 
6.6420000000e+00 3.2357842110e-04 
6.6415000000e+00 3.2346059920e-04 
6.6410000000e+00 3.2334280090e-04 
6.6405000000e+00 3.2322489900e-04 
6.6400000000e+00 3.2310684950e-04 
6.6395000000e+00 3.2298882590e-04 
6.6390000000e+00 3.2287082670e-04 
6.6385000000e+00 3.2275285180e-04 
6.6380000000e+00 3.2263484260e-04 
6.6375000000e+00 3.2251669400e-04 
6.6370000000e+00 3.2239856960e-04 
6.6365000000e+00 3.2228044100e-04 
6.6360000000e+00 3.2216227230e-04 
6.6355000000e+00 3.2204412860e-04 
6.6350000000e+00 3.2192600990e-04 
6.6345000000e+00 3.2180791620e-04 
6.6340000000e+00 3.2168984750e-04 
6.6335000000e+00 3.2157180390e-04 
6.6330000000e+00 3.2145378520e-04 
6.6325000000e+00 3.2133579160e-04 
6.6320000000e+00 3.2121782290e-04 
6.6315000000e+00 3.2109987920e-04 
6.6310000000e+00 3.2098196050e-04 
6.6305000000e+00 3.2086406670e-04 
6.6300000000e+00 3.2074619780e-04 
6.6295000000e+00 3.2062835390e-04 
6.6290000000e+00 3.2051053500e-04 
6.6285000000e+00 3.2039274090e-04 
6.6280000000e+00 3.2027497180e-04 
6.6275000000e+00 3.2015722750e-04 
6.6270000000e+00 3.2003950820e-04 
6.6265000000e+00 3.1992181370e-04 
6.6260000000e+00 3.1980414420e-04 
6.6255000000e+00 3.1968649940e-04 
6.6250000000e+00 3.1956887960e-04 
6.6245000000e+00 3.1945128460e-04 
6.6240000000e+00 3.1933348420e-04 
6.6235000000e+00 3.1921557400e-04 
6.6230000000e+00 3.1909768920e-04 
6.6225000000e+00 3.1897982990e-04 
6.6220000000e+00 3.1886199620e-04 
6.6215000000e+00 3.1874418790e-04 
6.6210000000e+00 3.1862640510e-04 
6.6205000000e+00 3.1850864790e-04 
6.6200000000e+00 3.1839091610e-04 
6.6195000000e+00 3.1827320990e-04 
6.6190000000e+00 3.1815552910e-04 
6.6185000000e+00 3.1803787370e-04 
6.6180000000e+00 3.1792024370e-04 
6.6175000000e+00 3.1780263920e-04 
6.6170000000e+00 3.1768506010e-04 
6.6165000000e+00 3.1756750630e-04 
6.6160000000e+00 3.1744997800e-04 
6.6155000000e+00 3.1733247510e-04 
6.6150000000e+00 3.1721499750e-04 
6.6145000000e+00 3.1709754530e-04 
6.6140000000e+00 3.1698011840e-04 
6.6135000000e+00 3.1686271690e-04 
6.6130000000e+00 3.1674534070e-04 
6.6125000000e+00 3.1662798990e-04 
6.6120000000e+00 3.1651066440e-04 
6.6115000000e+00 3.1639336420e-04 
6.6110000000e+00 3.1627608930e-04 
6.6105000000e+00 3.1615883970e-04 
6.6100000000e+00 3.1604161530e-04 
6.6095000000e+00 3.1592441630e-04 
6.6090000000e+00 3.1580724250e-04 
6.6085000000e+00 3.1569009400e-04 
6.6080000000e+00 3.1557297080e-04 
6.6075000000e+00 3.1545587280e-04 
6.6070000000e+00 3.1533880000e-04 
6.6065000000e+00 3.1522175250e-04 
6.6060000000e+00 3.1510473010e-04 
6.6055000000e+00 3.1498773300e-04 
6.6050000000e+00 3.1487076110e-04 
6.6045000000e+00 3.1475381440e-04 
6.6040000000e+00 3.1463689290e-04 
6.6035000000e+00 3.1452004260e-04 
6.6030000000e+00 3.1440327100e-04 
6.6025000000e+00 3.1428653850e-04 
6.6020000000e+00 3.1416983670e-04 
6.6015000000e+00 3.1405316000e-04 
6.6010000000e+00 3.1393654870e-04 
6.6005000000e+00 3.1381998740e-04 
6.6000000000e+00 3.1370345150e-04 
6.5995000000e+00 3.1358694040e-04 
6.5990000000e+00 3.1347045410e-04 
6.5985000000e+00 3.1335399260e-04 
6.5980000000e+00 3.1323755590e-04 
6.5975000000e+00 3.1312118150e-04 
6.5970000000e+00 3.1300485170e-04 
6.5965000000e+00 3.1288854710e-04 
6.5960000000e+00 3.1277226710e-04 
6.5955000000e+00 3.1265601970e-04 
6.5950000000e+00 3.1253983160e-04 
6.5945000000e+00 3.1242367780e-04 
6.5940000000e+00 3.1230755920e-04 
6.5935000000e+00 3.1219146530e-04 
6.5930000000e+00 3.1207539600e-04 
6.5925000000e+00 3.1195935110e-04 
6.5920000000e+00 3.1184333080e-04 
6.5915000000e+00 3.1172733490e-04 
6.5910000000e+00 3.1161136360e-04 
6.5905000000e+00 3.1149541670e-04 
6.5900000000e+00 3.1137949430e-04 
6.5895000000e+00 3.1126359640e-04 
6.5890000000e+00 3.1114772290e-04 
6.5885000000e+00 3.1103187380e-04 
6.5880000000e+00 3.1091604920e-04 
6.5875000000e+00 3.1080024910e-04 
6.5870000000e+00 3.1068447340e-04 
6.5865000000e+00 3.1056872210e-04 
6.5860000000e+00 3.1045299510e-04 
6.5855000000e+00 3.1033729260e-04 
6.5850000000e+00 3.1022161450e-04 
6.5845000000e+00 3.1010596070e-04 
6.5840000000e+00 3.0999033130e-04 
6.5835000000e+00 3.0987472630e-04 
6.5830000000e+00 3.0975914560e-04 
6.5825000000e+00 3.0964358930e-04 
6.5820000000e+00 3.0952805730e-04 
6.5815000000e+00 3.0941254970e-04 
6.5810000000e+00 3.0929706640e-04 
6.5805000000e+00 3.0918160740e-04 
6.5800000000e+00 3.0906617270e-04 
6.5795000000e+00 3.0895076230e-04 
6.5790000000e+00 3.0883537630e-04 
6.5785000000e+00 3.0872001450e-04 
6.5780000000e+00 3.0860467700e-04 
6.5775000000e+00 3.0848936380e-04 
6.5770000000e+00 3.0837407490e-04 
6.5765000000e+00 3.0825881030e-04 
6.5760000000e+00 3.0814356990e-04 
6.5755000000e+00 3.0802835370e-04 
6.5750000000e+00 3.0791316190e-04 
6.5745000000e+00 3.0779799420e-04 
6.5740000000e+00 3.0768285090e-04 
6.5735000000e+00 3.0756773180e-04 
6.5730000000e+00 3.0745263690e-04 
6.5725000000e+00 3.0733756620e-04 
6.5720000000e+00 3.0722251980e-04 
6.5715000000e+00 3.0710749750e-04 
6.5710000000e+00 3.0699249950e-04 
6.5705000000e+00 3.0687752560e-04 
6.5700000000e+00 3.0676257600e-04 
6.5695000000e+00 3.0664765050e-04 
6.5690000000e+00 3.0653274930e-04 
6.5685000000e+00 3.0641787230e-04 
6.5680000000e+00 3.0630301940e-04 
6.5675000000e+00 3.0618819070e-04 
6.5670000000e+00 3.0607338610e-04 
6.5665000000e+00 3.0595860570e-04 
6.5660000000e+00 3.0584384940e-04 
6.5655000000e+00 3.0572911730e-04 
6.5650000000e+00 3.0561440920e-04 
6.5645000000e+00 3.0549972530e-04 
6.5640000000e+00 3.0538506550e-04 
6.5635000000e+00 3.0527042980e-04 
6.5630000000e+00 3.0515581820e-04 
6.5625000000e+00 3.0504123070e-04 
6.5620000000e+00 3.0492666730e-04 
6.5615000000e+00 3.0481212800e-04 
6.5610000000e+00 3.0469761270e-04 
6.5605000000e+00 3.0458312150e-04 
6.5600000000e+00 3.0446865440e-04 
6.5595000000e+00 3.0435421140e-04 
6.5590000000e+00 3.0423979240e-04 
6.5585000000e+00 3.0412539750e-04 
6.5580000000e+00 3.0401102660e-04 
6.5575000000e+00 3.0389667970e-04 
6.5570000000e+00 3.0378235690e-04 
6.5565000000e+00 3.0366805810e-04 
6.5560000000e+00 3.0355378330e-04 
6.5555000000e+00 3.0343953250e-04 
6.5550000000e+00 3.0332530580e-04 
6.5545000000e+00 3.0321110300e-04 
6.5540000000e+00 3.0309692420e-04 
6.5535000000e+00 3.0298276940e-04 
6.5530000000e+00 3.0286863860e-04 
6.5525000000e+00 3.0275453180e-04 
6.5520000000e+00 3.0264044890e-04 
6.5515000000e+00 3.0252639000e-04 
6.5510000000e+00 3.0241235510e-04 
6.5505000000e+00 3.0229834410e-04 
6.5500000000e+00 3.0218435700e-04 
6.5495000000e+00 3.0207039390e-04 
6.5490000000e+00 3.0195645480e-04 
6.5485000000e+00 3.0184253950e-04 
6.5480000000e+00 3.0172864820e-04 
6.5475000000e+00 3.0161478080e-04 
6.5470000000e+00 3.0150093740e-04 
6.5465000000e+00 3.0138711780e-04 
6.5460000000e+00 3.0127332210e-04 
6.5455000000e+00 3.0115955040e-04 
6.5450000000e+00 3.0104580250e-04 
6.5445000000e+00 3.0093207850e-04 
6.5440000000e+00 3.0081837840e-04 
6.5435000000e+00 3.0070470220e-04 
6.5430000000e+00 3.0059104990e-04 
6.5425000000e+00 3.0047742140e-04 
6.5420000000e+00 3.0036381680e-04 
6.5415000000e+00 3.0025023600e-04 
6.5410000000e+00 3.0013667910e-04 
6.5405000000e+00 3.0002314600e-04 
6.5400000000e+00 2.9990963680e-04 
6.5395000000e+00 2.9979615140e-04 
6.5390000000e+00 2.9968268980e-04 
6.5385000000e+00 2.9956925200e-04 
6.5380000000e+00 2.9945583810e-04 
6.5375000000e+00 2.9934244800e-04 
6.5370000000e+00 2.9922908170e-04 
6.5365000000e+00 2.9911573920e-04 
6.5360000000e+00 2.9900242040e-04 
6.5355000000e+00 2.9888912550e-04 
6.5350000000e+00 2.9877585440e-04 
6.5345000000e+00 2.9866260700e-04 
6.5340000000e+00 2.9854938350e-04 
6.5335000000e+00 2.9843618370e-04 
6.5330000000e+00 2.9832300760e-04 
6.5325000000e+00 2.9820985540e-04 
6.5320000000e+00 2.9809672680e-04 
6.5315000000e+00 2.9798362210e-04 
6.5310000000e+00 2.9787054110e-04 
6.5305000000e+00 2.9775748380e-04 
6.5300000000e+00 2.9764445020e-04 
6.5295000000e+00 2.9753144040e-04 
6.5290000000e+00 2.9741845440e-04 
6.5285000000e+00 2.9730549200e-04 
6.5280000000e+00 2.9719255340e-04 
6.5275000000e+00 2.9707963840e-04 
6.5270000000e+00 2.9696674720e-04 
6.5265000000e+00 2.9685387970e-04 
6.5260000000e+00 2.9674103590e-04 
6.5255000000e+00 2.9662821570e-04 
6.5250000000e+00 2.9651541930e-04 
6.5245000000e+00 2.9640264660e-04 
6.5240000000e+00 2.9628989750e-04 
6.5235000000e+00 2.9617717210e-04 
6.5230000000e+00 2.9606447030e-04 
6.5225000000e+00 2.9595179230e-04 
6.5220000000e+00 2.9583913790e-04 
6.5215000000e+00 2.9572650710e-04 
6.5210000000e+00 2.9561390000e-04 
6.5205000000e+00 2.9550131650e-04 
6.5200000000e+00 2.9538875670e-04 
6.5195000000e+00 2.9527622050e-04 
6.5190000000e+00 2.9516370790e-04 
6.5185000000e+00 2.9505121900e-04 
6.5180000000e+00 2.9493875360e-04 
6.5175000000e+00 2.9482631190e-04 
6.5170000000e+00 2.9471389380e-04 
6.5165000000e+00 2.9460149930e-04 
6.5160000000e+00 2.9448912840e-04 
6.5155000000e+00 2.9437678100e-04 
6.5150000000e+00 2.9426445730e-04 
6.5145000000e+00 2.9415215720e-04 
6.5140000000e+00 2.9403988060e-04 
6.5135000000e+00 2.9392762760e-04 
6.5130000000e+00 2.9381539820e-04 
6.5125000000e+00 2.9370319230e-04 
6.5120000000e+00 2.9359101000e-04 
6.5115000000e+00 2.9347885130e-04 
6.5110000000e+00 2.9336671610e-04 
6.5105000000e+00 2.9325460450e-04 
6.5100000000e+00 2.9314251640e-04 
6.5095000000e+00 2.9303045190e-04 
6.5090000000e+00 2.9291841090e-04 
6.5085000000e+00 2.9280639340e-04 
6.5080000000e+00 2.9269439940e-04 
6.5075000000e+00 2.9258242900e-04 
6.5070000000e+00 2.9247048210e-04 
6.5065000000e+00 2.9235855870e-04 
6.5060000000e+00 2.9224665890e-04 
6.5055000000e+00 2.9213478250e-04 
6.5050000000e+00 2.9202292960e-04 
6.5045000000e+00 2.9191110030e-04 
6.5040000000e+00 2.9179929440e-04 
6.5035000000e+00 2.9168751200e-04 
6.5030000000e+00 2.9157575310e-04 
6.5025000000e+00 2.9146401770e-04 
6.5020000000e+00 2.9135230580e-04 
6.5015000000e+00 2.9124061730e-04 
6.5010000000e+00 2.9112895230e-04 
6.5005000000e+00 2.9101731080e-04 
6.5000000000e+00 2.9090569270e-04 
6.4500000000e+00 2.7985926450e-04 
6.4000000000e+00 2.6896142350e-04 
6.3500000000e+00 2.5830423940e-04 
6.3000000000e+00 2.4787923580e-04 
6.2500000000e+00 2.3765196590e-04 
6.2000000000e+00 2.2762583330e-04 
6.1500000000e+00 2.1785901570e-04 
6.1000000000e+00 2.0829596780e-04 
6.0500000000e+00 1.9898392980e-04 
6.0000000000e+00 1.8992396750e-04 
5.9500000000e+00 1.8106841120e-04 
5.9000000000e+00 1.7253118850e-04 
5.8500000000e+00 1.6418696400e-04 
5.8000000000e+00 1.5601496430e-04 
5.7500000000e+00 1.4817628230e-04 
5.7000000000e+00 1.4064175520e-04 
5.6500000000e+00 1.3340441740e-04 
5.6000000000e+00 1.2644509250e-04 
5.5500000000e+00 1.1973422390e-04 
5.5000000000e+00 1.1328748850e-04 
5.4500000000e+00 1.0708496990e-04 
5.4000000000e+00 1.0110532310e-04 
5.3500000000e+00 9.5363925080e-05 
5.3000000000e+00 8.9824080190e-05 
5.2500000000e+00 8.4424513890e-05 
5.2000000000e+00 7.9267364250e-05 
5.1500000000e+00 7.4342673920e-05 
5.1000000000e+00 6.9642228300e-05 
5.0500000000e+00 6.5145279970e-05 
5.0000000000e+00 6.0837502940e-05 
4.9900000000e+00 5.9999418610e-05 
4.9800000000e+00 5.9168276080e-05 
4.9700000000e+00 5.8344620360e-05 
4.9600000000e+00 5.7528213640e-05 
4.9500000000e+00 5.6719399580e-05 
4.9400000000e+00 5.5917916750e-05 
4.9300000000e+00 5.5123699720e-05 
4.9200000000e+00 5.4336694760e-05 
4.9100000000e+00 5.3556397130e-05 
4.9000000000e+00 5.2783339420e-05 
4.8900000000e+00 5.2017366120e-05 
4.8800000000e+00 5.1257614390e-05 
4.8700000000e+00 5.0504388280e-05 
4.8600000000e+00 4.9758231710e-05 
4.8500000000e+00 4.9019477580e-05 
4.8400000000e+00 4.8287691360e-05 
4.8300000000e+00 4.7562817080e-05 
4.8200000000e+00 4.6844799870e-05 
4.8100000000e+00 4.6133097180e-05 
4.8000000000e+00 4.5428140380e-05 
4.7900000000e+00 4.4729932600e-05 
4.7800000000e+00 4.4038417290e-05 
4.7700000000e+00 4.3354096930e-05 
4.7600000000e+00 4.2676714670e-05 
4.7500000000e+00 4.2005953590e-05 
4.7400000000e+00 4.1341352450e-05 
4.7300000000e+00 4.0683238970e-05 
4.7200000000e+00 4.0031615060e-05 
4.7100000000e+00 3.9386429440e-05 
4.7000000000e+00 3.8746818340e-05 
4.6900000000e+00 3.8112401720e-05 
4.6800000000e+00 3.7483286830e-05 
4.6700000000e+00 3.6858625610e-05 
4.6600000000e+00 3.6240891280e-05 
4.6500000000e+00 3.5629033690e-05 
4.6400000000e+00 3.5022833040e-05 
4.6300000000e+00 3.4423568840e-05 
4.6200000000e+00 3.3831081960e-05 
4.6100000000e+00 3.3245020940e-05 
4.6000000000e+00 3.2665298670e-05 
4.5900000000e+00 3.2091834930e-05 
4.5800000000e+00 3.1524627980e-05 
4.5700000000e+00 3.0963978250e-05 
4.5600000000e+00 3.0409319120e-05 
4.5500000000e+00 2.9860596370e-05 
4.5400000000e+00 2.9317763870e-05 
4.5300000000e+00 2.8780922970e-05 
4.5200000000e+00 2.8250121200e-05 
4.5100000000e+00 2.7725027820e-05 
4.5000000000e+00 2.7205733210e-05 
4.4900000000e+00 2.6692024160e-05 
4.4800000000e+00 2.6183829640e-05 
4.4700000000e+00 2.5681097440e-05 
4.4600000000e+00 2.5183794500e-05 
4.4500000000e+00 2.4691877290e-05 
4.4400000000e+00 2.4205302210e-05 
4.4300000000e+00 2.3724027760e-05 
4.4200000000e+00 2.3247763730e-05 
4.4100000000e+00 2.2776707150e-05 
4.4000000000e+00 2.2310854650e-05 
4.3900000000e+00 2.1850159190e-05 
4.3800000000e+00 2.1394582290e-05 
4.3700000000e+00 2.0944071260e-05 
4.3600000000e+00 2.0498610960e-05 
4.3500000000e+00 2.0058168130e-05 
4.3400000000e+00 1.9622709670e-05 
4.3300000000e+00 1.9192189040e-05 
4.3200000000e+00 1.8766578710e-05 
4.3100000000e+00 1.8345859560e-05 
4.3000000000e+00 1.7930001570e-05 
4.2900000000e+00 1.7518975510e-05 
4.2800000000e+00 1.7112774890e-05 
4.2700000000e+00 1.6711427590e-05 
4.2600000000e+00 1.6314839320e-05 
4.2500000000e+00 1.5922990470e-05 
4.2400000000e+00 1.5535854400e-05 
4.2300000000e+00 1.5153426570e-05 
4.2200000000e+00 1.4775656730e-05 
4.2100000000e+00 1.4402472420e-05 
4.2000000000e+00 1.4033596370e-05 
4.1900000000e+00 1.3669214210e-05 
4.1800000000e+00 1.3309392320e-05 
4.1700000000e+00 1.2954070190e-05 
4.1600000000e+00 1.2603254960e-05 
4.1500000000e+00 1.2257012970e-05 
4.1400000000e+00 1.1915383360e-05 
4.1300000000e+00 1.1578350880e-05 
4.1200000000e+00 1.1245932310e-05 
4.1100000000e+00 1.0918029750e-05 
4.1000000000e+00 1.0594605280e-05 
4.0900000000e+00 1.0275635960e-05 
4.0800000000e+00 9.9610975050e-06 
4.0700000000e+00 9.6509438870e-06 
4.0600000000e+00 9.3450509280e-06 
4.0500000000e+00 9.0435552820e-06 
4.0400000000e+00 8.7464311810e-06 
4.0300000000e+00 8.4536362630e-06 
4.0200000000e+00 8.1652079540e-06 
4.0100000000e+00 7.8811003700e-06 
4.0000000000e+00 7.6013629300e-06 
3.9900000000e+00 7.3259635750e-06 
3.9800000000e+00 7.0548672410e-06 
3.9700000000e+00 6.7880665720e-06 
3.9600000000e+00 6.5255550340e-06 
3.9500000000e+00 6.2673273710e-06 
3.9400000000e+00 6.0134162870e-06 
3.9300000000e+00 5.7638571360e-06 
3.9200000000e+00 5.5186334730e-06 
3.9100000000e+00 5.2777168040e-06 
3.9000000000e+00 5.0410943460e-06 
3.8900000000e+00 4.8087797610e-06 
3.8800000000e+00 4.5808255200e-06 
3.8700000000e+00 4.3572142350e-06 
3.8600000000e+00 4.1379766370e-06 
3.8500000000e+00 3.9231502300e-06 
3.8400000000e+00 3.7127690420e-06 
3.8300000000e+00 3.5069346450e-06 
3.8200000000e+00 3.3057176120e-06 
3.8100000000e+00 3.1090554850e-06 
3.8000000000e+00 2.9167406260e-06 
3.7900000000e+00 2.7290879470e-06 
3.7800000000e+00 2.5462772210e-06 
3.7700000000e+00 2.3683061690e-06 
3.7600000000e+00 2.1952460360e-06 
3.7500000000e+00 2.0272018620e-06 
3.7400000000e+00 1.8642902860e-06 
3.7300000000e+00 1.7066447430e-06 
3.7200000000e+00 1.5544163300e-06 
3.7100000000e+00 1.4077203160e-06 
3.7000000000e+00 1.2668583910e-06 
3.6900000000e+00 1.1319933630e-06 
3.6800000000e+00 1.0033704480e-06 
3.6700000000e+00 8.8125701680e-07 
3.6600000000e+00 7.6596937720e-07 
3.6500000000e+00 6.5782116250e-07 
3.6400000000e+00 5.5714125780e-07 
3.6300000000e+00 4.6428648870e-07 
3.6200000000e+00 3.7959846360e-07 
3.6100000000e+00 3.0336303080e-07 
3.6000000000e+00 2.3580752350e-07 
3.5900000000e+00 1.7702781500e-07 
3.5800000000e+00 1.2691363470e-07 
3.5700000000e+00 8.5070094760e-08 
3.5600000000e+00 5.0506188390e-08 
3.5550000000e+00 3.5085548230e-08 
3.5500000000e+00 1.7843373840e-12 
3.5400000000e+00 1.7202897780e-12 
3.5300000000e+00 1.6586457270e-12 
3.5200000000e+00 1.5991844230e-12 
3.5100000000e+00 1.5418846070e-12 
3.5000000000e+00 1.4866185490e-12 
3.4900000000e+00 1.4334019740e-12 
3.4800000000e+00 1.3820254740e-12 
3.4700000000e+00 1.3325025390e-12 
3.4600000000e+00 1.2847299870e-12 
3.4500000000e+00 1.2386463940e-12 
3.4400000000e+00 1.1943201420e-12 
3.4300000000e+00 1.1514810570e-12 
3.4200000000e+00 1.1101904940e-12 
3.4100000000e+00 1.0702718770e-12 
3.4000000000e+00 1.0316947070e-12 
3.3900000000e+00 9.9454818930e-13 
3.3800000000e+00 9.5869707230e-13 
3.3700000000e+00 9.2411835530e-13 
3.3600000000e+00 8.9076146440e-13 
3.3500000000e+00 8.5855512060e-13 
3.3495000000e+00 8.5694747770e-13 
3.3490000000e+00 8.5538036340e-13 
3.3485000000e+00 8.5381091130e-13 
3.3480000000e+00 8.5222794790e-13 
3.3475000000e+00 8.5067272500e-13 
3.3470000000e+00 8.4909114720e-13 
3.3465000000e+00 8.4752540610e-13 
3.3460000000e+00 8.4598343930e-13 
3.3455000000e+00 8.4440791420e-13 
3.3450000000e+00 8.4284875020e-13 
3.3445000000e+00 8.4129435620e-13 
3.3440000000e+00 8.3975653390e-13 
3.3435000000e+00 8.3820009020e-13 
3.3430000000e+00 8.3664351040e-13 
3.3425000000e+00 8.3510569760e-13 
3.3420000000e+00 8.3356795930e-13 
3.3415000000e+00 8.3202507440e-13 
3.3410000000e+00 8.3049855700e-13 
3.3405000000e+00 8.2896417940e-13 
3.3400000000e+00 8.2741860050e-13 
3.3395000000e+00 8.2590129670e-13 
3.3390000000e+00 8.2441164220e-13 
3.3385000000e+00 8.2286884720e-13 
3.3380000000e+00 8.2134117270e-13 
3.3375000000e+00 8.1982627760e-13 
3.3370000000e+00 8.1830141520e-13 
3.3365000000e+00 8.1680468850e-13 
3.3360000000e+00 8.1530418260e-13 
3.3355000000e+00 8.1379394550e-13 
3.3350000000e+00 8.1230008610e-13 
3.3345000000e+00 8.1079722800e-13 
3.3340000000e+00 8.0930124580e-13 
3.3335000000e+00 8.0778885170e-13 
3.3330000000e+00 8.0631550020e-13 
3.3325000000e+00 8.0479795920e-13 
3.3320000000e+00 8.0333544050e-13 
3.3315000000e+00 8.0188115900e-13 
3.3310000000e+00 8.0036911390e-13 
3.3305000000e+00 7.9888139020e-13 
3.3300000000e+00 7.9742550760e-13 
3.3295000000e+00 7.9594549110e-13 
3.3290000000e+00 7.9447110470e-13 
3.3285000000e+00 7.9299075700e-13 
3.3280000000e+00 7.9156272230e-13 
3.3275000000e+00 7.9007734690e-13 
3.3270000000e+00 7.8862089310e-13 
3.3265000000e+00 7.8715534800e-13 
3.3260000000e+00 7.8571433970e-13 
3.3255000000e+00 7.8426204850e-13 
3.3250000000e+00 7.8282071930e-13 
3.3245000000e+00 7.8136748210e-13 
3.3240000000e+00 7.7991748040e-13 
3.3235000000e+00 7.7849452550e-13 
3.3230000000e+00 7.7706728840e-13 
3.3225000000e+00 7.7560663300e-13 
3.3220000000e+00 7.7417323550e-13 
3.3215000000e+00 7.7275821990e-13 
3.3210000000e+00 7.7129777840e-13 
3.3205000000e+00 7.6988245500e-13 
3.3200000000e+00 7.6845930290e-13 
3.3195000000e+00 7.6703646880e-13 
3.3190000000e+00 7.6562533640e-13 
3.3185000000e+00 7.6422454890e-13 
3.3180000000e+00 7.6280121060e-13 
3.3175000000e+00 7.6142059280e-13 
3.3170000000e+00 7.5999371950e-13 
3.3165000000e+00 7.5858325100e-13 
3.3160000000e+00 7.5720934360e-13 
3.3155000000e+00 7.5578072370e-13 
3.3150000000e+00 7.5438156500e-13 
3.3145000000e+00 7.5298899720e-13 
3.3140000000e+00 7.5159132470e-13 
3.3135000000e+00 7.5019794720e-13 
3.3130000000e+00 7.4883977740e-13 
3.3125000000e+00 7.4740956360e-13 
3.3120000000e+00 7.4604223370e-13 
3.3115000000e+00 7.4465706180e-13 
3.3110000000e+00 7.4327848580e-13 
3.3105000000e+00 7.4192958630e-13 
3.3100000000e+00 7.4055146370e-13 
3.3095000000e+00 7.3916187240e-13 
3.3090000000e+00 7.3782671020e-13 
3.3085000000e+00 7.3642546230e-13 
3.3080000000e+00 7.3507310990e-13 
3.3075000000e+00 7.3373665290e-13 
3.3070000000e+00 7.3238048060e-13 
3.3065000000e+00 7.3102098950e-13 
3.3060000000e+00 7.2966475960e-13 
3.3055000000e+00 7.2832599450e-13 
3.3050000000e+00 7.2696093750e-13 
3.3045000000e+00 7.2563130920e-13 
3.3040000000e+00 7.2428343170e-13 
3.3035000000e+00 7.2293965430e-13 
3.3030000000e+00 7.2161773140e-13 
3.3025000000e+00 7.2026795360e-13 
3.3020000000e+00 7.1891162600e-13 
3.3015000000e+00 7.1761352340e-13 
3.3010000000e+00 7.1626482730e-13 
3.3005000000e+00 7.1493131080e-13 
3.3000000000e+00 7.1358122690e-13 
3.2995000000e+00 7.1227044780e-13 
3.2990000000e+00 7.1094122300e-13 
3.2985000000e+00 7.0962770250e-13 
3.2980000000e+00 7.0829678180e-13 
3.2975000000e+00 7.0698710170e-13 
3.2970000000e+00 7.0565991830e-13 
3.2965000000e+00 7.0434165370e-13 
3.2960000000e+00 7.0305956550e-13 
3.2955000000e+00 7.0174744410e-13 
3.2950000000e+00 7.0045103160e-13 
3.2945000000e+00 6.9913356830e-13 
3.2940000000e+00 6.9785405930e-13 
3.2935000000e+00 6.9654295320e-13 
3.2930000000e+00 6.9524839410e-13 
3.2925000000e+00 6.9394218570e-13 
3.2920000000e+00 6.9267623170e-13 
3.2915000000e+00 6.9136834440e-13 
3.2910000000e+00 6.9007951290e-13 
3.2905000000e+00 6.8881579510e-13 
3.2900000000e+00 6.8749782280e-13 
3.2895000000e+00 6.8625070690e-13 
3.2890000000e+00 6.8496615150e-13 
3.2885000000e+00 6.8369532950e-13 
3.2880000000e+00 6.8244513380e-13 
3.2875000000e+00 6.8114559510e-13 
3.2870000000e+00 6.7988422850e-13 
3.2865000000e+00 6.7860035940e-13 
3.2860000000e+00 6.7735872270e-13 
3.2855000000e+00 6.7612225730e-13 
3.2850000000e+00 6.7482968570e-13 
3.2845000000e+00 6.7358965480e-13 
3.2840000000e+00 6.7231365610e-13 
3.2835000000e+00 6.7106309660e-13 
3.2830000000e+00 6.6980069440e-13 
3.2825000000e+00 6.6855381160e-13 
3.2820000000e+00 6.6730939460e-13 
3.2815000000e+00 6.6606628520e-13 
3.2810000000e+00 6.6482271630e-13 
3.2805000000e+00 6.6357567650e-13 
3.2800000000e+00 6.6233978680e-13 
3.2795000000e+00 6.6111661440e-13 
3.2790000000e+00 6.5988516860e-13 
3.2785000000e+00 6.5867051400e-13 
3.2780000000e+00 6.5743881690e-13 
3.2775000000e+00 6.5622183640e-13 
3.2770000000e+00 6.5499256120e-13 
3.2765000000e+00 6.5375940930e-13 
3.2760000000e+00 6.5255600840e-13 
3.2755000000e+00 6.5134006390e-13 
3.2750000000e+00 6.5014092180e-13 
3.2745000000e+00 6.4891179670e-13 
3.2740000000e+00 6.4770417450e-13 
3.2735000000e+00 6.4649006770e-13 
3.2730000000e+00 6.4529767370e-13 
3.2725000000e+00 6.4408793510e-13 
3.2720000000e+00 6.4289510630e-13 
3.2715000000e+00 6.4170216540e-13 
3.2710000000e+00 6.4051684070e-13 
3.2705000000e+00 6.3930205920e-13 
3.2700000000e+00 6.3810210090e-13 
3.2695000000e+00 6.3692041250e-13 
3.2690000000e+00 6.3571584800e-13 
3.2685000000e+00 6.3452527270e-13 
3.2680000000e+00 6.3335986140e-13 
3.2675000000e+00 6.3218149660e-13 
3.2670000000e+00 6.3099383390e-13 
3.2665000000e+00 6.2980794360e-13 
3.2660000000e+00 6.2862664610e-13 
3.2655000000e+00 6.2745432790e-13 
3.2650000000e+00 6.2627595110e-13 
3.2645000000e+00 6.2510488370e-13 
3.2640000000e+00 6.2395219600e-13 
3.2635000000e+00 6.2276692540e-13 
3.2630000000e+00 6.2159481380e-13 
3.2625000000e+00 6.2044787150e-13 
3.2620000000e+00 6.1927304710e-13 
3.2615000000e+00 6.1814239970e-13 
3.2610000000e+00 6.1697572540e-13 
3.2605000000e+00 6.1581396240e-13 
3.2600000000e+00 6.1466337550e-13 
3.2595000000e+00 6.1351247730e-13 
3.2590000000e+00 6.1236670060e-13 
3.2585000000e+00 6.1121696040e-13 
3.2580000000e+00 6.1007014570e-13 
3.2575000000e+00 6.0893052320e-13 
3.2570000000e+00 6.0780719890e-13 
3.2565000000e+00 6.0664524160e-13 
3.2560000000e+00 6.0550699820e-13 
3.2555000000e+00 6.0438787400e-13 
3.2550000000e+00 6.0325695760e-13 
3.2545000000e+00 6.0212396140e-13 
3.2540000000e+00 6.0100329780e-13 
3.2535000000e+00 5.9987387180e-13 
3.2530000000e+00 5.9873046220e-13 
3.2525000000e+00 5.9759969980e-13 
3.2520000000e+00 5.9651207940e-13 
3.2515000000e+00 5.9538196660e-13 
3.2510000000e+00 5.9423881200e-13 
3.2505000000e+00 5.9312595550e-13 
3.2500000000e+00 5.9200663720e-13 
3.2495000000e+00 5.9091552940e-13 
3.2490000000e+00 5.8978986840e-13 
3.2485000000e+00 5.8871518500e-13 
3.2480000000e+00 5.8758318300e-13 
3.2475000000e+00 5.8650999190e-13 
3.2470000000e+00 5.8538439150e-13 
3.2465000000e+00 5.8429285230e-13 
3.2460000000e+00 5.8319621270e-13 
3.2455000000e+00 5.8209520410e-13 
3.2450000000e+00 5.8099849480e-13 
3.2445000000e+00 5.7989616410e-13 
3.2440000000e+00 5.7881358980e-13 
3.2435000000e+00 5.7773260080e-13 
3.2430000000e+00 5.7664484320e-13 
3.2425000000e+00 5.7557036820e-13 
3.2420000000e+00 5.7446688130e-13 
3.2415000000e+00 5.7339620690e-13 
3.2410000000e+00 5.7232565810e-13 
3.2405000000e+00 5.7125398210e-13 
3.2400000000e+00 5.7016927400e-13 
3.2395000000e+00 5.6909722470e-13 
3.2390000000e+00 5.6803031560e-13 
3.2385000000e+00 5.6695089780e-13 
3.2380000000e+00 5.6588643760e-13 
3.2375000000e+00 5.6480362150e-13 
3.2370000000e+00 5.6376657150e-13 
3.2365000000e+00 5.6270176750e-13 
3.2360000000e+00 5.6165505580e-13 
3.2355000000e+00 5.6058205300e-13 
3.2350000000e+00 5.5950218400e-13 
3.2345000000e+00 5.5845022530e-13 
3.2340000000e+00 5.5741479420e-13 
3.2335000000e+00 5.5640831860e-13 
3.2330000000e+00 5.5530819480e-13 
3.2325000000e+00 5.5429582310e-13 
3.2320000000e+00 5.5326729320e-13 
3.2315000000e+00 5.5218709840e-13 
3.2310000000e+00 5.5113920310e-13 
3.2305000000e+00 5.5010512320e-13 
3.2300000000e+00 5.4911138480e-13 
3.2295000000e+00 5.4802243480e-13 
3.2290000000e+00 5.4700985670e-13 
3.2285000000e+00 5.4596504060e-13 
3.2280000000e+00 5.4495033350e-13 
3.2275000000e+00 5.4390318050e-13 
3.2270000000e+00 5.4287600730e-13 
3.2265000000e+00 5.4188197280e-13 
3.2260000000e+00 5.4086886110e-13 
3.2255000000e+00 5.3983855240e-13 
3.2250000000e+00 5.3879731300e-13 
3.2245000000e+00 5.3776519440e-13 
3.2240000000e+00 5.3677321370e-13 
3.2235000000e+00 5.3576382870e-13 
3.2230000000e+00 5.3471928640e-13 
3.2225000000e+00 5.3370788600e-13 
3.2220000000e+00 5.3271678290e-13 
3.2215000000e+00 5.3169188130e-13 
3.2210000000e+00 5.3072424690e-13 
3.2205000000e+00 5.2970412130e-13 
3.2200000000e+00 5.2872016840e-13 
3.2195000000e+00 5.2768581450e-13 
3.2190000000e+00 5.2668627640e-13 
3.2185000000e+00 5.2567247110e-13 
3.2180000000e+00 5.2470841630e-13 
3.2175000000e+00 5.2368090740e-13 
3.2170000000e+00 5.2273416630e-13 
3.2165000000e+00 5.2170287640e-13 
3.2160000000e+00 5.2074306060e-13 
3.2155000000e+00 5.1973514380e-13 
3.2150000000e+00 5.1873656450e-13 
3.2145000000e+00 5.1776674760e-13 
3.2140000000e+00 5.1683289920e-13 
3.2135000000e+00 5.1580207690e-13 
3.2130000000e+00 5.1483291450e-13 
3.2125000000e+00 5.1385481570e-13 
3.2120000000e+00 5.1286412600e-13 
3.2115000000e+00 5.1189405520e-13 
3.2110000000e+00 5.1092183740e-13 
3.2105000000e+00 5.0997086590e-13 
3.2100000000e+00 5.0901043800e-13 
3.2095000000e+00 5.0803888300e-13 
3.2090000000e+00 5.0706716680e-13 
3.2085000000e+00 5.0611659410e-13 
3.2080000000e+00 5.0516147490e-13 
3.2075000000e+00 5.0417152390e-13 
3.2070000000e+00 5.0323091440e-13 
3.2065000000e+00 5.0227468960e-13 
3.2060000000e+00 5.0132791380e-13 
3.2055000000e+00 5.0038317260e-13 
3.2050000000e+00 4.9943524470e-13 
3.2045000000e+00 4.9848475720e-13 
3.2040000000e+00 4.9752899520e-13 
3.2035000000e+00 4.9653401830e-13 
3.2030000000e+00 4.9563036800e-13 
3.2025000000e+00 4.9468802590e-13 
3.2020000000e+00 4.9376223720e-13 
3.2015000000e+00 4.9283086250e-13 
3.2010000000e+00 4.9189348460e-13 
3.2005000000e+00 4.9092117600e-13 
3.2000000000e+00 4.8998630880e-13 
3.1995000000e+00 4.8908418410e-13 
3.1990000000e+00 4.8816947830e-13 
3.1985000000e+00 4.8721336850e-13 
3.1980000000e+00 4.8629104650e-13 
3.1975000000e+00 4.8535541360e-13 
3.1970000000e+00 4.8445116730e-13 
3.1965000000e+00 4.8350280330e-13 
3.1960000000e+00 4.8261141260e-13 
3.1955000000e+00 4.8168478170e-13 
3.1950000000e+00 4.8075246520e-13 
3.1945000000e+00 4.7984506250e-13 
3.1940000000e+00 4.7894565570e-13 
3.1935000000e+00 4.7800693530e-13 
3.1930000000e+00 4.7708070210e-13 
3.1925000000e+00 4.7619880740e-13 
3.1920000000e+00 4.7527029050e-13 
3.1915000000e+00 4.7436710720e-13 
3.1910000000e+00 4.7345865920e-13 
3.1905000000e+00 4.7259883420e-13 
3.1900000000e+00 4.7168476620e-13 
3.1895000000e+00 4.7077974180e-13 
3.1890000000e+00 4.6989253380e-13 
3.1885000000e+00 4.6898742390e-13 
3.1880000000e+00 4.6808582300e-13 
3.1875000000e+00 4.6718970340e-13 
3.1870000000e+00 4.6629695150e-13 
3.1865000000e+00 4.6538944040e-13 
3.1860000000e+00 4.6451009230e-13 
3.1855000000e+00 4.6359948520e-13 
3.1850000000e+00 4.6271182000e-13 
3.1845000000e+00 4.6183007460e-13 
3.1840000000e+00 4.6095205600e-13 
3.1835000000e+00 4.6005740040e-13 
3.1830000000e+00 4.5918151060e-13 
3.1825000000e+00 4.5830444040e-13 
3.1820000000e+00 4.5742211720e-13 
3.1815000000e+00 4.5654728200e-13 
3.1810000000e+00 4.5565675120e-13 
3.1805000000e+00 4.5478509230e-13 
3.1800000000e+00 4.5390985250e-13 
3.1795000000e+00 4.5304909910e-13 
3.1790000000e+00 4.5218758510e-13 
3.1785000000e+00 4.5130515530e-13 
3.1780000000e+00 4.5044139020e-13 
3.1775000000e+00 4.4955973840e-13 
3.1770000000e+00 4.4872588860e-13 
3.1765000000e+00 4.4784073440e-13 
3.1760000000e+00 4.4697215720e-13 
3.1755000000e+00 4.4612631910e-13 
3.1750000000e+00 4.4526384910e-13 
3.1745000000e+00 4.4439435540e-13 
3.1740000000e+00 4.4354582620e-13 
3.1735000000e+00 4.4269956840e-13 
3.1730000000e+00 4.4183751550e-13 
3.1725000000e+00 4.4098835020e-13 
3.1720000000e+00 4.4013645460e-13 
3.1715000000e+00 4.3928443280e-13 
3.1710000000e+00 4.3843364290e-13 
3.1705000000e+00 4.3759703460e-13 
3.1700000000e+00 4.3673972780e-13 
3.1695000000e+00 4.3590861310e-13 
3.1690000000e+00 4.3505283180e-13 
3.1685000000e+00 4.3423692390e-13 
3.1680000000e+00 4.3338653340e-13 
3.1675000000e+00 4.3255732320e-13 
3.1670000000e+00 4.3169916600e-13 
3.1665000000e+00 4.3089539930e-13 
3.1660000000e+00 4.3002697010e-13 
3.1655000000e+00 4.2921345410e-13 
3.1650000000e+00 4.2838853680e-13 
3.1645000000e+00 4.2754073080e-13 
3.1640000000e+00 4.2670940770e-13 
3.1635000000e+00 4.2587848500e-13 
3.1630000000e+00 4.2506655210e-13 
3.1625000000e+00 4.2425502010e-13 
3.1620000000e+00 4.2342540470e-13 
3.1615000000e+00 4.2260245680e-13 
3.1610000000e+00 4.2176351480e-13 
3.1605000000e+00 4.2096058630e-13 
3.1600000000e+00 4.2012975890e-13 
3.1595000000e+00 4.1931625210e-13 
3.1590000000e+00 4.1850774330e-13 
3.1585000000e+00 4.1769546020e-13 
3.1580000000e+00 4.1689308390e-13 
3.1575000000e+00 4.1606385430e-13 
3.1570000000e+00 4.1527701060e-13 
3.1565000000e+00 4.1447041550e-13 
3.1560000000e+00 4.1363435700e-13 
3.1555000000e+00 4.1282763120e-13 
3.1550000000e+00 4.1203916830e-13 
3.1545000000e+00 4.1124964850e-13 
3.1540000000e+00 4.1043526150e-13 
3.1535000000e+00 4.0965751840e-13 
3.1530000000e+00 4.0883861710e-13 
3.1525000000e+00 4.0804476820e-13 
3.1520000000e+00 4.0724975930e-13 
3.1515000000e+00 4.0645735020e-13 
3.1510000000e+00 4.0567819350e-13 
3.1505000000e+00 4.0492335910e-13 
3.1500000000e+00 4.0408883240e-13 
3.1400000000e+00 3.8862168920e-13 
3.1300000000e+00 3.7368751200e-13 
3.1200000000e+00 3.5920857180e-13 
3.1100000000e+00 3.4522049310e-13 
3.1000000000e+00 3.3171253450e-13 
3.0900000000e+00 3.1870570800e-13 
3.0800000000e+00 3.0611432570e-13 
3.0700000000e+00 2.9400271490e-13 
3.0600000000e+00 2.8232964540e-13 
3.0500000000e+00 2.7138799940e-13 
3.0400000000e+00 2.6086532020e-13 
3.0300000000e+00 2.5064668400e-13 
3.0200000000e+00 2.4079526680e-13 
3.0100000000e+00 2.3125306950e-13 
3.0000000000e+00 2.2198666070e-13 
2.9500000000e+00 1.8149818810e-13 
2.9000000000e+00 1.4845278980e-13 
2.8500000000e+00 1.2091967950e-13 
2.8000000000e+00 9.7774609450e-14 
2.7500000000e+00 7.9560842700e-14 
2.7000000000e+00 6.5249174500e-14 
2.6500000000e+00 5.4165328630e-14 
2.6000000000e+00 4.5460490860e-14 
2.5500000000e+00 3.8586928920e-14 
2.5000000000e+00 3.3159724900e-14 
2.4500000000e+00 2.8744464990e-14 
2.4000000000e+00 2.5070935680e-14 
2.3500000000e+00 2.2043077830e-14 
2.3000000000e+00 1.9407637900e-14 
2.2500000000e+00 1.7119475350e-14 
2.2000000000e+00 1.5213593160e-14 
2.1500000000e+00 1.3617609910e-14 
2.1000000000e+00 1.2271778360e-14 
2.0500000000e+00 1.1140967280e-14 
2.0000000000e+00 1.0256398250e-14 
1.9500000000e+00 9.4922963760e-15 
1.9000000000e+00 8.8114669350e-15 
1.8500000000e+00 8.1756214670e-15 
1.8000000000e+00 7.6036581240e-15 
1.7500000000e+00 7.1006347050e-15 
1.7000000000e+00 6.5686279660e-15 
1.6500000000e+00 6.1397923520e-15 
1.6000000000e+00 5.7062933790e-15 
1.5500000000e+00 5.2711935570e-15 
1.5000000000e+00 4.8696167790e-15 
1.4500000000e+00 4.4948088970e-15 
1.4000000000e+00 4.1044951790e-15 
1.3500000000e+00 3.8054300770e-15 
1.3000000000e+00 3.4712286630e-15 
1.2500000000e+00 3.1327505460e-15 
1.2000000000e+00 2.8445800690e-15 
1.1500000000e+00 2.6373865770e-15 
1.1000000000e+00 2.4275984320e-15 
1.0500000000e+00 2.2566326790e-15 
1.0000000000e+00 2.0737467300e-15 
9.5000000000e-01 1.9160710520e-15 
9.0000000000e-01 1.7725623620e-15 
8.5000000000e-01 1.6729704020e-15 
8.0000000000e-01 1.5306534630e-15 
7.5000000000e-01 1.4345489200e-15 
7.0000000000e-01 1.3361546930e-15 
6.5000000000e-01 1.2389949700e-15 
6.0000000000e-01 1.1206975220e-15 
5.5000000000e-01 1.0403471940e-15 
5.0000000000e-01 9.4153485720e-16 
4.5000000000e-01 8.2970700410e-16 
4.0000000000e-01 7.0749891110e-16 
3.5000000000e-01 6.1055305450e-16 
3.0000000000e-01 5.5827954940e-16 
2.5000000000e-01 4.7474960980e-16 
2.0000000000e-01 3.4081777800e-16 
1.5000000000e-01 2.5137418230e-16 
1.0000000000e-01 1.6827153610e-16 
5.0000000000e-02 7.7603297840e-17 
1.0711414300e-14 4.1583431730e-18 
