EXPORTED XY-GRAPH DATA
856 2 2
Drain Voltage
Drain Current
0.0000000000e+00 3.4012058190e-18 
5.0000000000e-02 1.0463182550e-16 
1.0000000000e-01 1.8146922250e-16 
1.5000000000e-01 2.4625696970e-16 
2.0000000000e-01 3.5458004810e-16 
2.5000000000e-01 4.8527120800e-16 
3.0000000000e-01 4.9540451480e-16 
3.5000000000e-01 5.8166926460e-16 
4.0000000000e-01 6.9346921590e-16 
4.5000000000e-01 8.2531399670e-16 
5.0000000000e-01 9.3590909120e-16 
5.5000000000e-01 1.0136629780e-15 
6.0000000000e-01 1.0995451800e-15 
6.5000000000e-01 1.2451569170e-15 
7.0000000000e-01 1.3390460470e-15 
7.5000000000e-01 1.4119016850e-15 
8.0000000000e-01 1.5120242710e-15 
8.5000000000e-01 1.6433159750e-15 
9.0000000000e-01 1.7552828460e-15 
9.5000000000e-01 1.9033667600e-15 
1.0000000000e+00 2.0660342770e-15 
1.0500000000e+00 2.2522136840e-15 
1.1000000000e+00 2.4283757480e-15 
1.1500000000e+00 2.6122927320e-15 
1.2000000000e+00 2.8492599940e-15 
1.2500000000e+00 3.1248681200e-15 
1.3000000000e+00 3.4592528090e-15 
1.3500000000e+00 3.7897927140e-15 
1.4000000000e+00 4.1537746700e-15 
1.4500000000e+00 4.5667560830e-15 
1.5000000000e+00 4.9951399470e-15 
1.5500000000e+00 5.4269634620e-15 
1.6000000000e+00 5.9233049900e-15 
1.6500000000e+00 6.4171434800e-15 
1.7000000000e+00 6.9378593600e-15 
1.7500000000e+00 7.4970625700e-15 
1.8000000000e+00 8.0625812920e-15 
1.8500000000e+00 8.7205651020e-15 
1.9000000000e+00 9.4432808600e-15 
1.9500000000e+00 1.0262051060e-14 
2.0000000000e+00 1.1125834440e-14 
2.0500000000e+00 1.2171777940e-14 
2.1000000000e+00 1.3536551240e-14 
2.1500000000e+00 1.5173492970e-14 
2.2000000000e+00 1.7197272480e-14 
2.2500000000e+00 1.9601432270e-14 
2.3000000000e+00 2.2568441130e-14 
2.3500000000e+00 2.6057239930e-14 
2.4000000000e+00 3.0192542880e-14 
2.4500000000e+00 3.5277141000e-14 
2.5000000000e+00 4.1529093940e-14 
2.5500000000e+00 4.9424138110e-14 
2.6000000000e+00 5.9710315980e-14 
2.6500000000e+00 7.3083756050e-14 
2.7000000000e+00 9.0570672010e-14 
2.7500000000e+00 1.1386116460e-13 
2.8000000000e+00 1.4439268260e-13 
2.8500000000e+00 1.8403645680e-13 
2.9000000000e+00 2.3266053740e-13 
2.9500000000e+00 2.9186300270e-13 
3.0000000000e+00 3.6536702090e-13 
3.0500000000e+00 4.5636659250e-13 
3.1000000000e+00 5.6862998450e-13 
3.1500000000e+00 7.0499466430e-13 
3.2000000000e+00 8.6866666890e-13 
3.2500000000e+00 1.0648734900e-12 
3.3000000000e+00 1.3013776720e-12 
3.3500000000e+00 1.5869962230e-12 
3.4000000000e+00 1.9332713080e-12 
3.4500000000e+00 2.3548862980e-12 
3.5000000000e+00 2.8718027930e-12 
3.5500000000e+00 3.5128356690e-12 
3.6000000000e+00 4.3173473770e-12 
3.6100000000e+00 4.5028190130e-12 
3.6200000000e+00 4.6978187210e-12 
3.6300000000e+00 4.9031411030e-12 
3.6400000000e+00 5.1195671310e-12 
3.6500000000e+00 5.3479205930e-12 
3.6600000000e+00 5.5893022650e-12 
3.6700000000e+00 5.8446551050e-12 
3.6800000000e+00 6.1152872200e-12 
3.6900000000e+00 6.4028835490e-12 
3.7000000000e+00 6.7091765060e-12 
3.7005000000e+00 6.7250277710e-12 
3.7010000000e+00 6.7409154980e-12 
3.7015000000e+00 6.7568884390e-12 
3.7020000000e+00 6.7728588130e-12 
3.7025000000e+00 6.7889067670e-12 
3.7030000000e+00 6.8050171030e-12 
3.7035000000e+00 6.8212080380e-12 
3.7040000000e+00 6.8374086060e-12 
3.7045000000e+00 6.8536552990e-12 
3.7050000000e+00 6.8699748990e-12 
3.7055000000e+00 6.8863465640e-12 
3.7060000000e+00 6.9027747260e-12 
3.7065000000e+00 6.9192631880e-12 
3.7070000000e+00 6.9357992540e-12 
3.7075000000e+00 6.9523796250e-12 
3.7080000000e+00 6.9690573960e-12 
3.7085000000e+00 6.9857607010e-12 
3.7090000000e+00 7.0025415030e-12 
3.7095000000e+00 7.0193670900e-12 
3.7100000000e+00 7.0362527530e-12 
3.7105000000e+00 7.0531767040e-12 
3.7110000000e+00 7.0701490090e-12 
3.7115000000e+00 7.0872177470e-12 
3.7120000000e+00 7.1043193560e-12 
3.7125000000e+00 7.1214879190e-12 
3.7130000000e+00 7.1387216980e-12 
3.7135000000e+00 7.1560260560e-12 
3.7140000000e+00 7.1733716850e-12 
3.7145000000e+00 7.1907743880e-12 
3.7150000000e+00 7.2082607270e-12 
3.7155000000e+00 7.2257915730e-12 
3.7160000000e+00 7.2433655000e-12 
3.7165000000e+00 7.2610256700e-12 
3.7170000000e+00 7.2787401600e-12 
3.7175000000e+00 7.2965403310e-12 
3.7180000000e+00 7.3143661660e-12 
3.7185000000e+00 7.3323045840e-12 
3.7190000000e+00 7.3502520160e-12 
3.7195000000e+00 7.3682721970e-12 
3.7200000000e+00 7.3863728830e-12 
3.7205000000e+00 7.4045356170e-12 
3.7210000000e+00 7.4227976050e-12 
3.7215000000e+00 7.4410479640e-12 
3.7220000000e+00 7.4594321970e-12 
3.7225000000e+00 7.4778724210e-12 
3.7230000000e+00 7.4963516370e-12 
3.7235000000e+00 7.5149024530e-12 
3.7240000000e+00 7.5335639490e-12 
3.7245000000e+00 7.5522435150e-12 
3.7250000000e+00 7.5709891070e-12 
3.7255000000e+00 7.5898289430e-12 
3.7260000000e+00 7.6087582370e-12 
3.7265000000e+00 7.6277278220e-12 
3.7270000000e+00 7.6467560950e-12 
3.7275000000e+00 7.6658730470e-12 
3.7280000000e+00 7.6850568660e-12 
3.7285000000e+00 7.7043023470e-12 
3.7290000000e+00 7.7236515900e-12 
3.7295000000e+00 7.7430618980e-12 
3.7300000000e+00 7.7625011160e-12 
3.7305000000e+00 7.7820604280e-12 
3.7310000000e+00 7.8016663240e-12 
3.7315000000e+00 7.8213555740e-12 
3.7320000000e+00 7.8411361250e-12 
3.7325000000e+00 7.8609934680e-12 
3.7330000000e+00 7.8809021310e-12 
3.7335000000e+00 7.9008829000e-12 
3.7340000000e+00 7.9209917580e-12 
3.7345000000e+00 7.9411276180e-12 
3.7350000000e+00 7.9613343460e-12 
3.7355000000e+00 7.9816602970e-12 
3.7360000000e+00 8.0020066780e-12 
3.7365000000e+00 8.0224791760e-12 
3.7370000000e+00 8.0430364340e-12 
3.7375000000e+00 8.0636428410e-12 
3.7380000000e+00 8.0843655420e-12 
3.7385000000e+00 8.1051172290e-12 
3.7390000000e+00 8.1260033730e-12 
3.7395000000e+00 8.1469330070e-12 
3.7400000000e+00 8.1679807940e-12 
3.7405000000e+00 8.1890781130e-12 
3.7410000000e+00 8.2102433340e-12 
3.7415000000e+00 8.2315487130e-12 
3.7420000000e+00 8.2529274020e-12 
3.7425000000e+00 8.2743697800e-12 
3.7430000000e+00 8.2959150990e-12 
3.7435000000e+00 8.3175492440e-12 
3.7440000000e+00 8.3392278140e-12 
3.7445000000e+00 8.3610633710e-12 
3.7450000000e+00 8.3829604410e-12 
3.7455000000e+00 8.4049662080e-12 
3.7460000000e+00 8.4270419050e-12 
3.7465000000e+00 8.4491442730e-12 
3.7470000000e+00 8.4714341120e-12 
3.7475000000e+00 8.4937577760e-12 
3.7480000000e+00 8.5162470310e-12 
3.7485000000e+00 8.5387567900e-12 
3.7490000000e+00 8.5613843530e-12 
3.7495000000e+00 8.5841088000e-12 
3.7500000000e+00 8.6069378270e-12 
3.7505000000e+00 8.6298390230e-12 
3.7510000000e+00 8.6528509900e-12 
3.7515000000e+00 8.6759247120e-12 
3.7520000000e+00 8.6991340850e-12 
3.7525000000e+00 8.7224354150e-12 
3.7530000000e+00 8.7458172740e-12 
3.7535000000e+00 8.7693728760e-12 
3.7540000000e+00 8.7929836420e-12 
3.7545000000e+00 8.8166484780e-12 
3.7550000000e+00 8.8404784500e-12 
3.7555000000e+00 8.8643853640e-12 
3.7560000000e+00 8.8884087460e-12 
3.7565000000e+00 8.9125658740e-12 
3.7570000000e+00 8.9367682360e-12 
3.7575000000e+00 8.9611291860e-12 
3.7580000000e+00 8.9855261620e-12 
3.7585000000e+00 9.0101039460e-12 
3.7590000000e+00 9.0348405480e-12 
3.7595000000e+00 9.0596550140e-12 
3.7600000000e+00 9.0845208610e-12 
3.7605000000e+00 9.1095375760e-12 
3.7610000000e+00 9.1346267590e-12 
3.7615000000e+00 9.1598740730e-12 
3.7620000000e+00 9.1851558930e-12 
3.7625000000e+00 9.2106584470e-12 
3.7630000000e+00 9.2362162290e-12 
3.7635000000e+00 9.2619046560e-12 
3.7640000000e+00 9.2876953400e-12 
3.7645000000e+00 9.3136357060e-12 
3.7650000000e+00 9.3396701460e-12 
3.7655000000e+00 9.3658668770e-12 
3.7660000000e+00 9.3921304980e-12 
3.7665000000e+00 9.4185767240e-12 
3.7670000000e+00 9.4451018530e-12 
3.7675000000e+00 9.4717711540e-12 
3.7680000000e+00 9.4985801300e-12 
3.7685000000e+00 9.5254948330e-12 
3.7690000000e+00 9.5525199510e-12 
3.7695000000e+00 9.5797530100e-12 
3.7700000000e+00 9.6070101920e-12 
3.7705000000e+00 9.6344708930e-12 
3.7710000000e+00 9.6620380700e-12 
3.7715000000e+00 9.6897386430e-12 
3.7720000000e+00 9.7175698650e-12 
3.7725000000e+00 9.7455997950e-12 
3.7730000000e+00 9.7736884560e-12 
3.7735000000e+00 9.8019606070e-12 
3.7740000000e+00 9.8303737010e-12 
3.7745000000e+00 9.8588834100e-12 
3.7750000000e+00 9.8875622680e-12 
3.7755000000e+00 9.9164047880e-12 
3.7760000000e+00 9.9453965030e-12 
3.7765000000e+00 9.9745157340e-12 
3.7770000000e+00 1.0003800320e-11 
3.7775000000e+00 1.0033229320e-11 
3.7780000000e+00 1.0062782800e-11 
3.7785000000e+00 1.0092536830e-11 
3.7790000000e+00 1.0122418320e-11 
3.7795000000e+00 1.0152436170e-11 
3.7800000000e+00 1.0182648350e-11 
3.7805000000e+00 1.0212963580e-11 
3.7810000000e+00 1.0243517460e-11 
3.7815000000e+00 1.0274221630e-11 
3.7820000000e+00 1.0305045470e-11 
3.7825000000e+00 1.0336079620e-11 
3.7830000000e+00 1.0367268700e-11 
3.7835000000e+00 1.0398883380e-11 
3.7840000000e+00 1.0430598460e-11 
3.7845000000e+00 1.0462582830e-11 
3.7850000000e+00 1.0494700280e-11 
3.7855000000e+00 1.0526995220e-11 
3.7860000000e+00 1.0559464290e-11 
3.7865000000e+00 1.0592148250e-11 
3.7870000000e+00 1.0624977290e-11 
3.7875000000e+00 1.0658016810e-11 
3.7880000000e+00 1.0691204720e-11 
3.7885000000e+00 1.0724591790e-11 
3.7890000000e+00 1.0758155870e-11 
3.7895000000e+00 1.0791911920e-11 
3.7900000000e+00 1.0825858280e-11 
3.7905000000e+00 1.0860005910e-11 
3.7910000000e+00 1.0894394050e-11 
3.7915000000e+00 1.0928915140e-11 
3.7920000000e+00 1.0963681190e-11 
3.7925000000e+00 1.0998672230e-11 
3.7930000000e+00 1.1033827020e-11 
3.7935000000e+00 1.1069191980e-11 
3.7940000000e+00 1.1104825850e-11 
3.7945000000e+00 1.1140619960e-11 
3.7950000000e+00 1.1176659230e-11 
3.7955000000e+00 1.1212925520e-11 
3.7960000000e+00 1.1249374020e-11 
3.7965000000e+00 1.1286085430e-11 
3.7970000000e+00 1.1323016340e-11 
3.7975000000e+00 1.1360159740e-11 
3.7980000000e+00 1.1397543180e-11 
3.7985000000e+00 1.1435173940e-11 
3.7990000000e+00 1.1473026680e-11 
3.7995000000e+00 1.1511127480e-11 
3.8000000000e+00 1.1549493690e-11 
3.8005000000e+00 1.1588067170e-11 
3.8010000000e+00 1.1626941090e-11 
3.8015000000e+00 1.1666035360e-11 
3.8020000000e+00 1.1705415640e-11 
3.8025000000e+00 1.1745067710e-11 
3.8030000000e+00 1.1784778120e-11 
3.8035000000e+00 1.1824943260e-11 
3.8040000000e+00 1.1865349810e-11 
3.8045000000e+00 1.1906065970e-11 
3.8050000000e+00 1.1947001940e-11 
3.8055000000e+00 1.1988272600e-11 
3.8060000000e+00 1.2029856000e-11 
3.8065000000e+00 1.2071671180e-11 
3.8070000000e+00 1.2113793710e-11 
3.8075000000e+00 1.2156245770e-11 
3.8080000000e+00 1.2198955630e-11 
3.8085000000e+00 1.2241980030e-11 
3.8090000000e+00 1.2285377670e-11 
3.8095000000e+00 1.2329067740e-11 
3.8100000000e+00 1.2373087110e-11 
3.8105000000e+00 1.2417438740e-11 
3.8110000000e+00 1.2462144150e-11 
3.8115000000e+00 1.2507137220e-11 
3.8120000000e+00 1.2552468170e-11 
3.8125000000e+00 1.2598179790e-11 
3.8130000000e+00 1.2644216700e-11 
3.8135000000e+00 1.2690634030e-11 
3.8140000000e+00 1.2737377160e-11 
3.8145000000e+00 1.2784506800e-11 
3.8150000000e+00 1.2831989990e-11 
3.8155000000e+00 1.2879873930e-11 
3.8160000000e+00 1.2928126530e-11 
3.8165000000e+00 1.2976749520e-11 
3.8170000000e+00 1.3025783410e-11 
3.8175000000e+00 1.3075244510e-11 
3.8180000000e+00 1.3125069890e-11 
3.8185000000e+00 1.3175343440e-11 
3.8190000000e+00 1.3225994340e-11 
3.8195000000e+00 1.3277130860e-11 
3.8200000000e+00 1.3328667190e-11 
3.8300000000e+00 1.4463933630e-11 
3.8400000000e+00 1.5865111870e-11 
3.8500000000e+00 1.7703378140e-11 
3.8550000000e+00 1.8904235460e-11 
3.8575000000e+00 1.9621160400e-11 
3.8581250000e+00 1.9816390260e-11 
3.8582812500e+00 1.9866423500e-11 
3.8482812500e+00 1.7342864480e-11 
3.8382812500e+00 1.5599973550e-11 
3.8282812500e+00 1.4253100630e-11 
3.8182812500e+00 1.3153301480e-11 
3.8082812500e+00 1.2223286760e-11 
3.7982812500e+00 1.1418632820e-11 
3.7882812500e+00 1.0709812490e-11 
3.7782812500e+00 1.0079412530e-11 
3.7682812500e+00 9.5136054620e-12 
3.7582812500e+00 8.9994796400e-12 
3.7482812500e+00 8.5289966460e-12 
3.7382812500e+00 8.0961220180e-12 
3.7282812500e+00 7.6959109470e-12 
3.7182812500e+00 7.3245206180e-12 
3.7082812500e+00 6.9784786300e-12 
3.6982812500e+00 6.6551751680e-12 
3.6882812500e+00 6.3521424810e-12 
3.6782812500e+00 6.0675810430e-12 
3.6682812500e+00 5.7997051190e-12 
3.6582812500e+00 5.5468464860e-12 
3.6482812500e+00 5.3077518090e-12 
3.6382812500e+00 5.0814849090e-12 
3.6282812500e+00 4.8670366750e-12 
3.6182812500e+00 4.6635548720e-12 
3.6082812500e+00 4.4702364720e-12 
3.5982812500e+00 4.2863970020e-12 
3.5882812500e+00 4.1113896320e-12 
3.5782812500e+00 3.9446117440e-12 
3.5682812500e+00 3.7854666690e-12 
3.5582812500e+00 3.6335268960e-12 
3.5482812500e+00 3.4884114420e-12 
3.5382812500e+00 3.3496925250e-12 
3.5282812500e+00 3.2170282880e-12 
3.5182812500e+00 3.0900526520e-12 
3.5082812500e+00 2.9685441670e-12 
3.4982812500e+00 2.8521782760e-12 
3.4882812500e+00 2.7406674780e-12 
3.4782812500e+00 2.6337850800e-12 
3.4682812500e+00 2.5313707780e-12 
3.4582812500e+00 2.4331776040e-12 
3.4482812500e+00 2.3389543980e-12 
3.4382812500e+00 2.2485429070e-12 
3.4282812500e+00 2.1615853330e-12 
3.4182812500e+00 2.0778715050e-12 
3.4082812500e+00 1.9974797110e-12 
3.3982812500e+00 1.9201854650e-12 
3.3882812500e+00 1.8459227230e-12 
3.3782812500e+00 1.7745272680e-12 
3.3682812500e+00 1.7058434030e-12 
3.3582812500e+00 1.6398087400e-12 
3.3500000000e+00 1.5869631690e-12 
3.3495000000e+00 1.5838599390e-12 
3.3490000000e+00 1.5807294420e-12 
3.3485000000e+00 1.5776078080e-12 
3.3480000000e+00 1.5744836560e-12 
3.3475000000e+00 1.5713696260e-12 
3.3470000000e+00 1.5682715680e-12 
3.3465000000e+00 1.5651800850e-12 
3.3460000000e+00 1.5620856750e-12 
3.3455000000e+00 1.5589958600e-12 
3.3450000000e+00 1.5559126260e-12 
3.3445000000e+00 1.5528160290e-12 
3.3440000000e+00 1.5497778160e-12 
3.3435000000e+00 1.5466980470e-12 
3.3430000000e+00 1.5436356240e-12 
3.3425000000e+00 1.5406116450e-12 
3.3420000000e+00 1.5375611550e-12 
3.3415000000e+00 1.5345024310e-12 
3.3410000000e+00 1.5314762040e-12 
3.3405000000e+00 1.5284643050e-12 
3.3400000000e+00 1.5254240240e-12 
3.3395000000e+00 1.5224042370e-12 
3.3390000000e+00 1.5194074520e-12 
3.3385000000e+00 1.5163918990e-12 
3.3380000000e+00 1.5133903700e-12 
3.3375000000e+00 1.5103871000e-12 
3.3370000000e+00 1.5074276220e-12 
3.3365000000e+00 1.5044178440e-12 
3.3360000000e+00 1.5014445530e-12 
3.3355000000e+00 1.4984624260e-12 
3.3350000000e+00 1.4955226380e-12 
3.3345000000e+00 1.4925495820e-12 
3.3340000000e+00 1.4896003830e-12 
3.3335000000e+00 1.4866572900e-12 
3.3330000000e+00 1.4837282440e-12 
3.3325000000e+00 1.4807878670e-12 
3.3320000000e+00 1.4778591380e-12 
3.3315000000e+00 1.4749373590e-12 
3.3310000000e+00 1.4719997650e-12 
3.3305000000e+00 1.4690975310e-12 
3.3300000000e+00 1.4661769800e-12 
3.3295000000e+00 1.4632692360e-12 
3.3290000000e+00 1.4603821320e-12 
3.3285000000e+00 1.4574983350e-12 
3.3280000000e+00 1.4545940360e-12 
3.3275000000e+00 1.4517249000e-12 
3.3270000000e+00 1.4488366240e-12 
3.3265000000e+00 1.4459747420e-12 
3.3260000000e+00 1.4431422840e-12 
3.3255000000e+00 1.4402729390e-12 
3.3250000000e+00 1.4374023190e-12 
3.3245000000e+00 1.4345537150e-12 
3.3240000000e+00 1.4317275470e-12 
3.3235000000e+00 1.4289084640e-12 
3.3230000000e+00 1.4260704660e-12 
3.3225000000e+00 1.4232371560e-12 
3.3220000000e+00 1.4204277510e-12 
3.3215000000e+00 1.4176126990e-12 
3.3210000000e+00 1.4148014010e-12 
3.3205000000e+00 1.4120002290e-12 
3.3200000000e+00 1.4092012480e-12 
3.3195000000e+00 1.4064086380e-12 
3.3190000000e+00 1.4036344060e-12 
3.3185000000e+00 1.4008328160e-12 
3.3180000000e+00 1.3980595330e-12 
3.3175000000e+00 1.3952764410e-12 
3.3170000000e+00 1.3925012960e-12 
3.3165000000e+00 1.3897349340e-12 
3.3160000000e+00 1.3869846690e-12 
3.3155000000e+00 1.3842447570e-12 
3.3150000000e+00 1.3815001630e-12 
3.3145000000e+00 1.3787741770e-12 
3.3140000000e+00 1.3760269080e-12 
3.3135000000e+00 1.3732954310e-12 
3.3130000000e+00 1.3705741080e-12 
3.3125000000e+00 1.3678398700e-12 
3.3120000000e+00 1.3651291440e-12 
3.3115000000e+00 1.3624066580e-12 
3.3110000000e+00 1.3597049980e-12 
3.3105000000e+00 1.3570077690e-12 
3.3100000000e+00 1.3543148690e-12 
3.3095000000e+00 1.3516136620e-12 
3.3090000000e+00 1.3489328700e-12 
3.3085000000e+00 1.3462510860e-12 
3.3080000000e+00 1.3435478430e-12 
3.3075000000e+00 1.3409087770e-12 
3.3070000000e+00 1.3382338430e-12 
3.3065000000e+00 1.3355523900e-12 
3.3060000000e+00 1.3328602400e-12 
3.3055000000e+00 1.3302217280e-12 
3.3050000000e+00 1.3275647950e-12 
3.3045000000e+00 1.3249247420e-12 
3.3040000000e+00 1.3222944690e-12 
3.3035000000e+00 1.3196622810e-12 
3.3030000000e+00 1.3170424830e-12 
3.3025000000e+00 1.3144450030e-12 
3.3020000000e+00 1.3117865040e-12 
3.3015000000e+00 1.3092020210e-12 
3.3010000000e+00 1.3065813780e-12 
3.3005000000e+00 1.3039794040e-12 
3.3000000000e+00 1.3013763630e-12 
3.2995000000e+00 1.2987931430e-12 
3.2990000000e+00 1.2961858710e-12 
3.2985000000e+00 1.2936061290e-12 
3.2980000000e+00 1.2910286670e-12 
3.2975000000e+00 1.2884471130e-12 
3.2970000000e+00 1.2858878190e-12 
3.2965000000e+00 1.2833148420e-12 
3.2960000000e+00 1.2807217090e-12 
3.2955000000e+00 1.2781841330e-12 
3.2950000000e+00 1.2756517810e-12 
3.2945000000e+00 1.2730643970e-12 
3.2940000000e+00 1.2705193130e-12 
3.2935000000e+00 1.2680021190e-12 
3.2930000000e+00 1.2654289580e-12 
3.2925000000e+00 1.2629180490e-12 
3.2920000000e+00 1.2603860570e-12 
3.2915000000e+00 1.2578649380e-12 
3.2910000000e+00 1.2553793420e-12 
3.2905000000e+00 1.2528294320e-12 
3.2900000000e+00 1.2503401110e-12 
3.2895000000e+00 1.2478363980e-12 
3.2890000000e+00 1.2453442980e-12 
3.2885000000e+00 1.2428388540e-12 
3.2880000000e+00 1.2403558880e-12 
3.2875000000e+00 1.2378590580e-12 
3.2870000000e+00 1.2353930790e-12 
3.2865000000e+00 1.2329501800e-12 
3.2860000000e+00 1.2304712050e-12 
3.2855000000e+00 1.2280427280e-12 
3.2850000000e+00 1.2255797430e-12 
3.2845000000e+00 1.2231410470e-12 
3.2840000000e+00 1.2206922820e-12 
3.2835000000e+00 1.2182525630e-12 
3.2830000000e+00 1.2158229350e-12 
3.2825000000e+00 1.2134103950e-12 
3.2820000000e+00 1.2110031450e-12 
3.2815000000e+00 1.2085699610e-12 
3.2810000000e+00 1.2061607630e-12 
3.2805000000e+00 1.2037525770e-12 
3.2800000000e+00 1.2013520890e-12 
3.2795000000e+00 1.1989523930e-12 
3.2790000000e+00 1.1965871090e-12 
3.2785000000e+00 1.1941715770e-12 
3.2780000000e+00 1.1917776490e-12 
3.2775000000e+00 1.1893724310e-12 
3.2770000000e+00 1.1870192090e-12 
3.2765000000e+00 1.1846453010e-12 
3.2760000000e+00 1.1822669980e-12 
3.2755000000e+00 1.1799216900e-12 
3.2750000000e+00 1.1775904750e-12 
3.2745000000e+00 1.1751685040e-12 
3.2740000000e+00 1.1728345680e-12 
3.2735000000e+00 1.1704838160e-12 
3.2730000000e+00 1.1681272170e-12 
3.2725000000e+00 1.1657834650e-12 
3.2720000000e+00 1.1634525610e-12 
3.2715000000e+00 1.1611274060e-12 
3.2710000000e+00 1.1588085220e-12 
3.2705000000e+00 1.1564900630e-12 
3.2700000000e+00 1.1541481150e-12 
3.2695000000e+00 1.1518345830e-12 
3.2690000000e+00 1.1495258660e-12 
3.2685000000e+00 1.1472433740e-12 
3.2680000000e+00 1.1449179740e-12 
3.2675000000e+00 1.1426675710e-12 
3.2670000000e+00 1.1403344750e-12 
3.2665000000e+00 1.1380629080e-12 
3.2660000000e+00 1.1357712040e-12 
3.2655000000e+00 1.1334937230e-12 
3.2650000000e+00 1.1312217790e-12 
3.2645000000e+00 1.1289553090e-12 
3.2640000000e+00 1.1266950260e-12 
3.2635000000e+00 1.1244286070e-12 
3.2630000000e+00 1.1221840410e-12 
3.2625000000e+00 1.1199046210e-12 
3.2620000000e+00 1.1176550980e-12 
3.2615000000e+00 1.1154106190e-12 
3.2610000000e+00 1.1131649190e-12 
3.2605000000e+00 1.1109405570e-12 
3.2600000000e+00 1.1086996250e-12 
3.2595000000e+00 1.1064693820e-12 
3.2590000000e+00 1.1042507680e-12 
3.2585000000e+00 1.1020062940e-12 
3.2580000000e+00 1.0997988300e-12 
3.2575000000e+00 1.0975873340e-12 
3.2570000000e+00 1.0953724340e-12 
3.2565000000e+00 1.0931813890e-12 
3.2560000000e+00 1.0909676230e-12 
3.2555000000e+00 1.0887959900e-12 
3.2550000000e+00 1.0865735460e-12 
3.2545000000e+00 1.0843563730e-12 
3.2540000000e+00 1.0821776820e-12 
3.2535000000e+00 1.0799973710e-12 
3.2530000000e+00 1.0778207690e-12 
3.2525000000e+00 1.0756691800e-12 
3.2520000000e+00 1.0734757690e-12 
3.2515000000e+00 1.0713421500e-12 
3.2510000000e+00 1.0691825860e-12 
3.2505000000e+00 1.0670384320e-12 
3.2500000000e+00 1.0648866110e-12 
3.2495000000e+00 1.0627190820e-12 
3.2490000000e+00 1.0605802310e-12 
3.2485000000e+00 1.0584549160e-12 
3.2480000000e+00 1.0563007390e-12 
3.2475000000e+00 1.0541923690e-12 
3.2470000000e+00 1.0520421900e-12 
3.2465000000e+00 1.0499186070e-12 
3.2460000000e+00 1.0477899760e-12 
3.2455000000e+00 1.0456645500e-12 
3.2450000000e+00 1.0435827450e-12 
3.2445000000e+00 1.0414248830e-12 
3.2440000000e+00 1.0393545070e-12 
3.2435000000e+00 1.0372773140e-12 
3.2430000000e+00 1.0351575910e-12 
3.2425000000e+00 1.0330502700e-12 
3.2420000000e+00 1.0309579630e-12 
3.2415000000e+00 1.0288724210e-12 
3.2410000000e+00 1.0268001200e-12 
3.2405000000e+00 1.0246973040e-12 
3.2400000000e+00 1.0226344660e-12 
3.2395000000e+00 1.0205567810e-12 
3.2390000000e+00 1.0185181360e-12 
3.2385000000e+00 1.0164210980e-12 
3.2380000000e+00 1.0143915090e-12 
3.2375000000e+00 1.0123385130e-12 
3.2370000000e+00 1.0102872810e-12 
3.2365000000e+00 1.0082212080e-12 
3.2360000000e+00 1.0062191360e-12 
3.2355000000e+00 1.0041631690e-12 
3.2350000000e+00 1.0021069860e-12 
3.2345000000e+00 1.0000971640e-12 
3.2340000000e+00 9.9806780870e-13 
3.2335000000e+00 9.9602852820e-13 
3.2330000000e+00 9.9401201140e-13 
3.2325000000e+00 9.9197669520e-13 
3.2320000000e+00 9.9000038320e-13 
3.2315000000e+00 9.8796924480e-13 
3.2310000000e+00 9.8597058580e-13 
3.2305000000e+00 9.8396858310e-13 
3.2300000000e+00 9.8197995210e-13 
3.2295000000e+00 9.7999487810e-13 
3.2290000000e+00 9.7800312790e-13 
3.2285000000e+00 9.7602109790e-13 
3.2280000000e+00 9.7402330750e-13 
3.2275000000e+00 9.7205163550e-13 
3.2270000000e+00 9.7006974040e-13 
3.2265000000e+00 9.6809736120e-13 
3.2260000000e+00 9.6611601430e-13 
3.2255000000e+00 9.6414512550e-13 
3.2250000000e+00 9.6218741100e-13 
3.2245000000e+00 9.6022250770e-13 
3.2240000000e+00 9.5829093660e-13 
3.2235000000e+00 9.5633651400e-13 
3.2230000000e+00 9.5438409600e-13 
3.2225000000e+00 9.5246428250e-13 
3.2220000000e+00 9.5051149100e-13 
3.2215000000e+00 9.4856436250e-13 
3.2210000000e+00 9.4663208840e-13 
3.2205000000e+00 9.4471237230e-13 
3.2200000000e+00 9.4279383200e-13 
3.2195000000e+00 9.4086842730e-13 
3.2190000000e+00 9.3895976120e-13 
3.2185000000e+00 9.3706136000e-13 
3.2180000000e+00 9.3514074620e-13 
3.2175000000e+00 9.3323102600e-13 
3.2170000000e+00 9.3134692560e-13 
3.2165000000e+00 9.2945168570e-13 
3.2160000000e+00 9.2754729170e-13 
3.2155000000e+00 9.2564063730e-13 
3.2150000000e+00 9.2378550630e-13 
3.2145000000e+00 9.2188362860e-13 
3.2140000000e+00 9.1998314900e-13 
3.2135000000e+00 9.1813315170e-13 
3.2130000000e+00 9.1621803090e-13 
3.2125000000e+00 9.1438890180e-13 
3.2120000000e+00 9.1249694890e-13 
3.2115000000e+00 9.1064201090e-13 
3.2110000000e+00 9.0878523990e-13 
3.2105000000e+00 9.0690857010e-13 
3.2100000000e+00 9.0504312360e-13 
3.2095000000e+00 9.0317636950e-13 
3.2090000000e+00 9.0135687010e-13 
3.2085000000e+00 8.9951966940e-13 
3.2080000000e+00 8.9772199740e-13 
3.2075000000e+00 8.9582809270e-13 
3.2070000000e+00 8.9400327340e-13 
3.2065000000e+00 8.9218999810e-13 
3.2060000000e+00 8.9035432720e-13 
3.2055000000e+00 8.8854242110e-13 
3.2050000000e+00 8.8671104570e-13 
3.2045000000e+00 8.8489957310e-13 
3.2040000000e+00 8.8310737780e-13 
3.2035000000e+00 8.8127493410e-13 
3.2030000000e+00 8.7947085550e-13 
3.2025000000e+00 8.7766537970e-13 
3.2020000000e+00 8.7585652340e-13 
3.2015000000e+00 8.7406005700e-13 
3.2010000000e+00 8.7229049780e-13 
3.2005000000e+00 8.7048236740e-13 
3.2000000000e+00 8.6870741220e-13 
3.1995000000e+00 8.6690224240e-13 
3.1990000000e+00 8.6512816130e-13 
3.1985000000e+00 8.6335310890e-13 
3.1980000000e+00 8.6160079240e-13 
3.1975000000e+00 8.5981158190e-13 
3.1970000000e+00 8.5803936450e-13 
3.1965000000e+00 8.5627077690e-13 
3.1960000000e+00 8.5452152000e-13 
3.1955000000e+00 8.5275265990e-13 
3.1950000000e+00 8.5099966090e-13 
3.1945000000e+00 8.4923370030e-13 
3.1940000000e+00 8.4747848540e-13 
3.1935000000e+00 8.4570832660e-13 
3.1930000000e+00 8.4400019190e-13 
3.1925000000e+00 8.4222239240e-13 
3.1920000000e+00 8.4049638430e-13 
3.1915000000e+00 8.3875679370e-13 
3.1910000000e+00 8.3703484690e-13 
3.1905000000e+00 8.3531018050e-13 
3.1900000000e+00 8.3358175090e-13 
3.1895000000e+00 8.3186480640e-13 
3.1890000000e+00 8.3014138550e-13 
3.1885000000e+00 8.2843352420e-13 
3.1880000000e+00 8.2674373000e-13 
3.1875000000e+00 8.2500516690e-13 
3.1870000000e+00 8.2331057190e-13 
3.1865000000e+00 8.2158506770e-13 
3.1860000000e+00 8.1991449890e-13 
3.1855000000e+00 8.1820571250e-13 
3.1850000000e+00 8.1650653960e-13 
3.1845000000e+00 8.1481687650e-13 
3.1840000000e+00 8.1312881590e-13 
3.1835000000e+00 8.1142405350e-13 
3.1830000000e+00 8.0971575690e-13 
3.1825000000e+00 8.0804893740e-13 
3.1820000000e+00 8.0637117070e-13 
3.1815000000e+00 8.0468381520e-13 
3.1810000000e+00 8.0301767950e-13 
3.1805000000e+00 8.0134080790e-13 
3.1800000000e+00 7.9968463550e-13 
3.1795000000e+00 7.9802462160e-13 
3.1790000000e+00 7.9636233340e-13 
3.1785000000e+00 7.9470236680e-13 
3.1780000000e+00 7.9302331390e-13 
3.1775000000e+00 7.9138397120e-13 
3.1770000000e+00 7.8973118330e-13 
3.1765000000e+00 7.8808051150e-13 
3.1760000000e+00 7.8641984230e-13 
3.1755000000e+00 7.8479826000e-13 
3.1750000000e+00 7.8315195710e-13 
3.1745000000e+00 7.8152448270e-13 
3.1740000000e+00 7.7988001730e-13 
3.1735000000e+00 7.7826545210e-13 
3.1730000000e+00 7.7664956230e-13 
3.1725000000e+00 7.7500749390e-13 
3.1720000000e+00 7.7341151520e-13 
3.1715000000e+00 7.7179176130e-13 
3.1710000000e+00 7.7018060730e-13 
3.1705000000e+00 7.6858056040e-13 
3.1700000000e+00 7.6696603530e-13 
3.1695000000e+00 7.6536428840e-13 
3.1690000000e+00 7.6375276450e-13 
3.1685000000e+00 7.6215172430e-13 
3.1680000000e+00 7.6054988980e-13 
3.1675000000e+00 7.5896052480e-13 
3.1670000000e+00 7.5737861740e-13 
3.1665000000e+00 7.5579163640e-13 
3.1660000000e+00 7.5420908590e-13 
3.1655000000e+00 7.5260673840e-13 
3.1650000000e+00 7.5103305150e-13 
3.1645000000e+00 7.4946108220e-13 
3.1640000000e+00 7.4788978700e-13 
3.1635000000e+00 7.4630757470e-13 
3.1630000000e+00 7.4475057980e-13 
3.1625000000e+00 7.4317421030e-13 
3.1620000000e+00 7.4161522720e-13 
3.1615000000e+00 7.4006705210e-13 
3.1610000000e+00 7.3854535070e-13 
3.1605000000e+00 7.3696971050e-13 
3.1600000000e+00 7.3538430730e-13 
3.1595000000e+00 7.3386005170e-13 
3.1590000000e+00 7.3233313620e-13 
3.1585000000e+00 7.3078027290e-13 
3.1580000000e+00 7.2923122590e-13 
3.1575000000e+00 7.2771085110e-13 
3.1570000000e+00 7.2616265090e-13 
3.1565000000e+00 7.2463581410e-13 
3.1560000000e+00 7.2311394540e-13 
3.1555000000e+00 7.2159715000e-13 
3.1550000000e+00 7.2007258350e-13 
3.1545000000e+00 7.1853648690e-13 
3.1540000000e+00 7.1704535920e-13 
3.1535000000e+00 7.1552505380e-13 
3.1530000000e+00 7.1402361060e-13 
3.1525000000e+00 7.1250322570e-13 
3.1520000000e+00 7.1101235650e-13 
3.1515000000e+00 7.0949513230e-13 
3.1510000000e+00 7.0799625110e-13 
3.1505000000e+00 7.0649963090e-13 
3.1500000000e+00 7.0498647450e-13 
3.1400000000e+00 6.7574815290e-13 
3.1300000000e+00 6.4745618370e-13 
3.1200000000e+00 6.2019935930e-13 
3.1100000000e+00 5.9396562130e-13 
3.1000000000e+00 5.6867771340e-13 
3.0900000000e+00 5.4426967990e-13 
3.0800000000e+00 5.2084145150e-13 
3.0700000000e+00 4.9827529470e-13 
3.0600000000e+00 4.7667044950e-13 
3.0500000000e+00 4.5638160710e-13 
3.0400000000e+00 4.3684267290e-13 
3.0300000000e+00 4.1802459480e-13 
3.0200000000e+00 3.9981708890e-13 
3.0100000000e+00 3.8224329790e-13 
3.0000000000e+00 3.6534013190e-13 
2.9500000000e+00 2.9185519630e-13 
2.9000000000e+00 2.3266744760e-13 
2.8500000000e+00 1.8402821750e-13 
2.8000000000e+00 1.4438600600e-13 
2.7500000000e+00 1.1385521690e-13 
2.7000000000e+00 9.0552295230e-14 
2.6500000000e+00 7.3086055970e-14 
2.6000000000e+00 5.9715121560e-14 
2.5500000000e+00 4.9425810240e-14 
2.5000000000e+00 4.1532749720e-14 
2.4500000000e+00 3.5275783690e-14 
2.4000000000e+00 3.0193065240e-14 
2.3500000000e+00 2.6042932770e-14 
2.3000000000e+00 2.2562697420e-14 
2.2500000000e+00 1.9621587850e-14 
2.2000000000e+00 1.7202807460e-14 
2.1500000000e+00 1.5174432880e-14 
2.1000000000e+00 1.3524437060e-14 
2.0500000000e+00 1.2188487180e-14 
2.0000000000e+00 1.1130533910e-14 
1.9500000000e+00 1.0271658860e-14 
1.9000000000e+00 9.4255272690e-15 
1.8500000000e+00 8.7110617100e-15 
1.8000000000e+00 8.0791861110e-15 
1.7500000000e+00 7.5020753370e-15 
1.7000000000e+00 6.9339953320e-15 
1.6500000000e+00 6.4185010740e-15 
1.6000000000e+00 5.9149504280e-15 
1.5500000000e+00 5.4393910090e-15 
1.5000000000e+00 4.9849055900e-15 
1.4500000000e+00 4.5762593600e-15 
1.4000000000e+00 4.1623381800e-15 
1.3500000000e+00 3.7838403160e-15 
1.3000000000e+00 3.4420211270e-15 
1.2500000000e+00 3.1003267580e-15 
1.2000000000e+00 2.8589714990e-15 
1.1500000000e+00 2.6333884510e-15 
1.1000000000e+00 2.4197079840e-15 
1.0500000000e+00 2.2543020830e-15 
1.0000000000e+00 2.0648850070e-15 
9.5000000000e-01 1.9056640760e-15 
9.0000000000e-01 1.7529863460e-15 
8.5000000000e-01 1.6397642420e-15 
8.0000000000e-01 1.5017900670e-15 
7.5000000000e-01 1.4015571320e-15 
7.0000000000e-01 1.3175312710e-15 
6.5000000000e-01 1.2346214480e-15 
6.0000000000e-01 1.1187640680e-15 
5.5000000000e-01 1.0424807030e-15 
5.0000000000e-01 9.2275056610e-16 
4.5000000000e-01 8.1665423820e-16 
4.0000000000e-01 6.9896009350e-16 
3.5000000000e-01 5.8885227890e-16 
3.0000000000e-01 4.8112007430e-16 
2.5000000000e-01 4.6377764490e-16 
2.0000000000e-01 3.5162982320e-16 
1.5000000000e-01 2.5380223500e-16 
1.0000000000e-01 1.9313305410e-16 
5.0000000000e-02 1.0397259390e-16 
0.0000000000e+00 -1.5332410970e-18 
