EXPORTED XY-GRAPH DATA
1495 2 2
Drain Voltage
Drain Current
0.0000000000e+00 6.7626334330e-18 
5.0000000000e-02 8.9580469150e-17 
1.0000000000e-01 1.6096126310e-16 
1.5000000000e-01 2.5427220170e-16 
2.0000000000e-01 3.4698585070e-16 
2.5000000000e-01 4.8800280060e-16 
3.0000000000e-01 5.4317272720e-16 
3.5000000000e-01 6.0359527300e-16 
4.0000000000e-01 7.1410453190e-16 
4.5000000000e-01 8.3691610660e-16 
5.0000000000e-01 9.5368101590e-16 
5.5000000000e-01 1.0493007000e-15 
6.0000000000e-01 1.1321937260e-15 
6.5000000000e-01 1.2446935430e-15 
7.0000000000e-01 1.3251914670e-15 
7.5000000000e-01 1.4417478940e-15 
8.0000000000e-01 1.5437707680e-15 
8.5000000000e-01 1.6748683130e-15 
9.0000000000e-01 1.8034936100e-15 
9.5000000000e-01 1.9787291780e-15 
1.0000000000e+00 2.1646220600e-15 
1.0500000000e+00 2.3347259400e-15 
1.1000000000e+00 2.5344531230e-15 
1.1500000000e+00 2.7497840020e-15 
1.2000000000e+00 2.9823804080e-15 
1.2500000000e+00 3.2596515630e-15 
1.3000000000e+00 3.6167390000e-15 
1.3500000000e+00 3.9788571890e-15 
1.4000000000e+00 4.3552363730e-15 
1.4500000000e+00 4.7868209180e-15 
1.5000000000e+00 5.2325495040e-15 
1.5500000000e+00 5.7062999200e-15 
1.6000000000e+00 6.2415366010e-15 
1.6500000000e+00 6.7429673330e-15 
1.7000000000e+00 7.2904917320e-15 
1.7500000000e+00 7.8686328770e-15 
1.8000000000e+00 8.4881410920e-15 
1.8500000000e+00 9.1274261590e-15 
1.9000000000e+00 9.8985891850e-15 
1.9500000000e+00 1.0761745140e-14 
2.0000000000e+00 1.1693962540e-14 
2.0500000000e+00 1.2819539350e-14 
2.1000000000e+00 1.4273884900e-14 
2.1500000000e+00 1.6018036400e-14 
2.2000000000e+00 1.8172685450e-14 
2.2500000000e+00 2.0769982820e-14 
2.3000000000e+00 2.3931946900e-14 
2.3500000000e+00 2.7664449340e-14 
2.4000000000e+00 3.2126567260e-14 
2.4500000000e+00 3.7625873610e-14 
2.5000000000e+00 4.4428936910e-14 
2.5500000000e+00 5.3098784980e-14 
2.6000000000e+00 6.4432309700e-14 
2.6500000000e+00 7.9060360900e-14 
2.7000000000e+00 9.8377295890e-14 
2.7500000000e+00 1.2391958150e-13 
2.8000000000e+00 1.5727805640e-13 
2.8500000000e+00 2.0046210490e-13 
2.9000000000e+00 2.5237058300e-13 
2.9500000000e+00 3.1588657060e-13 
3.0000000000e+00 3.9505919660e-13 
3.0500000000e+00 4.9191322450e-13 
3.1000000000e+00 6.1164105620e-13 
3.1500000000e+00 7.5606964980e-13 
3.2000000000e+00 9.2861657170e-13 
3.2500000000e+00 1.1357657250e-12 
3.3000000000e+00 1.3848908610e-12 
3.3500000000e+00 1.6852628980e-12 
3.4000000000e+00 2.0486903730e-12 
3.4500000000e+00 2.4893367410e-12 
3.5000000000e+00 3.0293610080e-12 
3.5500000000e+00 3.6963591950e-12 
3.6000000000e+00 4.5305291570e-12 
3.6100000000e+00 4.7225172000e-12 
3.6200000000e+00 4.9241540720e-12 
3.6300000000e+00 5.1362733140e-12 
3.6400000000e+00 5.3595677820e-12 
3.6500000000e+00 5.5948153750e-12 
3.6600000000e+00 5.8431335400e-12 
3.6700000000e+00 6.1057592790e-12 
3.6800000000e+00 6.3839549560e-12 
3.6900000000e+00 6.6793142410e-12 
3.7000000000e+00 6.9934382710e-12 
3.7005000000e+00 7.0097168290e-12 
3.7010000000e+00 7.0259922530e-12 
3.7015000000e+00 7.0423484470e-12 
3.7020000000e+00 7.0587128770e-12 
3.7025000000e+00 7.0751773880e-12 
3.7030000000e+00 7.0916948260e-12 
3.7035000000e+00 7.1082427860e-12 
3.7040000000e+00 7.1248534820e-12 
3.7045000000e+00 7.1415246640e-12 
3.7050000000e+00 7.1582399830e-12 
3.7055000000e+00 7.1749969230e-12 
3.7060000000e+00 7.1918429560e-12 
3.7065000000e+00 7.2087072600e-12 
3.7070000000e+00 7.2256574500e-12 
3.7075000000e+00 7.2426568090e-12 
3.7080000000e+00 7.2596859580e-12 
3.7085000000e+00 7.2768134490e-12 
3.7090000000e+00 7.2939855410e-12 
3.7095000000e+00 7.3112069770e-12 
3.7100000000e+00 7.3285064140e-12 
3.7105000000e+00 7.3458418080e-12 
3.7110000000e+00 7.3632180030e-12 
3.7115000000e+00 7.3806824520e-12 
3.7120000000e+00 7.3981737900e-12 
3.7125000000e+00 7.4157463600e-12 
3.7130000000e+00 7.4333872530e-12 
3.7135000000e+00 7.4511181240e-12 
3.7140000000e+00 7.4688321760e-12 
3.7145000000e+00 7.4866674030e-12 
3.7150000000e+00 7.5045326710e-12 
3.7155000000e+00 7.5224892150e-12 
3.7160000000e+00 7.5404488240e-12 
3.7165000000e+00 7.5585161740e-12 
3.7170000000e+00 7.5766324010e-12 
3.7175000000e+00 7.5948403550e-12 
3.7180000000e+00 7.6130912990e-12 
3.7185000000e+00 7.6314085540e-12 
3.7190000000e+00 7.6497851560e-12 
3.7195000000e+00 7.6681961750e-12 
3.7200000000e+00 7.6866941730e-12 
3.7205000000e+00 7.7052614260e-12 
3.7210000000e+00 7.7238977530e-12 
3.7215000000e+00 7.7425940980e-12 
3.7220000000e+00 7.7613453720e-12 
3.7225000000e+00 7.7802060110e-12 
3.7230000000e+00 7.7990943750e-12 
3.7235000000e+00 7.8180449540e-12 
3.7240000000e+00 7.8370974550e-12 
3.7245000000e+00 7.8562143090e-12 
3.7250000000e+00 7.8753557500e-12 
3.7255000000e+00 7.8945803860e-12 
3.7260000000e+00 7.9139079790e-12 
3.7265000000e+00 7.9332966720e-12 
3.7270000000e+00 7.9527445020e-12 
3.7275000000e+00 7.9722490850e-12 
3.7280000000e+00 7.9918230790e-12 
3.7285000000e+00 8.0114861330e-12 
3.7290000000e+00 8.0312243760e-12 
3.7295000000e+00 8.0510267550e-12 
3.7300000000e+00 8.0708998650e-12 
3.7305000000e+00 8.0908518650e-12 
3.7310000000e+00 8.1108545740e-12 
3.7315000000e+00 8.1310146310e-12 
3.7320000000e+00 8.1511486630e-12 
3.7325000000e+00 8.1714033060e-12 
3.7330000000e+00 8.1917170590e-12 
3.7335000000e+00 8.2120951540e-12 
3.7340000000e+00 8.2325817740e-12 
3.7345000000e+00 8.2531517580e-12 
3.7350000000e+00 8.2737383810e-12 
3.7355000000e+00 8.2944583000e-12 
3.7360000000e+00 8.3152442650e-12 
3.7365000000e+00 8.3361343980e-12 
3.7370000000e+00 8.3570716820e-12 
3.7375000000e+00 8.3780676050e-12 
3.7380000000e+00 8.3991986130e-12 
3.7385000000e+00 8.4203592300e-12 
3.7390000000e+00 8.4416358190e-12 
3.7395000000e+00 8.4629758480e-12 
3.7400000000e+00 8.4844010370e-12 
3.7405000000e+00 8.5059233900e-12 
3.7410000000e+00 8.5275133460e-12 
3.7415000000e+00 8.5491795680e-12 
3.7420000000e+00 8.5709433510e-12 
3.7425000000e+00 8.5928281840e-12 
3.7430000000e+00 8.6147674280e-12 
3.7435000000e+00 8.6367989800e-12 
3.7440000000e+00 8.6589179200e-12 
3.7445000000e+00 8.6811204750e-12 
3.7450000000e+00 8.7033614080e-12 
3.7455000000e+00 8.7257841950e-12 
3.7460000000e+00 8.7482318560e-12 
3.7465000000e+00 8.7707578400e-12 
3.7470000000e+00 8.7934299050e-12 
3.7475000000e+00 8.8161643780e-12 
3.7480000000e+00 8.8390466610e-12 
3.7485000000e+00 8.8619400280e-12 
3.7490000000e+00 8.8849584930e-12 
3.7495000000e+00 8.9080487690e-12 
3.7500000000e+00 8.9312685780e-12 
3.7505000000e+00 8.9545715220e-12 
3.7510000000e+00 8.9779728150e-12 
3.7515000000e+00 9.0014531060e-12 
3.7520000000e+00 9.0250761670e-12 
3.7525000000e+00 9.0487591460e-12 
3.7530000000e+00 9.0725390810e-12 
3.7535000000e+00 9.0964474690e-12 
3.7540000000e+00 9.1204110620e-12 
3.7545000000e+00 9.1444815130e-12 
3.7550000000e+00 9.1686945960e-12 
3.7555000000e+00 9.1929852040e-12 
3.7560000000e+00 9.2173844100e-12 
3.7565000000e+00 9.2419920850e-12 
3.7570000000e+00 9.2665844980e-12 
3.7575000000e+00 9.2913243740e-12 
3.7580000000e+00 9.3161678300e-12 
3.7585000000e+00 9.3410696950e-12 
3.7590000000e+00 9.3661043700e-12 
3.7595000000e+00 9.3912557110e-12 
3.7600000000e+00 9.4165136300e-12 
3.7605000000e+00 9.4418682460e-12 
3.7610000000e+00 9.4673642940e-12 
3.7615000000e+00 9.4929442650e-12 
3.7620000000e+00 9.5186840130e-12 
3.7625000000e+00 9.5444549060e-12 
3.7630000000e+00 9.5704487130e-12 
3.7635000000e+00 9.5964480310e-12 
3.7640000000e+00 9.6226499500e-12 
3.7645000000e+00 9.6488822020e-12 
3.7650000000e+00 9.6752831810e-12 
3.7655000000e+00 9.7017814390e-12 
3.7660000000e+00 9.7284102000e-12 
3.7665000000e+00 9.7551541680e-12 
3.7670000000e+00 9.7820207390e-12 
3.7675000000e+00 9.8090083250e-12 
3.7680000000e+00 9.8361060820e-12 
3.7685000000e+00 9.8633718700e-12 
3.7690000000e+00 9.8906790140e-12 
3.7695000000e+00 9.9182066110e-12 
3.7700000000e+00 9.9457985290e-12 
3.7705000000e+00 9.9735695320e-12 
3.7710000000e+00 1.0001464780e-11 
3.7715000000e+00 1.0029461180e-11 
3.7720000000e+00 1.0057642480e-11 
3.7725000000e+00 1.0085901910e-11 
3.7730000000e+00 1.0114342020e-11 
3.7735000000e+00 1.0142863970e-11 
3.7740000000e+00 1.0171596520e-11 
3.7745000000e+00 1.0200401760e-11 
3.7750000000e+00 1.0229416380e-11 
3.7755000000e+00 1.0258516580e-11 
3.7760000000e+00 1.0287791180e-11 
3.7765000000e+00 1.0317190960e-11 
3.7770000000e+00 1.0346762020e-11 
3.7775000000e+00 1.0376456580e-11 
3.7780000000e+00 1.0406279610e-11 
3.7785000000e+00 1.0436318760e-11 
3.7790000000e+00 1.0466436850e-11 
3.7795000000e+00 1.0496949530e-11 
3.7800000000e+00 1.0527635880e-11 
3.7805000000e+00 1.0558538940e-11 
3.7810000000e+00 1.0589555010e-11 
3.7815000000e+00 1.0620719800e-11 
3.7820000000e+00 1.0652070820e-11 
3.7825000000e+00 1.0683580820e-11 
3.7830000000e+00 1.0715274970e-11 
3.7835000000e+00 1.0747115560e-11 
3.7840000000e+00 1.0779122540e-11 
3.7845000000e+00 1.0811287120e-11 
3.7850000000e+00 1.0843657310e-11 
3.7855000000e+00 1.0876179330e-11 
3.7860000000e+00 1.0908875460e-11 
3.7865000000e+00 1.0941778060e-11 
3.7870000000e+00 1.0974813480e-11 
3.7875000000e+00 1.1008063220e-11 
3.7880000000e+00 1.1041469180e-11 
3.7885000000e+00 1.1075078090e-11 
3.7890000000e+00 1.1108856040e-11 
3.7895000000e+00 1.1142858640e-11 
3.7900000000e+00 1.1177042790e-11 
3.7905000000e+00 1.1211420610e-11 
3.7910000000e+00 1.1245949640e-11 
3.7915000000e+00 1.1280723340e-11 
3.7920000000e+00 1.1315688680e-11 
3.7925000000e+00 1.1350833210e-11 
3.7930000000e+00 1.1386186920e-11 
3.7935000000e+00 1.1421722090e-11 
3.7940000000e+00 1.1457512560e-11 
3.7945000000e+00 1.1493464180e-11 
3.7950000000e+00 1.1529663400e-11 
3.7955000000e+00 1.1566085840e-11 
3.7960000000e+00 1.1602721730e-11 
3.7965000000e+00 1.1639599930e-11 
3.7970000000e+00 1.1676711880e-11 
3.7975000000e+00 1.1714047030e-11 
3.7980000000e+00 1.1751606740e-11 
3.7985000000e+00 1.1789405330e-11 
3.7990000000e+00 1.1827420030e-11 
3.7995000000e+00 1.1865710330e-11 
3.8000000000e+00 1.1904208960e-11 
3.8005000000e+00 1.1942927680e-11 
3.8010000000e+00 1.1981896730e-11 
3.8015000000e+00 1.2021109690e-11 
3.8020000000e+00 1.2060609710e-11 
3.8025000000e+00 1.2100355470e-11 
3.8030000000e+00 1.2140345730e-11 
3.8035000000e+00 1.2180551880e-11 
3.8040000000e+00 1.2221064230e-11 
3.8045000000e+00 1.2261718140e-11 
3.8050000000e+00 1.2302728630e-11 
3.8055000000e+00 1.2344076390e-11 
3.8060000000e+00 1.2385633300e-11 
3.8065000000e+00 1.2427493270e-11 
3.8070000000e+00 1.2469641180e-11 
3.8075000000e+00 1.2512095610e-11 
3.8080000000e+00 1.2554798390e-11 
3.8085000000e+00 1.2597824650e-11 
3.8090000000e+00 1.2641118240e-11 
3.8095000000e+00 1.2684719370e-11 
3.8100000000e+00 1.2728665890e-11 
3.8105000000e+00 1.2772853760e-11 
3.8110000000e+00 1.2817374030e-11 
3.8115000000e+00 1.2862208200e-11 
3.8120000000e+00 1.2907376700e-11 
3.8125000000e+00 1.2952959310e-11 
3.8130000000e+00 1.2998869250e-11 
3.8135000000e+00 1.3045148420e-11 
3.8140000000e+00 1.3091696150e-11 
3.8145000000e+00 1.3138610900e-11 
3.8150000000e+00 1.3185884560e-11 
3.8155000000e+00 1.3233518250e-11 
3.8160000000e+00 1.3281506320e-11 
3.8165000000e+00 1.3329854160e-11 
3.8170000000e+00 1.3378601730e-11 
3.8175000000e+00 1.3427719680e-11 
3.8180000000e+00 1.3477196730e-11 
3.8185000000e+00 1.3527075250e-11 
3.8190000000e+00 1.3577366760e-11 
3.8195000000e+00 1.3628075460e-11 
3.8200000000e+00 1.3679155880e-11 
3.8300000000e+00 1.4799071860e-11 
3.8400000000e+00 1.6162546200e-11 
3.8500000000e+00 1.7910679650e-11 
3.8600000000e+00 2.0393867680e-11 
3.8612500000e+00 2.0797553420e-11 
3.8615625000e+00 2.0904005320e-11 
3.8740625000e+00 4.9069048730e-06 
3.8865625000e+00 5.1964341090e-06 
3.9115625000e+00 5.7962312760e-06 
3.9615625000e+00 7.0766402470e-06 
4.0115625000e+00 8.4648308040e-06 
4.0615625000e+00 9.9616065830e-06 
4.1115625000e+00 1.1568263460e-05 
4.1615625000e+00 1.3288480160e-05 
4.2115625000e+00 1.5124365030e-05 
4.2615625000e+00 1.7074922670e-05 
4.3115625000e+00 1.9145413620e-05 
4.3615625000e+00 2.1339062170e-05 
4.4115625000e+00 2.3659750480e-05 
4.4615625000e+00 2.6110764520e-05 
4.5115625000e+00 2.8698391610e-05 
4.5615625000e+00 3.1428829970e-05 
4.6115625000e+00 3.4310472940e-05 
4.6615625000e+00 3.7354604940e-05 
4.7115625000e+00 4.0558621800e-05 
4.7615625000e+00 4.3902672430e-05 
4.8115625000e+00 4.7418395810e-05 
4.8615625000e+00 5.1104480160e-05 
4.9115625000e+00 5.4959933030e-05 
4.9615625000e+00 5.8993474630e-05 
5.0115625000e+00 6.3211686730e-05 
5.0615625000e+00 6.7618250520e-05 
5.1115625000e+00 7.2214163440e-05 
5.1615625000e+00 7.7016856890e-05 
5.2115625000e+00 8.2036298080e-05 
5.2615625000e+00 8.7286368700e-05 
5.3115625000e+00 9.2769154290e-05 
5.3615625000e+00 9.8518811280e-05 
5.4115625000e+00 1.0441098710e-04 
5.4615625000e+00 1.1051709480e-04 
5.5115625000e+00 1.1685736390e-04 
5.5615625000e+00 1.2344725250e-04 
5.6115625000e+00 1.3028254510e-04 
5.6615625000e+00 1.3737565360e-04 
5.7115625000e+00 1.4474375660e-04 
5.7615625000e+00 1.5239742780e-04 
5.8115625000e+00 1.6035279790e-04 
5.8615625000e+00 1.6865906000e-04 
5.9115625000e+00 1.7718736180e-04 
5.9615625000e+00 1.8601660410e-04 
6.0115625000e+00 1.9513021550e-04 
6.0615625000e+00 2.0453395630e-04 
6.1115625000e+00 2.1411658170e-04 
6.1615625000e+00 2.2367200970e-04 
6.2115625000e+00 2.3345366370e-04 
6.2615625000e+00 2.4351436930e-04 
6.3115625000e+00 2.5379456940e-04 
6.3615625000e+00 2.6425967800e-04 
6.4115625000e+00 2.7495622830e-04 
6.4615625000e+00 2.8587880860e-04 
6.5115625000e+00 2.9702433370e-04 
6.5615625000e+00 3.0840246010e-04 
6.6115625000e+00 3.2001224480e-04 
6.6615625000e+00 3.3183282750e-04 
6.7115625000e+00 3.4396878410e-04 
6.7615625000e+00 3.5637737580e-04 
6.8115625000e+00 3.6905466150e-04 
6.8615625000e+00 3.8142723210e-04 
6.9115625000e+00 3.9395705840e-04 
6.9615625000e+00 4.0666876350e-04 
7.0000000000e+00 4.1657277720e-04 
6.9900000000e+00 4.1398151080e-04 
6.9800000000e+00 4.1140261030e-04 
6.9700000000e+00 4.0883136090e-04 
6.9600000000e+00 4.0626773910e-04 
6.9500000000e+00 4.0371165560e-04 
6.9400000000e+00 4.0116306800e-04 
6.9300000000e+00 3.9862192100e-04 
6.9200000000e+00 3.9608818400e-04 
6.9100000000e+00 3.9356184160e-04 
6.9000000000e+00 3.9104280630e-04 
6.8900000000e+00 3.8853086710e-04 
6.8800000000e+00 3.8602601210e-04 
6.8700000000e+00 3.8352823790e-04 
6.8600000000e+00 3.8103754390e-04 
6.8500000000e+00 3.7855393260e-04 
6.8400000000e+00 3.7607740780e-04 
6.8300000000e+00 3.7360797410e-04 
6.8200000000e+00 3.7114562990e-04 
6.8100000000e+00 3.6865791900e-04 
6.8000000000e+00 3.6610316550e-04 
6.7900000000e+00 3.6355624300e-04 
6.7800000000e+00 3.6102102570e-04 
6.7700000000e+00 3.5849732510e-04 
6.7600000000e+00 3.5598468250e-04 
6.7500000000e+00 3.5348256550e-04 
6.7400000000e+00 3.5099163340e-04 
6.7300000000e+00 3.4851174780e-04 
6.7200000000e+00 3.4604278660e-04 
6.7100000000e+00 3.4358464060e-04 
6.7000000000e+00 3.4113720390e-04 
6.6995000000e+00 3.4101492100e-04 
6.6990000000e+00 3.4089285500e-04 
6.6985000000e+00 3.4077081560e-04 
6.6980000000e+00 3.4064880250e-04 
6.6975000000e+00 3.4052681600e-04 
6.6970000000e+00 3.4040485590e-04 
6.6965000000e+00 3.4028292230e-04 
6.6960000000e+00 3.4016101510e-04 
6.6955000000e+00 3.4003913440e-04 
6.6950000000e+00 3.3991728000e-04 
6.6945000000e+00 3.3979545210e-04 
6.6940000000e+00 3.3967365050e-04 
6.6935000000e+00 3.3955187540e-04 
6.6930000000e+00 3.3943012650e-04 
6.6925000000e+00 3.3930840410e-04 
6.6920000000e+00 3.3918670800e-04 
6.6915000000e+00 3.3906503820e-04 
6.6910000000e+00 3.3894339480e-04 
6.6905000000e+00 3.3882177760e-04 
6.6900000000e+00 3.3870018680e-04 
6.6895000000e+00 3.3857862220e-04 
6.6890000000e+00 3.3845708390e-04 
6.6885000000e+00 3.3833557190e-04 
6.6880000000e+00 3.3821408610e-04 
6.6875000000e+00 3.3809262650e-04 
6.6870000000e+00 3.3797119320e-04 
6.6865000000e+00 3.3784978610e-04 
6.6860000000e+00 3.3772840520e-04 
6.6855000000e+00 3.3760705050e-04 
6.6850000000e+00 3.3748572200e-04 
6.6845000000e+00 3.3736441960e-04 
6.6840000000e+00 3.3724314350e-04 
6.6835000000e+00 3.3712189340e-04 
6.6830000000e+00 3.3700066950e-04 
6.6825000000e+00 3.3687947170e-04 
6.6820000000e+00 3.3675830010e-04 
6.6815000000e+00 3.3663715450e-04 
6.6810000000e+00 3.3651603500e-04 
6.6805000000e+00 3.3639494160e-04 
6.6800000000e+00 3.3627387430e-04 
6.6795000000e+00 3.3615283300e-04 
6.6790000000e+00 3.3603181780e-04 
6.6785000000e+00 3.3591082860e-04 
6.6780000000e+00 3.3578986550e-04 
6.6775000000e+00 3.3566892830e-04 
6.6770000000e+00 3.3554801720e-04 
6.6765000000e+00 3.3542713200e-04 
6.6760000000e+00 3.3530627290e-04 
6.6755000000e+00 3.3518543970e-04 
6.6750000000e+00 3.3506463250e-04 
6.6745000000e+00 3.3494385120e-04 
6.6740000000e+00 3.3482309580e-04 
6.6735000000e+00 3.3470236640e-04 
6.6730000000e+00 3.3458166290e-04 
6.6725000000e+00 3.3446098530e-04 
6.6720000000e+00 3.3434033360e-04 
6.6715000000e+00 3.3421970780e-04 
6.6710000000e+00 3.3409910780e-04 
6.6705000000e+00 3.3397853380e-04 
6.6700000000e+00 3.3385798550e-04 
6.6695000000e+00 3.3373746310e-04 
6.6690000000e+00 3.3361696660e-04 
6.6685000000e+00 3.3349649580e-04 
6.6680000000e+00 3.3337605090e-04 
6.6675000000e+00 3.3325575240e-04 
6.6670000000e+00 3.3313558860e-04 
6.6665000000e+00 3.3301549150e-04 
6.6660000000e+00 3.3289542100e-04 
6.6655000000e+00 3.3277537580e-04 
6.6650000000e+00 3.3265535590e-04 
6.6645000000e+00 3.3253541910e-04 
6.6640000000e+00 3.3241559780e-04 
6.6635000000e+00 3.3229580420e-04 
6.6630000000e+00 3.3217603560e-04 
6.6625000000e+00 3.3205629200e-04 
6.6620000000e+00 3.3193657350e-04 
6.6615000000e+00 3.3181687990e-04 
6.6610000000e+00 3.3169721130e-04 
6.6605000000e+00 3.3157758850e-04 
6.6600000000e+00 3.3145809870e-04 
6.6595000000e+00 3.3133863690e-04 
6.6590000000e+00 3.3121919990e-04 
6.6585000000e+00 3.3109978750e-04 
6.6580000000e+00 3.3098041140e-04 
6.6575000000e+00 3.3086114530e-04 
6.6570000000e+00 3.3074192010e-04 
6.6565000000e+00 3.3062274930e-04 
6.6560000000e+00 3.3050360380e-04 
6.6555000000e+00 3.3038448280e-04 
6.6550000000e+00 3.3026538620e-04 
6.6545000000e+00 3.3014631410e-04 
6.6540000000e+00 3.3002726640e-04 
6.6535000000e+00 3.2990824310e-04 
6.6530000000e+00 3.2978924420e-04 
6.6525000000e+00 3.2967026970e-04 
6.6520000000e+00 3.2955131950e-04 
6.6515000000e+00 3.2943239380e-04 
6.6510000000e+00 3.2931349240e-04 
6.6505000000e+00 3.2919461550e-04 
6.6500000000e+00 3.2907576280e-04 
6.6495000000e+00 3.2895693450e-04 
6.6490000000e+00 3.2883813060e-04 
6.6485000000e+00 3.2871935090e-04 
6.6480000000e+00 3.2860059560e-04 
6.6475000000e+00 3.2848186460e-04 
6.6470000000e+00 3.2836315790e-04 
6.6465000000e+00 3.2824447560e-04 
6.6460000000e+00 3.2812581740e-04 
6.6455000000e+00 3.2800718360e-04 
6.6450000000e+00 3.2788857410e-04 
6.6445000000e+00 3.2776998880e-04 
6.6440000000e+00 3.2765142780e-04 
6.6435000000e+00 3.2753289100e-04 
6.6430000000e+00 3.2741437840e-04 
6.6425000000e+00 3.2729589010e-04 
6.6420000000e+00 3.2717742600e-04 
6.6415000000e+00 3.2705898610e-04 
6.6410000000e+00 3.2694057050e-04 
6.6405000000e+00 3.2682217900e-04 
6.6400000000e+00 3.2670381170e-04 
6.6395000000e+00 3.2658546860e-04 
6.6390000000e+00 3.2646714970e-04 
6.6385000000e+00 3.2634885490e-04 
6.6380000000e+00 3.2623058440e-04 
6.6375000000e+00 3.2611233790e-04 
6.6370000000e+00 3.2599411560e-04 
6.6365000000e+00 3.2587591740e-04 
6.6360000000e+00 3.2575774340e-04 
6.6355000000e+00 3.2563959350e-04 
6.6350000000e+00 3.2552146770e-04 
6.6345000000e+00 3.2540336600e-04 
6.6340000000e+00 3.2528528840e-04 
6.6335000000e+00 3.2516723490e-04 
6.6330000000e+00 3.2504920540e-04 
6.6325000000e+00 3.2493120010e-04 
6.6320000000e+00 3.2481321880e-04 
6.6315000000e+00 3.2469526150e-04 
6.6310000000e+00 3.2457732830e-04 
6.6305000000e+00 3.2445941920e-04 
6.6300000000e+00 3.2434153410e-04 
6.6295000000e+00 3.2422367300e-04 
6.6290000000e+00 3.2410583590e-04 
6.6285000000e+00 3.2398802290e-04 
6.6280000000e+00 3.2387023380e-04 
6.6275000000e+00 3.2375246880e-04 
6.6270000000e+00 3.2363472770e-04 
6.6265000000e+00 3.2351701070e-04 
6.6260000000e+00 3.2339931760e-04 
6.6255000000e+00 3.2328164840e-04 
6.6250000000e+00 3.2316400330e-04 
6.6245000000e+00 3.2304638200e-04 
6.6240000000e+00 3.2292878480e-04 
6.6235000000e+00 3.2281121140e-04 
6.6230000000e+00 3.2269366200e-04 
6.6225000000e+00 3.2257613660e-04 
6.6220000000e+00 3.2245863500e-04 
6.6215000000e+00 3.2234115730e-04 
6.6210000000e+00 3.2222370360e-04 
6.6205000000e+00 3.2210627370e-04 
6.6200000000e+00 3.2198886780e-04 
6.6195000000e+00 3.2187148570e-04 
6.6190000000e+00 3.2175412750e-04 
6.6185000000e+00 3.2163679310e-04 
6.6180000000e+00 3.2151948260e-04 
6.6175000000e+00 3.2140219600e-04 
6.6170000000e+00 3.2128493320e-04 
6.6165000000e+00 3.2116769420e-04 
6.6160000000e+00 3.2105047910e-04 
6.6155000000e+00 3.2093328780e-04 
6.6150000000e+00 3.2081612030e-04 
6.6145000000e+00 3.2069897660e-04 
6.6140000000e+00 3.2058185680e-04 
6.6135000000e+00 3.2046476070e-04 
6.6130000000e+00 3.2034768840e-04 
6.6125000000e+00 3.2023063990e-04 
6.6120000000e+00 3.2011361520e-04 
6.6115000000e+00 3.1999661420e-04 
6.6110000000e+00 3.1987963700e-04 
6.6105000000e+00 3.1976268350e-04 
6.6100000000e+00 3.1964575380e-04 
6.6095000000e+00 3.1952884790e-04 
6.6090000000e+00 3.1941196560e-04 
6.6085000000e+00 3.1929510710e-04 
6.6080000000e+00 3.1917827240e-04 
6.6075000000e+00 3.1906146130e-04 
6.6070000000e+00 3.1894467390e-04 
6.6065000000e+00 3.1882791030e-04 
6.6060000000e+00 3.1871117030e-04 
6.6055000000e+00 3.1859445400e-04 
6.6050000000e+00 3.1847776140e-04 
6.6045000000e+00 3.1836109270e-04 
6.6040000000e+00 3.1824444760e-04 
6.6035000000e+00 3.1812782610e-04 
6.6030000000e+00 3.1801103240e-04 
6.6025000000e+00 3.1789409150e-04 
6.6020000000e+00 3.1777717480e-04 
6.6015000000e+00 3.1766028240e-04 
6.6010000000e+00 3.1754341430e-04 
6.6005000000e+00 3.1742657060e-04 
6.6000000000e+00 3.1730975110e-04 
6.5995000000e+00 3.1719295590e-04 
6.5990000000e+00 3.1707618510e-04 
6.5985000000e+00 3.1695943850e-04 
6.5980000000e+00 3.1684271610e-04 
6.5975000000e+00 3.1672601810e-04 
6.5970000000e+00 3.1660934420e-04 
6.5965000000e+00 3.1649269470e-04 
6.5960000000e+00 3.1637606940e-04 
6.5955000000e+00 3.1625946830e-04 
6.5950000000e+00 3.1614289140e-04 
6.5945000000e+00 3.1602633880e-04 
6.5940000000e+00 3.1590981040e-04 
6.5935000000e+00 3.1579330620e-04 
6.5930000000e+00 3.1567682620e-04 
6.5925000000e+00 3.1556037040e-04 
6.5920000000e+00 3.1544393870e-04 
6.5915000000e+00 3.1532753130e-04 
6.5910000000e+00 3.1521114800e-04 
6.5905000000e+00 3.1509478890e-04 
6.5900000000e+00 3.1497845400e-04 
6.5895000000e+00 3.1486214320e-04 
6.5890000000e+00 3.1474585660e-04 
6.5885000000e+00 3.1462959410e-04 
6.5880000000e+00 3.1451335570e-04 
6.5875000000e+00 3.1439714140e-04 
6.5870000000e+00 3.1428095130e-04 
6.5865000000e+00 3.1416478530e-04 
6.5860000000e+00 3.1404864340e-04 
6.5855000000e+00 3.1393252560e-04 
6.5850000000e+00 3.1381643190e-04 
6.5845000000e+00 3.1370036230e-04 
6.5840000000e+00 3.1358431680e-04 
6.5835000000e+00 3.1346829530e-04 
6.5830000000e+00 3.1335229790e-04 
6.5825000000e+00 3.1323632460e-04 
6.5820000000e+00 3.1312037530e-04 
6.5815000000e+00 3.1300445010e-04 
6.5810000000e+00 3.1288854890e-04 
6.5805000000e+00 3.1277267180e-04 
6.5800000000e+00 3.1265681860e-04 
6.5795000000e+00 3.1254098950e-04 
6.5790000000e+00 3.1242518450e-04 
6.5785000000e+00 3.1230940340e-04 
6.5780000000e+00 3.1219364630e-04 
6.5775000000e+00 3.1207791320e-04 
6.5770000000e+00 3.1196220420e-04 
6.5765000000e+00 3.1184651910e-04 
6.5760000000e+00 3.1173085790e-04 
6.5755000000e+00 3.1161522080e-04 
6.5750000000e+00 3.1149960750e-04 
6.5745000000e+00 3.1138401820e-04 
6.5740000000e+00 3.1126845290e-04 
6.5735000000e+00 3.1115291140e-04 
6.5730000000e+00 3.1103739390e-04 
6.5725000000e+00 3.1092190030e-04 
6.5720000000e+00 3.1080643060e-04 
6.5715000000e+00 3.1069098490e-04 
6.5710000000e+00 3.1057556300e-04 
6.5705000000e+00 3.1046016490e-04 
6.5700000000e+00 3.1034479080e-04 
6.5695000000e+00 3.1022944060e-04 
6.5690000000e+00 3.1011411420e-04 
6.5685000000e+00 3.0999881170e-04 
6.5680000000e+00 3.0988353300e-04 
6.5675000000e+00 3.0976827820e-04 
6.5670000000e+00 3.0965304730e-04 
6.5665000000e+00 3.0953784020e-04 
6.5660000000e+00 3.0942265690e-04 
6.5655000000e+00 3.0930749750e-04 
6.5650000000e+00 3.0919236180e-04 
6.5645000000e+00 3.0907725000e-04 
6.5640000000e+00 3.0896216210e-04 
6.5635000000e+00 3.0884709790e-04 
6.5630000000e+00 3.0873205750e-04 
6.5625000000e+00 3.0861704090e-04 
6.5620000000e+00 3.0850204810e-04 
6.5615000000e+00 3.0838707910e-04 
6.5610000000e+00 3.0827213380e-04 
6.5605000000e+00 3.0815721240e-04 
6.5600000000e+00 3.0804231470e-04 
6.5595000000e+00 3.0792744070e-04 
6.5590000000e+00 3.0781259050e-04 
6.5585000000e+00 3.0769776410e-04 
6.5580000000e+00 3.0758296140e-04 
6.5575000000e+00 3.0746818250e-04 
6.5570000000e+00 3.0735342740e-04 
6.5565000000e+00 3.0723869590e-04 
6.5560000000e+00 3.0712398820e-04 
6.5555000000e+00 3.0700930410e-04 
6.5550000000e+00 3.0689464370e-04 
6.5545000000e+00 3.0678000700e-04 
6.5540000000e+00 3.0666539390e-04 
6.5535000000e+00 3.0655080460e-04 
6.5530000000e+00 3.0643623900e-04 
6.5525000000e+00 3.0632169700e-04 
6.5520000000e+00 3.0620717870e-04 
6.5515000000e+00 3.0609268400e-04 
6.5510000000e+00 3.0597821290e-04 
6.5505000000e+00 3.0586376550e-04 
6.5500000000e+00 3.0574934170e-04 
6.5495000000e+00 3.0563494150e-04 
6.5490000000e+00 3.0552056490e-04 
6.5485000000e+00 3.0540621200e-04 
6.5480000000e+00 3.0529188260e-04 
6.5475000000e+00 3.0517757690e-04 
6.5470000000e+00 3.0506329470e-04 
6.5465000000e+00 3.0494903610e-04 
6.5460000000e+00 3.0483480110e-04 
6.5455000000e+00 3.0472058970e-04 
6.5450000000e+00 3.0460640180e-04 
6.5445000000e+00 3.0449223750e-04 
6.5440000000e+00 3.0437809680e-04 
6.5435000000e+00 3.0426397970e-04 
6.5430000000e+00 3.0414988610e-04 
6.5425000000e+00 3.0403581610e-04 
6.5420000000e+00 3.0392176960e-04 
6.5415000000e+00 3.0380774660e-04 
6.5410000000e+00 3.0369374720e-04 
6.5405000000e+00 3.0357977130e-04 
6.5400000000e+00 3.0346581890e-04 
6.5395000000e+00 3.0335189000e-04 
6.5390000000e+00 3.0323798460e-04 
6.5385000000e+00 3.0312410280e-04 
6.5380000000e+00 3.0301024440e-04 
6.5375000000e+00 3.0289640950e-04 
6.5370000000e+00 3.0278259810e-04 
6.5365000000e+00 3.0266881020e-04 
6.5360000000e+00 3.0255504580e-04 
6.5355000000e+00 3.0244130490e-04 
6.5350000000e+00 3.0232758740e-04 
6.5345000000e+00 3.0221389340e-04 
6.5340000000e+00 3.0210022280e-04 
6.5335000000e+00 3.0198657570e-04 
6.5330000000e+00 3.0187295210e-04 
6.5325000000e+00 3.0175935190e-04 
6.5320000000e+00 3.0164577510e-04 
6.5315000000e+00 3.0153222180e-04 
6.5310000000e+00 3.0141869190e-04 
6.5305000000e+00 3.0130518540e-04 
6.5300000000e+00 3.0119170240e-04 
6.5295000000e+00 3.0107824280e-04 
6.5290000000e+00 3.0096480650e-04 
6.5285000000e+00 3.0085139370e-04 
6.5280000000e+00 3.0073800430e-04 
6.5275000000e+00 3.0062463830e-04 
6.5270000000e+00 3.0051129570e-04 
6.5265000000e+00 3.0039797650e-04 
6.5260000000e+00 3.0028468060e-04 
6.5255000000e+00 3.0017140820e-04 
6.5250000000e+00 3.0005815910e-04 
6.5245000000e+00 2.9994493340e-04 
6.5240000000e+00 2.9983173100e-04 
6.5235000000e+00 2.9971855200e-04 
6.5230000000e+00 2.9960539640e-04 
6.5225000000e+00 2.9949226410e-04 
6.5220000000e+00 2.9937915520e-04 
6.5215000000e+00 2.9926606960e-04 
6.5210000000e+00 2.9915300740e-04 
6.5205000000e+00 2.9903996840e-04 
6.5200000000e+00 2.9892695290e-04 
6.5195000000e+00 2.9881396060e-04 
6.5190000000e+00 2.9870099170e-04 
6.5185000000e+00 2.9858804610e-04 
6.5180000000e+00 2.9847512370e-04 
6.5175000000e+00 2.9836222470e-04 
6.5170000000e+00 2.9824934910e-04 
6.5165000000e+00 2.9813649670e-04 
6.5160000000e+00 2.9802366760e-04 
6.5155000000e+00 2.9791086170e-04 
6.5150000000e+00 2.9779807920e-04 
6.5145000000e+00 2.9768532000e-04 
6.5140000000e+00 2.9757258400e-04 
6.5135000000e+00 2.9745987130e-04 
6.5130000000e+00 2.9734718190e-04 
6.5125000000e+00 2.9723451580e-04 
6.5120000000e+00 2.9712187290e-04 
6.5115000000e+00 2.9700925320e-04 
6.5110000000e+00 2.9689665680e-04 
6.5105000000e+00 2.9678408370e-04 
6.5100000000e+00 2.9667153380e-04 
6.5095000000e+00 2.9655900720e-04 
6.5090000000e+00 2.9644650380e-04 
6.5085000000e+00 2.9633402360e-04 
6.5080000000e+00 2.9622156660e-04 
6.5075000000e+00 2.9610913290e-04 
6.5070000000e+00 2.9599672240e-04 
6.5065000000e+00 2.9588433510e-04 
6.5060000000e+00 2.9577197100e-04 
6.5055000000e+00 2.9565963010e-04 
6.5050000000e+00 2.9554731240e-04 
6.5045000000e+00 2.9543501800e-04 
6.5040000000e+00 2.9532274670e-04 
6.5035000000e+00 2.9521049860e-04 
6.5030000000e+00 2.9509827370e-04 
6.5025000000e+00 2.9498607200e-04 
6.5020000000e+00 2.9487389340e-04 
6.5015000000e+00 2.9476173810e-04 
6.5010000000e+00 2.9464960590e-04 
6.5005000000e+00 2.9453749680e-04 
6.5000000000e+00 2.9442541100e-04 
6.4500000000e+00 2.8333393880e-04 
6.4000000000e+00 2.7246203930e-04 
6.3500000000e+00 2.6181901910e-04 
6.3000000000e+00 2.5140656260e-04 
6.2500000000e+00 2.4116205220e-04 
6.2000000000e+00 2.3116995150e-04 
6.1500000000e+00 2.2144402480e-04 
6.1000000000e+00 2.1192376730e-04 
6.0500000000e+00 2.0233074920e-04 
6.0000000000e+00 1.9299899400e-04 
5.9500000000e+00 1.8394348280e-04 
5.9000000000e+00 1.7519291450e-04 
5.8500000000e+00 1.6671497320e-04 
5.8000000000e+00 1.5848406010e-04 
5.7500000000e+00 1.5060106810e-04 
5.7000000000e+00 1.4301450000e-04 
5.6500000000e+00 1.3571103290e-04 
5.6000000000e+00 1.2867996420e-04 
5.5500000000e+00 1.2190042380e-04 
5.5000000000e+00 1.1536909850e-04 
5.4500000000e+00 1.0908528260e-04 
5.4000000000e+00 1.0303003240e-04 
5.3500000000e+00 9.7171661810e-05 
5.3000000000e+00 9.1477034200e-05 
5.2500000000e+00 8.6050731770e-05 
5.2000000000e+00 8.0855492260e-05 
5.1500000000e+00 7.5886989200e-05 
5.1000000000e+00 7.1133094920e-05 
5.0500000000e+00 6.6583599170e-05 
5.0000000000e+00 6.2219054200e-05 
4.9900000000e+00 6.1369130070e-05 
4.9800000000e+00 6.0526508350e-05 
4.9700000000e+00 5.9691579990e-05 
4.9600000000e+00 5.8864355540e-05 
4.9500000000e+00 5.8044121180e-05 
4.9400000000e+00 5.7231270300e-05 
4.9300000000e+00 5.6425755150e-05 
4.9200000000e+00 5.5627520940e-05 
4.9100000000e+00 5.4836505660e-05 
4.9000000000e+00 5.4052653810e-05 
4.8900000000e+00 5.3276005350e-05 
4.8800000000e+00 5.2506054410e-05 
4.8700000000e+00 5.1743161790e-05 
4.8600000000e+00 5.0986363180e-05 
4.8500000000e+00 5.0236138620e-05 
4.8400000000e+00 4.9492965480e-05 
4.8300000000e+00 4.8757154630e-05 
4.8200000000e+00 4.8028278020e-05 
4.8100000000e+00 4.7305737220e-05 
4.8000000000e+00 4.6590079260e-05 
4.7900000000e+00 4.5881253520e-05 
4.7800000000e+00 4.5179207220e-05 
4.7700000000e+00 4.4483890070e-05 
4.7600000000e+00 4.3795391560e-05 
4.7500000000e+00 4.3114052070e-05 
4.7400000000e+00 4.2439538160e-05 
4.7300000000e+00 4.1771628330e-05 
4.7200000000e+00 4.1110690650e-05 
4.7100000000e+00 4.0456727690e-05 
4.7000000000e+00 3.9805962360e-05 
4.6900000000e+00 3.9159203040e-05 
4.6800000000e+00 3.8519023160e-05 
4.6700000000e+00 3.7884935810e-05 
4.6600000000e+00 3.7256752150e-05 
4.6500000000e+00 3.6635375760e-05 
4.6400000000e+00 3.6020727120e-05 
4.6300000000e+00 3.5413165310e-05 
4.6200000000e+00 3.4812325090e-05 
4.6100000000e+00 3.4217907350e-05 
4.6000000000e+00 3.3629834520e-05 
4.5900000000e+00 3.3048176560e-05 
4.5800000000e+00 3.2473024410e-05 
4.5700000000e+00 3.1904015910e-05 
4.5600000000e+00 3.1341208620e-05 
4.5500000000e+00 3.0784362800e-05 
4.5400000000e+00 3.0233389110e-05 
4.5300000000e+00 2.9688258940e-05 
4.5200000000e+00 2.9148930490e-05 
4.5100000000e+00 2.8615344520e-05 
4.5000000000e+00 2.8087498660e-05 
4.4900000000e+00 2.7565292210e-05 
4.4800000000e+00 2.7048686750e-05 
4.4700000000e+00 2.6537639560e-05 
4.4600000000e+00 2.6032097560e-05 
4.4500000000e+00 2.5532002950e-05 
4.4400000000e+00 2.5037297370e-05 
4.4300000000e+00 2.4547961260e-05 
4.4200000000e+00 2.4063954020e-05 
4.4100000000e+00 2.3585235610e-05 
4.4000000000e+00 2.3111665810e-05 
4.3900000000e+00 2.2643137260e-05 
4.3800000000e+00 2.2179808950e-05 
4.3700000000e+00 2.1721638210e-05 
4.3600000000e+00 2.1268587420e-05 
4.3500000000e+00 2.0820621540e-05 
4.3400000000e+00 2.0377692560e-05 
4.3300000000e+00 1.9939777790e-05 
4.3200000000e+00 1.9506849700e-05 
4.3100000000e+00 1.9078877210e-05 
4.3000000000e+00 1.8655822260e-05 
4.2900000000e+00 1.8237644010e-05 
4.2800000000e+00 1.7824332540e-05 
4.2700000000e+00 1.7415859420e-05 
4.2600000000e+00 1.7012196680e-05 
4.2500000000e+00 1.6613396880e-05 
4.2400000000e+00 1.6219402950e-05 
4.2300000000e+00 1.5830164120e-05 
4.2200000000e+00 1.5445557850e-05 
4.2100000000e+00 1.5065291830e-05 
4.2000000000e+00 1.4689618250e-05 
4.1900000000e+00 1.4318600200e-05 
4.1800000000e+00 1.3952131010e-05 
4.1700000000e+00 1.3590243980e-05 
4.1600000000e+00 1.3233017010e-05 
4.1500000000e+00 1.2880436940e-05 
4.1400000000e+00 1.2532564060e-05 
4.1300000000e+00 1.2189285280e-05 
4.1200000000e+00 1.1850570950e-05 
4.1100000000e+00 1.1516393960e-05 
4.1000000000e+00 1.1186781550e-05 
4.0900000000e+00 1.0861710990e-05 
4.0800000000e+00 1.0541110100e-05 
4.0700000000e+00 1.0224956450e-05 
4.0600000000e+00 9.9131676200e-06 
4.0500000000e+00 9.6058306600e-06 
4.0400000000e+00 9.3027575780e-06 
4.0300000000e+00 9.0040760120e-06 
4.0200000000e+00 8.7097629110e-06 
4.0100000000e+00 8.4197997340e-06 
4.0000000000e+00 8.1341719850e-06 
3.9900000000e+00 7.8528659770e-06 
3.9800000000e+00 7.5759044920e-06 
3.9700000000e+00 7.3032968360e-06 
3.9600000000e+00 7.0349904360e-06 
3.9500000000e+00 6.7709781910e-06 
3.9400000000e+00 6.5112541410e-06 
3.9300000000e+00 6.2558139970e-06 
3.9200000000e+00 6.0047178490e-06 
3.9100000000e+00 5.7579451530e-06 
3.9000000000e+00 5.5154933070e-06 
3.8900000000e+00 5.2773093990e-06 
3.8800000000e+00 5.0435922380e-06 
3.8700000000e+00 4.8142274160e-06 
3.8600000000e+00 4.5891894520e-06 
3.8500000000e+00 4.3684757380e-06 
3.8400000000e+00 4.1522336580e-06 
3.8300000000e+00 3.9403606680e-06 
3.8200000000e+00 3.7328638940e-06 
3.8100000000e+00 3.5297840830e-06 
3.8000000000e+00 3.3309689560e-06 
3.7900000000e+00 3.1365520800e-06 
3.7800000000e+00 2.9466916070e-06 
3.7700000000e+00 2.7614406870e-06 
3.7600000000e+00 2.5808725460e-06 
3.7500000000e+00 2.4051308580e-06 
3.7400000000e+00 2.2341889170e-06 
3.7300000000e+00 2.0681338230e-06 
3.7200000000e+00 1.9071080720e-06 
3.7100000000e+00 1.7511268070e-06 
3.7000000000e+00 1.6003660310e-06 
3.6900000000e+00 1.4549678800e-06 
3.6800000000e+00 1.3150919800e-06 
3.6700000000e+00 1.1809177850e-06 
3.6600000000e+00 1.0526456690e-06 
3.6500000000e+00 9.3049823840e-07 
3.6400000000e+00 8.1471575290e-07 
3.6300000000e+00 7.0560209290e-07 
3.6200000000e+00 6.0338339610e-07 
3.6100000000e+00 5.0843018920e-07 
3.6000000000e+00 4.2102818060e-07 
3.5900000000e+00 3.4148497960e-07 
3.5800000000e+00 2.7006324130e-07 
3.5700000000e+00 2.0694957560e-07 
3.5600000000e+00 1.5220941320e-07 
3.5500000000e+00 1.0569733440e-07 
3.5400000000e+00 6.6899559230e-08 
3.5300000000e+00 3.4072165910e-08 
3.5250000000e+00 3.3449196460e-12 
3.5200000000e+00 3.2790689270e-12 
3.5100000000e+00 3.1515667830e-12 
3.5000000000e+00 3.0293316650e-12 
3.4900000000e+00 2.9121930230e-12 
3.4800000000e+00 2.7998329370e-12 
3.4700000000e+00 2.6920406380e-12 
3.4600000000e+00 2.5885763180e-12 
3.4500000000e+00 2.4893304300e-12 
3.4400000000e+00 2.3940562130e-12 
3.4300000000e+00 2.3024881760e-12 
3.4200000000e+00 2.2145497770e-12 
3.4100000000e+00 2.1299945980e-12 
3.4000000000e+00 2.0486783560e-12 
3.3900000000e+00 1.9702550880e-12 
3.3800000000e+00 1.8948697830e-12 
3.3700000000e+00 1.8223482400e-12 
3.3600000000e+00 1.7525294450e-12 
3.3500000000e+00 1.6852586950e-12 
3.3495000000e+00 1.6819871980e-12 
3.3490000000e+00 1.6786996960e-12 
3.3485000000e+00 1.6754154990e-12 
3.3480000000e+00 1.6721327350e-12 
3.3475000000e+00 1.6688644590e-12 
3.3470000000e+00 1.6655912490e-12 
3.3465000000e+00 1.6623486150e-12 
3.3460000000e+00 1.6590957250e-12 
3.3455000000e+00 1.6558232880e-12 
3.3450000000e+00 1.6526057640e-12 
3.3445000000e+00 1.6493753800e-12 
3.3440000000e+00 1.6461419550e-12 
3.3435000000e+00 1.6429209460e-12 
3.3430000000e+00 1.6396922000e-12 
3.3425000000e+00 1.6364915400e-12 
3.3420000000e+00 1.6332811630e-12 
3.3415000000e+00 1.6300869700e-12 
3.3410000000e+00 1.6268984160e-12 
3.3405000000e+00 1.6237205150e-12 
3.3400000000e+00 1.6205458550e-12 
3.3395000000e+00 1.6173679630e-12 
3.3390000000e+00 1.6141920580e-12 
3.3385000000e+00 1.6110280680e-12 
3.3380000000e+00 1.6078807990e-12 
3.3375000000e+00 1.6047288440e-12 
3.3370000000e+00 1.6015990440e-12 
3.3365000000e+00 1.5984381400e-12 
3.3360000000e+00 1.5953242510e-12 
3.3355000000e+00 1.5921940920e-12 
3.3350000000e+00 1.5890788900e-12 
3.3345000000e+00 1.5859625650e-12 
3.3340000000e+00 1.5828512800e-12 
3.3335000000e+00 1.5797576740e-12 
3.3330000000e+00 1.5766673360e-12 
3.3325000000e+00 1.5735858050e-12 
3.3320000000e+00 1.5704806020e-12 
3.3315000000e+00 1.5674124070e-12 
3.3310000000e+00 1.5643356870e-12 
3.3305000000e+00 1.5612768660e-12 
3.3300000000e+00 1.5582066010e-12 
3.3295000000e+00 1.5551613410e-12 
3.3290000000e+00 1.5521049030e-12 
3.3285000000e+00 1.5490764440e-12 
3.3280000000e+00 1.5460343570e-12 
3.3275000000e+00 1.5429812530e-12 
3.3270000000e+00 1.5399767650e-12 
3.3265000000e+00 1.5369525980e-12 
3.3260000000e+00 1.5339502120e-12 
3.3255000000e+00 1.5309401590e-12 
3.3250000000e+00 1.5279389410e-12 
3.3245000000e+00 1.5249308970e-12 
3.3240000000e+00 1.5219366000e-12 
3.3235000000e+00 1.5189590770e-12 
3.3230000000e+00 1.5160016770e-12 
3.3225000000e+00 1.5130062320e-12 
3.3220000000e+00 1.5100359250e-12 
3.3215000000e+00 1.5070844920e-12 
3.3210000000e+00 1.5040905300e-12 
3.3205000000e+00 1.5011409270e-12 
3.3200000000e+00 1.4982185600e-12 
3.3195000000e+00 1.4952596200e-12 
3.3190000000e+00 1.4923235330e-12 
3.3185000000e+00 1.4894225190e-12 
3.3180000000e+00 1.4864968440e-12 
3.3175000000e+00 1.4835602950e-12 
3.3170000000e+00 1.4806470240e-12 
3.3165000000e+00 1.4777664320e-12 
3.3160000000e+00 1.4748924110e-12 
3.3155000000e+00 1.4719410000e-12 
3.3150000000e+00 1.4690443090e-12 
3.3145000000e+00 1.4661806170e-12 
3.3140000000e+00 1.4632986490e-12 
3.3135000000e+00 1.4604107310e-12 
3.3130000000e+00 1.4575584280e-12 
3.3125000000e+00 1.4546881690e-12 
3.3120000000e+00 1.4518228250e-12 
3.3115000000e+00 1.4489868370e-12 
3.3110000000e+00 1.4461436530e-12 
3.3105000000e+00 1.4433231450e-12 
3.3100000000e+00 1.4404713220e-12 
3.3095000000e+00 1.4376377910e-12 
3.3090000000e+00 1.4348110670e-12 
3.3085000000e+00 1.4319880190e-12 
3.3080000000e+00 1.4292083320e-12 
3.3075000000e+00 1.4263770790e-12 
3.3070000000e+00 1.4235781220e-12 
3.3065000000e+00 1.4207644670e-12 
3.3060000000e+00 1.4179728770e-12 
3.3055000000e+00 1.4151939540e-12 
3.3050000000e+00 1.4124061880e-12 
3.3045000000e+00 1.4096302570e-12 
3.3040000000e+00 1.4068705490e-12 
3.3035000000e+00 1.4040872780e-12 
3.3030000000e+00 1.4013010190e-12 
3.3025000000e+00 1.3985796540e-12 
3.3020000000e+00 1.3958092490e-12 
3.3015000000e+00 1.3930816030e-12 
3.3010000000e+00 1.3903242410e-12 
3.3005000000e+00 1.3876014940e-12 
3.3000000000e+00 1.3848589560e-12 
3.2995000000e+00 1.3821449810e-12 
3.2990000000e+00 1.3794504840e-12 
3.2985000000e+00 1.3767212670e-12 
3.2980000000e+00 1.3740139340e-12 
3.2975000000e+00 1.3712958000e-12 
3.2970000000e+00 1.3685877520e-12 
3.2965000000e+00 1.3658887480e-12 
3.2960000000e+00 1.3632174840e-12 
3.2955000000e+00 1.3605392890e-12 
3.2950000000e+00 1.3578661750e-12 
3.2945000000e+00 1.3551812250e-12 
3.2940000000e+00 1.3524984360e-12 
3.2935000000e+00 1.3498526890e-12 
3.2930000000e+00 1.3471904120e-12 
3.2925000000e+00 1.3445293600e-12 
3.2920000000e+00 1.3418694320e-12 
3.2915000000e+00 1.3392477010e-12 
3.2910000000e+00 1.3365864720e-12 
3.2905000000e+00 1.3339578060e-12 
3.2900000000e+00 1.3313414430e-12 
3.2895000000e+00 1.3287440700e-12 
3.2890000000e+00 1.3261163950e-12 
3.2885000000e+00 1.3234868260e-12 
3.2880000000e+00 1.3208824130e-12 
3.2875000000e+00 1.3182809120e-12 
3.2870000000e+00 1.3156816930e-12 
3.2865000000e+00 1.3130688910e-12 
3.2860000000e+00 1.3104803120e-12 
3.2855000000e+00 1.3078825380e-12 
3.2850000000e+00 1.3053188080e-12 
3.2845000000e+00 1.3027542410e-12 
3.2840000000e+00 1.3001828880e-12 
3.2835000000e+00 1.2976544730e-12 
3.2830000000e+00 1.2950435960e-12 
3.2825000000e+00 1.2924845360e-12 
3.2820000000e+00 1.2899416810e-12 
3.2815000000e+00 1.2873923720e-12 
3.2810000000e+00 1.2848366100e-12 
3.2805000000e+00 1.2822874510e-12 
3.2800000000e+00 1.2797563840e-12 
3.2795000000e+00 1.2772224180e-12 
3.2790000000e+00 1.2747148970e-12 
3.2785000000e+00 1.2721699820e-12 
3.2780000000e+00 1.2696428780e-12 
3.2775000000e+00 1.2671529960e-12 
3.2770000000e+00 1.2646257740e-12 
3.2765000000e+00 1.2621027770e-12 
3.2760000000e+00 1.2595800380e-12 
3.2755000000e+00 1.2570986020e-12 
3.2750000000e+00 1.2546251540e-12 
3.2745000000e+00 1.2520971420e-12 
3.2740000000e+00 1.2496088700e-12 
3.2735000000e+00 1.2471448840e-12 
3.2730000000e+00 1.2446641420e-12 
3.2725000000e+00 1.2422190710e-12 
3.2720000000e+00 1.2397502520e-12 
3.2715000000e+00 1.2372928780e-12 
3.2710000000e+00 1.2348257520e-12 
3.2705000000e+00 1.2323674640e-12 
3.2700000000e+00 1.2299198950e-12 
3.2695000000e+00 1.2274666510e-12 
3.2690000000e+00 1.2250154620e-12 
3.2685000000e+00 1.2226067440e-12 
3.2680000000e+00 1.2201641590e-12 
3.2675000000e+00 1.2177520370e-12 
3.2670000000e+00 1.2152978010e-12 
3.2665000000e+00 1.2129134040e-12 
3.2660000000e+00 1.2105199640e-12 
3.2655000000e+00 1.2080967580e-12 
3.2650000000e+00 1.2056754160e-12 
3.2645000000e+00 1.2032744240e-12 
3.2640000000e+00 1.2008966330e-12 
3.2635000000e+00 1.1985122270e-12 
3.2630000000e+00 1.1961356690e-12 
3.2625000000e+00 1.1937368820e-12 
3.2620000000e+00 1.1913505390e-12 
3.2615000000e+00 1.1890223850e-12 
3.2610000000e+00 1.1866525810e-12 
3.2605000000e+00 1.1843017000e-12 
3.2600000000e+00 1.1819455150e-12 
3.2595000000e+00 1.1795649170e-12 
3.2590000000e+00 1.1772328000e-12 
3.2585000000e+00 1.1748876550e-12 
3.2580000000e+00 1.1725482810e-12 
3.2575000000e+00 1.1702259580e-12 
3.2570000000e+00 1.1679053350e-12 
3.2565000000e+00 1.1655636480e-12 
3.2560000000e+00 1.1632755680e-12 
3.2555000000e+00 1.1609337380e-12 
3.2550000000e+00 1.1586458300e-12 
3.2545000000e+00 1.1562996840e-12 
3.2540000000e+00 1.1540350330e-12 
3.2535000000e+00 1.1517340780e-12 
3.2530000000e+00 1.1494160360e-12 
3.2525000000e+00 1.1471532790e-12 
3.2520000000e+00 1.1448429430e-12 
3.2515000000e+00 1.1425876870e-12 
3.2510000000e+00 1.1402719040e-12 
3.2505000000e+00 1.1380437860e-12 
3.2500000000e+00 1.1357644390e-12 
3.2495000000e+00 1.1335054000e-12 
3.2490000000e+00 1.1312054720e-12 
3.2485000000e+00 1.1289618850e-12 
3.2480000000e+00 1.1266953740e-12 
3.2475000000e+00 1.1244762240e-12 
3.2470000000e+00 1.1222156690e-12 
3.2465000000e+00 1.1199943310e-12 
3.2460000000e+00 1.1177377520e-12 
3.2455000000e+00 1.1155178870e-12 
3.2450000000e+00 1.1132666460e-12 
3.2445000000e+00 1.1110493020e-12 
3.2440000000e+00 1.1088714950e-12 
3.2435000000e+00 1.1066417260e-12 
3.2430000000e+00 1.1044084880e-12 
3.2425000000e+00 1.1022029890e-12 
3.2420000000e+00 1.1000055980e-12 
3.2415000000e+00 1.0977882240e-12 
3.2410000000e+00 1.0956097670e-12 
3.2405000000e+00 1.0933962900e-12 
3.2400000000e+00 1.0912466920e-12 
3.2395000000e+00 1.0890278240e-12 
3.2390000000e+00 1.0868947680e-12 
3.2385000000e+00 1.0846884740e-12 
3.2380000000e+00 1.0825125420e-12 
3.2375000000e+00 1.0803522460e-12 
3.2370000000e+00 1.0781747980e-12 
3.2365000000e+00 1.0760072450e-12 
3.2360000000e+00 1.0738553320e-12 
3.2355000000e+00 1.0717250150e-12 
3.2350000000e+00 1.0695772350e-12 
3.2345000000e+00 1.0674332980e-12 
3.2340000000e+00 1.0653157640e-12 
3.2335000000e+00 1.0631480830e-12 
3.2330000000e+00 1.0610377180e-12 
3.2325000000e+00 1.0589291130e-12 
3.2320000000e+00 1.0567813300e-12 
3.2315000000e+00 1.0546910760e-12 
3.2310000000e+00 1.0525469220e-12 
3.2305000000e+00 1.0504264620e-12 
3.2300000000e+00 1.0483122580e-12 
3.2295000000e+00 1.0461954330e-12 
3.2290000000e+00 1.0440906110e-12 
3.2285000000e+00 1.0420131420e-12 
3.2280000000e+00 1.0399255380e-12 
3.2275000000e+00 1.0378477450e-12 
3.2270000000e+00 1.0357639960e-12 
3.2265000000e+00 1.0336537190e-12 
3.2260000000e+00 1.0315856300e-12 
3.2255000000e+00 1.0295133640e-12 
3.2250000000e+00 1.0274413080e-12 
3.2245000000e+00 1.0253628830e-12 
3.2240000000e+00 1.0232982460e-12 
3.2235000000e+00 1.0212549180e-12 
3.2230000000e+00 1.0191819350e-12 
3.2225000000e+00 1.0171378870e-12 
3.2220000000e+00 1.0150835070e-12 
3.2215000000e+00 1.0130572290e-12 
3.2210000000e+00 1.0110169650e-12 
3.2205000000e+00 1.0089848580e-12 
3.2200000000e+00 1.0069519280e-12 
3.2195000000e+00 1.0049319590e-12 
3.2190000000e+00 1.0029063660e-12 
3.2185000000e+00 1.0009003140e-12 
3.2180000000e+00 9.9884237530e-13 
3.2175000000e+00 9.9684690450e-13 
3.2170000000e+00 9.9482116660e-13 
3.2165000000e+00 9.9283649000e-13 
3.2160000000e+00 9.9082697880e-13 
3.2155000000e+00 9.8882782800e-13 
3.2150000000e+00 9.8683068390e-13 
3.2145000000e+00 9.8482165810e-13 
3.2140000000e+00 9.8285777200e-13 
3.2135000000e+00 9.8087302510e-13 
3.2130000000e+00 9.7888642510e-13 
3.2125000000e+00 9.7691029640e-13 
3.2120000000e+00 9.7493628520e-13 
3.2115000000e+00 9.7295541140e-13 
3.2110000000e+00 9.7100088580e-13 
3.2105000000e+00 9.6904534790e-13 
3.2100000000e+00 9.6708451710e-13 
3.2095000000e+00 9.6514721780e-13 
3.2090000000e+00 9.6316995610e-13 
3.2085000000e+00 9.6121434820e-13 
3.2080000000e+00 9.5926942990e-13 
3.2075000000e+00 9.5733917040e-13 
3.2070000000e+00 9.5538670620e-13 
3.2065000000e+00 9.5345245380e-13 
3.2060000000e+00 9.5153296790e-13 
3.2055000000e+00 9.4959065370e-13 
3.2050000000e+00 9.4767167160e-13 
3.2045000000e+00 9.4574323070e-13 
3.2040000000e+00 9.4385128240e-13 
3.2035000000e+00 9.4192606680e-13 
3.2030000000e+00 9.4001625040e-13 
3.2025000000e+00 9.3808810250e-13 
3.2020000000e+00 9.3622767680e-13 
3.2015000000e+00 9.3430485100e-13 
3.2010000000e+00 9.3241131820e-13 
3.2005000000e+00 9.3051491400e-13 
3.2000000000e+00 9.2863965900e-13 
3.1995000000e+00 9.2675694090e-13 
3.1990000000e+00 9.2486143330e-13 
3.1985000000e+00 9.2298122980e-13 
3.1980000000e+00 9.2109074520e-13 
3.1975000000e+00 9.1923050040e-13 
3.1970000000e+00 9.1737950560e-13 
3.1965000000e+00 9.1550925150e-13 
3.1960000000e+00 9.1362840710e-13 
3.1955000000e+00 9.1179409810e-13 
3.1950000000e+00 9.0993677320e-13 
3.1945000000e+00 9.0809987760e-13 
3.1940000000e+00 9.0624633840e-13 
3.1935000000e+00 9.0437271060e-13 
3.1930000000e+00 9.0255241110e-13 
3.1925000000e+00 9.0071129390e-13 
3.1920000000e+00 8.9888998430e-13 
3.1915000000e+00 8.9704378590e-13 
3.1910000000e+00 8.9523170430e-13 
3.1905000000e+00 8.9338178620e-13 
3.1900000000e+00 8.9157611690e-13 
3.1895000000e+00 8.8976081000e-13 
3.1890000000e+00 8.8795842380e-13 
3.1885000000e+00 8.8615715860e-13 
3.1880000000e+00 8.8433205590e-13 
3.1875000000e+00 8.8254337420e-13 
3.1870000000e+00 8.8073889820e-13 
3.1865000000e+00 8.7894035090e-13 
3.1860000000e+00 8.7714157170e-13 
3.1855000000e+00 8.7535237830e-13 
3.1850000000e+00 8.7355376470e-13 
3.1845000000e+00 8.7175920390e-13 
3.1840000000e+00 8.6998279520e-13 
3.1835000000e+00 8.6821785590e-13 
3.1830000000e+00 8.6644767760e-13 
3.1825000000e+00 8.6466683080e-13 
3.1820000000e+00 8.6291040590e-13 
3.1815000000e+00 8.6113318450e-13 
3.1810000000e+00 8.5937130110e-13 
3.1805000000e+00 8.5763060500e-13 
3.1800000000e+00 8.5585700090e-13 
3.1795000000e+00 8.5412651690e-13 
3.1790000000e+00 8.5236824410e-13 
3.1785000000e+00 8.5064734930e-13 
3.1780000000e+00 8.4889428130e-13 
3.1775000000e+00 8.4715415610e-13 
3.1770000000e+00 8.4542091740e-13 
3.1765000000e+00 8.4366971120e-13 
3.1760000000e+00 8.4196925510e-13 
3.1755000000e+00 8.4022462070e-13 
3.1750000000e+00 8.3852718760e-13 
3.1745000000e+00 8.3679205290e-13 
3.1740000000e+00 8.3507404460e-13 
3.1735000000e+00 8.3337567020e-13 
3.1730000000e+00 8.3165682820e-13 
3.1725000000e+00 8.2995062490e-13 
3.1720000000e+00 8.2824758640e-13 
3.1715000000e+00 8.2655610870e-13 
3.1710000000e+00 8.2484960840e-13 
3.1705000000e+00 8.2314636220e-13 
3.1700000000e+00 8.2145378560e-13 
3.1695000000e+00 8.1976112290e-13 
3.1690000000e+00 8.1806628630e-13 
3.1685000000e+00 8.1638515030e-13 
3.1680000000e+00 8.1470257300e-13 
3.1675000000e+00 8.1300174160e-13 
3.1670000000e+00 8.1134019940e-13 
3.1665000000e+00 8.0964296450e-13 
3.1660000000e+00 8.0798857120e-13 
3.1655000000e+00 8.0631801560e-13 
3.1650000000e+00 8.0466294190e-13 
3.1645000000e+00 8.0301656260e-13 
3.1640000000e+00 8.0132248500e-13 
3.1635000000e+00 7.9967532590e-13 
3.1630000000e+00 7.9803519270e-13 
3.1625000000e+00 7.9635394290e-13 
3.1620000000e+00 7.9472024070e-13 
3.1615000000e+00 7.9308093050e-13 
3.1610000000e+00 7.9144572540e-13 
3.1605000000e+00 7.8981901240e-13 
3.1600000000e+00 7.8816288330e-13 
3.1595000000e+00 7.8656454010e-13 
3.1590000000e+00 7.8490931660e-13 
3.1585000000e+00 7.8327992420e-13 
3.1580000000e+00 7.8167114210e-13 
3.1575000000e+00 7.8003242560e-13 
3.1570000000e+00 7.7844136920e-13 
3.1565000000e+00 7.7682038000e-13 
3.1560000000e+00 7.7521091860e-13 
3.1555000000e+00 7.7359773870e-13 
3.1550000000e+00 7.7202203000e-13 
3.1545000000e+00 7.7039180750e-13 
3.1540000000e+00 7.6878293990e-13 
3.1535000000e+00 7.6717318370e-13 
3.1530000000e+00 7.6560326840e-13 
3.1525000000e+00 7.6395821430e-13 
3.1520000000e+00 7.6238997180e-13 
3.1515000000e+00 7.6079557100e-13 
3.1510000000e+00 7.5925051740e-13 
3.1505000000e+00 7.5766625270e-13 
3.1500000000e+00 7.5603651190e-13 
3.1400000000e+00 7.2504614370e-13 
3.1300000000e+00 6.9517209650e-13 
3.1200000000e+00 6.6633615000e-13 
3.1100000000e+00 6.3849875550e-13 
3.1000000000e+00 6.1162975680e-13 
3.0900000000e+00 5.8574961080e-13 
3.0800000000e+00 5.6087205410e-13 
3.0700000000e+00 5.3686808900e-13 
3.0600000000e+00 5.1379883860e-13 
3.0500000000e+00 4.9193128240e-13 
3.0400000000e+00 4.7109897570e-13 
3.0300000000e+00 4.5108145880e-13 
3.0200000000e+00 4.3171555790e-13 
3.0100000000e+00 4.1310175650e-13 
3.0000000000e+00 3.9507064910e-13 
2.9500000000e+00 3.1591574280e-13 
2.9000000000e+00 2.5233363790e-13 
2.8500000000e+00 2.0045836160e-13 
2.8000000000e+00 1.5726407220e-13 
2.7500000000e+00 1.2393065810e-13 
2.7000000000e+00 9.8363933070e-14 
2.6500000000e+00 7.9064750210e-14 
2.6000000000e+00 6.4450587740e-14 
2.5500000000e+00 5.3098159660e-14 
2.5000000000e+00 4.4424133670e-14 
2.4500000000e+00 3.7633497620e-14 
2.4000000000e+00 3.2133042360e-14 
2.3500000000e+00 2.7667478080e-14 
2.3000000000e+00 2.3929649520e-14 
2.2500000000e+00 2.0749409660e-14 
2.2000000000e+00 1.8173103220e-14 
2.1500000000e+00 1.6018036440e-14 
2.1000000000e+00 1.4265634730e-14 
2.0500000000e+00 1.2812646790e-14 
2.0000000000e+00 1.1690829540e-14 
1.9500000000e+00 1.0758298850e-14 
1.9000000000e+00 9.8948295710e-15 
1.8500000000e+00 9.1293059300e-15 
1.8000000000e+00 8.4808307720e-15 
1.7500000000e+00 7.8838800570e-15 
1.7000000000e+00 7.2705450380e-15 
1.6500000000e+00 6.7431762280e-15 
1.6000000000e+00 6.2142796310e-15 
1.5500000000e+00 5.6979452020e-15 
1.5000000000e+00 5.2315051450e-15 
1.4500000000e+00 4.8059321540e-15 
1.4000000000e+00 4.3636953360e-15 
1.3500000000e+00 3.9681006940e-15 
1.3000000000e+00 3.6211249710e-15 
1.2500000000e+00 3.2694689040e-15 
1.2000000000e+00 3.0075486220e-15 
1.1500000000e+00 2.7629427060e-15 
1.1000000000e+00 2.5334086940e-15 
1.0500000000e+00 2.3328465590e-15 
1.0000000000e+00 2.1477030380e-15 
9.5000000000e-01 1.9785190880e-15 
9.0000000000e-01 1.7860525270e-15 
8.5000000000e-01 1.6707919690e-15 
8.0000000000e-01 1.5479488930e-15 
7.5000000000e-01 1.4352832630e-15 
7.0000000000e-01 1.3351142090e-15 
6.5000000000e-01 1.2427284950e-15 
6.0000000000e-01 1.1522586820e-15 
5.5000000000e-01 1.0574603230e-15 
5.0000000000e-01 9.4438568630e-16 
4.5000000000e-01 8.4230907850e-16 
4.0000000000e-01 7.0689051410e-16 
3.5000000000e-01 6.0382045600e-16 
3.0000000000e-01 5.3571884050e-16 
2.5000000000e-01 4.8298350210e-16 
2.0000000000e-01 3.4350367160e-16 
1.5000000000e-01 2.5380225440e-16 
1.0000000000e-01 1.8558780840e-16 
5.0000000000e-02 9.8959834510e-17 
1.0711414300e-14 2.2981338430e-18 
