EXPORTED XY-GRAPH DATA
1492 2 2
Drain Voltage
Drain Current
0.0000000000e+00 6.2068179100e-19 
5.0000000000e-02 8.1858982270e-17 
1.0000000000e-01 1.8588807070e-16 
1.5000000000e-01 2.6060998260e-16 
2.0000000000e-01 3.6583598080e-16 
2.5000000000e-01 5.0919940670e-16 
3.0000000000e-01 5.5200058190e-16 
3.5000000000e-01 6.1923247170e-16 
4.0000000000e-01 7.3479206110e-16 
4.5000000000e-01 8.6317793660e-16 
5.0000000000e-01 9.5529432830e-16 
5.5000000000e-01 1.0725856800e-15 
6.0000000000e-01 1.1648614190e-15 
6.5000000000e-01 1.3083761660e-15 
7.0000000000e-01 1.3761498540e-15 
7.5000000000e-01 1.4751572280e-15 
8.0000000000e-01 1.5837233680e-15 
8.5000000000e-01 1.7092163530e-15 
9.0000000000e-01 1.8543692220e-15 
9.5000000000e-01 2.0211013400e-15 
1.0000000000e+00 2.2336387670e-15 
1.0500000000e+00 2.4205863760e-15 
1.1000000000e+00 2.6644048480e-15 
1.1500000000e+00 2.8834229620e-15 
1.2000000000e+00 3.1240088120e-15 
1.2500000000e+00 3.4489594710e-15 
1.3000000000e+00 3.8051032690e-15 
1.3500000000e+00 4.1670742660e-15 
1.4000000000e+00 4.5598698640e-15 
1.4500000000e+00 5.0326066340e-15 
1.5000000000e+00 5.4826036540e-15 
1.5500000000e+00 5.9745201410e-15 
1.6000000000e+00 6.5134702690e-15 
1.6500000000e+00 7.0758526300e-15 
1.7000000000e+00 7.6340500670e-15 
1.7500000000e+00 8.2346721580e-15 
1.8000000000e+00 8.8976264380e-15 
1.8500000000e+00 9.6019051730e-15 
1.9000000000e+00 1.0385564180e-14 
1.9500000000e+00 1.1273345210e-14 
2.0000000000e+00 1.2283519410e-14 
2.0500000000e+00 1.3477722270e-14 
2.1000000000e+00 1.5030535110e-14 
2.1500000000e+00 1.6897883580e-14 
2.2000000000e+00 1.9209576640e-14 
2.2500000000e+00 2.1991079870e-14 
2.3000000000e+00 2.5351657010e-14 
2.3500000000e+00 2.9357589070e-14 
2.4000000000e+00 3.4191903190e-14 
2.4500000000e+00 4.0114531480e-14 
2.5000000000e+00 4.7501449320e-14 
2.5500000000e+00 5.7091594310e-14 
2.6000000000e+00 6.9464514080e-14 
2.6500000000e+00 8.5519996440e-14 
2.7000000000e+00 1.0684807710e-13 
2.7500000000e+00 1.3481264590e-13 
2.8000000000e+00 1.7135833640e-13 
2.8500000000e+00 2.1758849020e-13 
2.9000000000e+00 2.7340820100e-13 
2.9500000000e+00 3.4165732630e-13 
3.0000000000e+00 4.2658102230e-13 
3.0500000000e+00 5.2947950220e-13 
3.1000000000e+00 6.5699511570e-13 
3.1500000000e+00 8.0941091200e-13 
3.2000000000e+00 9.9148433900e-13 
3.2500000000e+00 1.2098316120e-12 
3.3000000000e+00 1.4719785990e-12 
3.3500000000e+00 1.7876511750e-12 
3.4000000000e+00 2.1676765470e-12 
3.4500000000e+00 2.6282473840e-12 
3.5000000000e+00 3.1909259090e-12 
3.5500000000e+00 3.8828883720e-12 
3.6000000000e+00 4.7457420080e-12 
3.6100000000e+00 4.9438239360e-12 
3.6200000000e+00 5.1517094890e-12 
3.6300000000e+00 5.3699312440e-12 
3.6400000000e+00 5.5994182300e-12 
3.6500000000e+00 5.8412103550e-12 
3.6600000000e+00 6.0962027630e-12 
3.6700000000e+00 6.3656322110e-12 
3.6800000000e+00 6.6507717410e-12 
3.6900000000e+00 6.9531647370e-12 
3.7000000000e+00 7.2743839890e-12 
3.7005000000e+00 7.2909545830e-12 
3.7010000000e+00 7.3076013420e-12 
3.7015000000e+00 7.3243030650e-12 
3.7020000000e+00 7.3410518640e-12 
3.7025000000e+00 7.3578453290e-12 
3.7030000000e+00 7.3747305210e-12 
3.7035000000e+00 7.3916529120e-12 
3.7040000000e+00 7.4085926080e-12 
3.7045000000e+00 7.4256107500e-12 
3.7050000000e+00 7.4426913040e-12 
3.7055000000e+00 7.4598256520e-12 
3.7060000000e+00 7.4770014120e-12 
3.7065000000e+00 7.4942455770e-12 
3.7070000000e+00 7.5115085880e-12 
3.7075000000e+00 7.5288695470e-12 
3.7080000000e+00 7.5462795210e-12 
3.7085000000e+00 7.5637413760e-12 
3.7090000000e+00 7.5812506650e-12 
3.7095000000e+00 7.5988312440e-12 
3.7100000000e+00 7.6164695810e-12 
3.7105000000e+00 7.6341284380e-12 
3.7110000000e+00 7.6518822120e-12 
3.7115000000e+00 7.6697030640e-12 
3.7120000000e+00 7.6876018960e-12 
3.7125000000e+00 7.7054907140e-12 
3.7130000000e+00 7.7234803610e-12 
3.7135000000e+00 7.7415472760e-12 
3.7140000000e+00 7.7596199630e-12 
3.7145000000e+00 7.7778471730e-12 
3.7150000000e+00 7.7960141270e-12 
3.7155000000e+00 7.8143280590e-12 
3.7160000000e+00 7.8326740240e-12 
3.7165000000e+00 7.8510773340e-12 
3.7170000000e+00 7.8695543160e-12 
3.7175000000e+00 7.8880909070e-12 
3.7180000000e+00 7.9067032270e-12 
3.7185000000e+00 7.9253789870e-12 
3.7190000000e+00 7.9440852200e-12 
3.7195000000e+00 7.9628509920e-12 
3.7200000000e+00 7.9817357580e-12 
3.7205000000e+00 8.0006258240e-12 
3.7210000000e+00 8.0196340090e-12 
3.7215000000e+00 8.0386981020e-12 
3.7220000000e+00 8.0577647680e-12 
3.7225000000e+00 8.0769601920e-12 
3.7230000000e+00 8.0962049300e-12 
3.7235000000e+00 8.1155200000e-12 
3.7240000000e+00 8.1349015680e-12 
3.7245000000e+00 8.1543355610e-12 
3.7250000000e+00 8.1738590800e-12 
3.7255000000e+00 8.1934438490e-12 
3.7260000000e+00 8.2131055590e-12 
3.7265000000e+00 8.2328470520e-12 
3.7270000000e+00 8.2526226110e-12 
3.7275000000e+00 8.2724676620e-12 
3.7280000000e+00 8.2924071850e-12 
3.7285000000e+00 8.3124126930e-12 
3.7290000000e+00 8.3325085390e-12 
3.7295000000e+00 8.3526652920e-12 
3.7300000000e+00 8.3728548780e-12 
3.7305000000e+00 8.3931607590e-12 
3.7310000000e+00 8.4135234240e-12 
3.7315000000e+00 8.4339554220e-12 
3.7320000000e+00 8.4544408960e-12 
3.7325000000e+00 8.4750453380e-12 
3.7330000000e+00 8.4957183230e-12 
3.7335000000e+00 8.5164585050e-12 
3.7340000000e+00 8.5372361340e-12 
3.7345000000e+00 8.5581513730e-12 
3.7350000000e+00 8.5791071090e-12 
3.7355000000e+00 8.6001576560e-12 
3.7360000000e+00 8.6212847490e-12 
3.7365000000e+00 8.6424972720e-12 
3.7370000000e+00 8.6637488630e-12 
3.7375000000e+00 8.6850889240e-12 
3.7380000000e+00 8.7065555800e-12 
3.7385000000e+00 8.7280831160e-12 
3.7390000000e+00 8.7496638790e-12 
3.7395000000e+00 8.7713543260e-12 
3.7400000000e+00 8.7930968090e-12 
3.7405000000e+00 8.8149589990e-12 
3.7410000000e+00 8.8368654500e-12 
3.7415000000e+00 8.8588597250e-12 
3.7420000000e+00 8.8808808610e-12 
3.7425000000e+00 8.9030442370e-12 
3.7430000000e+00 8.9252891730e-12 
3.7435000000e+00 8.9476304920e-12 
3.7440000000e+00 8.9700557590e-12 
3.7445000000e+00 8.9925451210e-12 
3.7450000000e+00 9.0151335550e-12 
3.7455000000e+00 9.0377961930e-12 
3.7460000000e+00 9.0605741700e-12 
3.7465000000e+00 9.0833993820e-12 
3.7470000000e+00 9.1063582840e-12 
3.7475000000e+00 9.1293893490e-12 
3.7480000000e+00 9.1525249330e-12 
3.7485000000e+00 9.1757676300e-12 
3.7490000000e+00 9.1990317830e-12 
3.7495000000e+00 9.2224461380e-12 
3.7500000000e+00 9.2459448780e-12 
3.7505000000e+00 9.2695357080e-12 
3.7510000000e+00 9.2931965670e-12 
3.7515000000e+00 9.3169871640e-12 
3.7520000000e+00 9.3408515980e-12 
3.7525000000e+00 9.3648394450e-12 
3.7530000000e+00 9.3889011740e-12 
3.7535000000e+00 9.4130907430e-12 
3.7540000000e+00 9.4373620630e-12 
3.7545000000e+00 9.4618050080e-12 
3.7550000000e+00 9.4863008010e-12 
3.7555000000e+00 9.5108289030e-12 
3.7560000000e+00 9.5355142100e-12 
3.7565000000e+00 9.5603179340e-12 
3.7570000000e+00 9.5851910540e-12 
3.7575000000e+00 9.6101650610e-12 
3.7580000000e+00 9.6352714470e-12 
3.7585000000e+00 9.6604710020e-12 
3.7590000000e+00 9.6857365230e-12 
3.7595000000e+00 9.7111903510e-12 
3.7600000000e+00 9.7366754700e-12 
3.7605000000e+00 9.7623304060e-12 
3.7610000000e+00 9.7880503550e-12 
3.7615000000e+00 9.8139151490e-12 
3.7620000000e+00 9.8398550680e-12 
3.7625000000e+00 9.8659247730e-12 
3.7630000000e+00 9.8921142750e-12 
3.7635000000e+00 9.9183835100e-12 
3.7640000000e+00 9.9448341240e-12 
3.7645000000e+00 9.9713460040e-12 
3.7650000000e+00 9.9980062050e-12 
3.7655000000e+00 1.0024780810e-11 
3.7660000000e+00 1.0051683530e-11 
3.7665000000e+00 1.0078719930e-11 
3.7670000000e+00 1.0105798110e-11 
3.7675000000e+00 1.0133074340e-11 
3.7680000000e+00 1.0160452490e-11 
3.7685000000e+00 1.0187985120e-11 
3.7690000000e+00 1.0215555110e-11 
3.7695000000e+00 1.0243344500e-11 
3.7700000000e+00 1.0271219210e-11 
3.7705000000e+00 1.0299241690e-11 
3.7710000000e+00 1.0327367040e-11 
3.7715000000e+00 1.0355639420e-11 
3.7720000000e+00 1.0384043280e-11 
3.7725000000e+00 1.0412582370e-11 
3.7730000000e+00 1.0441211980e-11 
3.7735000000e+00 1.0470030790e-11 
3.7740000000e+00 1.0498946360e-11 
3.7745000000e+00 1.0528052980e-11 
3.7750000000e+00 1.0557275850e-11 
3.7755000000e+00 1.0586667290e-11 
3.7760000000e+00 1.0616395720e-11 
3.7765000000e+00 1.0646251630e-11 
3.7770000000e+00 1.0676267160e-11 
3.7775000000e+00 1.0706451990e-11 
3.7780000000e+00 1.0736751340e-11 
3.7785000000e+00 1.0767200370e-11 
3.7790000000e+00 1.0797773230e-11 
3.7795000000e+00 1.0828577840e-11 
3.7800000000e+00 1.0859483190e-11 
3.7805000000e+00 1.0890514600e-11 
3.7810000000e+00 1.0921740200e-11 
3.7815000000e+00 1.0953123250e-11 
3.7820000000e+00 1.0984625680e-11 
3.7825000000e+00 1.1016326250e-11 
3.7830000000e+00 1.1048239400e-11 
3.7835000000e+00 1.1080288970e-11 
3.7840000000e+00 1.1112487860e-11 
3.7845000000e+00 1.1144892740e-11 
3.7850000000e+00 1.1177430260e-11 
3.7855000000e+00 1.1210125290e-11 
3.7860000000e+00 1.1242983120e-11 
3.7865000000e+00 1.1276024900e-11 
3.7870000000e+00 1.1309242110e-11 
3.7875000000e+00 1.1342606700e-11 
3.7880000000e+00 1.1376175610e-11 
3.7885000000e+00 1.1409922580e-11 
3.7890000000e+00 1.1443844440e-11 
3.7895000000e+00 1.1477918810e-11 
3.7900000000e+00 1.1512196070e-11 
3.7905000000e+00 1.1546630900e-11 
3.7910000000e+00 1.1581289800e-11 
3.7915000000e+00 1.1616102530e-11 
3.7920000000e+00 1.1651191860e-11 
3.7925000000e+00 1.1686490100e-11 
3.7930000000e+00 1.1721985520e-11 
3.7935000000e+00 1.1757685200e-11 
3.7940000000e+00 1.1793544240e-11 
3.7945000000e+00 1.1829655690e-11 
3.7950000000e+00 1.1865956990e-11 
3.7955000000e+00 1.1902476940e-11 
3.7960000000e+00 1.1939224930e-11 
3.7965000000e+00 1.1976149660e-11 
3.7970000000e+00 1.2013311860e-11 
3.7975000000e+00 1.2050661260e-11 
3.7980000000e+00 1.2088216920e-11 
3.7985000000e+00 1.2126041050e-11 
3.7990000000e+00 1.2164102580e-11 
3.7995000000e+00 1.2202363560e-11 
3.8000000000e+00 1.2240883420e-11 
3.8005000000e+00 1.2279626880e-11 
3.8010000000e+00 1.2318586320e-11 
3.8015000000e+00 1.2357817290e-11 
3.8020000000e+00 1.2397227450e-11 
3.8025000000e+00 1.2436901150e-11 
3.8030000000e+00 1.2476842020e-11 
3.8035000000e+00 1.2517021920e-11 
3.8040000000e+00 1.2557452890e-11 
3.8045000000e+00 1.2598157130e-11 
3.8050000000e+00 1.2639086090e-11 
3.8055000000e+00 1.2680299420e-11 
3.8060000000e+00 1.2721603360e-11 
3.8065000000e+00 1.2763336250e-11 
3.8070000000e+00 1.2805332430e-11 
3.8075000000e+00 1.2847662970e-11 
3.8080000000e+00 1.2890201960e-11 
3.8085000000e+00 1.2933040220e-11 
3.8090000000e+00 1.2976145600e-11 
3.8095000000e+00 1.3019572440e-11 
3.8100000000e+00 1.3063249390e-11 
3.8105000000e+00 1.3107248420e-11 
3.8110000000e+00 1.3151551520e-11 
3.8115000000e+00 1.3196158140e-11 
3.8120000000e+00 1.3241032090e-11 
3.8125000000e+00 1.3286267900e-11 
3.8130000000e+00 1.3331796170e-11 
3.8135000000e+00 1.3377637940e-11 
3.8140000000e+00 1.3423844070e-11 
3.8145000000e+00 1.3470308720e-11 
3.8150000000e+00 1.3517174390e-11 
3.8155000000e+00 1.3564341890e-11 
3.8160000000e+00 1.3611865220e-11 
3.8165000000e+00 1.3659738730e-11 
3.8170000000e+00 1.3707946010e-11 
3.8175000000e+00 1.3756520960e-11 
3.8180000000e+00 1.3805432020e-11 
3.8185000000e+00 1.3854763250e-11 
3.8190000000e+00 1.3904427550e-11 
3.8195000000e+00 1.3954460990e-11 
3.8200000000e+00 1.4004881670e-11 
3.8300000000e+00 1.5105104850e-11 
3.8400000000e+00 1.6426735200e-11 
3.8500000000e+00 1.8088057680e-11 
3.8600000000e+00 2.0348833340e-11 
3.8650000000e+00 2.1908170150e-11 
3.8900000000e+00 5.0466753620e-06 
3.9150000000e+00 5.6366527920e-06 
3.9650000000e+00 6.8976108330e-06 
4.0150000000e+00 8.2662184680e-06 
4.0650000000e+00 9.7420730470e-06 
4.1150000000e+00 1.1327397070e-05 
4.1650000000e+00 1.3024835400e-05 
4.2150000000e+00 1.4837619350e-05 
4.2650000000e+00 1.6765896820e-05 
4.3150000000e+00 1.8811524680e-05 
4.3650000000e+00 2.0979401340e-05 
4.4150000000e+00 2.3272608500e-05 
4.4650000000e+00 2.5695550070e-05 
4.5150000000e+00 2.8253993750e-05 
4.5650000000e+00 3.0953450130e-05 
4.6150000000e+00 3.3800389800e-05 
4.6650000000e+00 3.6805535480e-05 
4.7150000000e+00 3.9976298220e-05 
4.7650000000e+00 4.3288178650e-05 
4.8150000000e+00 4.6765351560e-05 
4.8650000000e+00 5.0409510770e-05 
4.9150000000e+00 5.4219520540e-05 
4.9650000000e+00 5.8205669220e-05 
5.0150000000e+00 6.2374633740e-05 
5.0650000000e+00 6.6723041290e-05 
5.1150000000e+00 7.1262091470e-05 
5.1650000000e+00 7.6004020650e-05 
5.2150000000e+00 8.0957483070e-05 
5.2650000000e+00 8.6128608380e-05 
5.3150000000e+00 9.1525764500e-05 
5.3650000000e+00 9.7185733180e-05 
5.4150000000e+00 1.0307858890e-04 
5.4650000000e+00 1.0910414760e-04 
5.5150000000e+00 1.1536773110e-04 
5.5650000000e+00 1.2187641270e-04 
5.6150000000e+00 1.2862025180e-04 
5.6650000000e+00 1.3562436640e-04 
5.7150000000e+00 1.4289888210e-04 
5.7650000000e+00 1.5045411080e-04 
5.8150000000e+00 1.5829923920e-04 
5.8650000000e+00 1.6644435930e-04 
5.9150000000e+00 1.7482975500e-04 
5.9650000000e+00 1.8351530050e-04 
6.0150000000e+00 1.9244104650e-04 
6.0650000000e+00 2.0166333680e-04 
6.1150000000e+00 2.1119581110e-04 
6.1650000000e+00 2.2069108740e-04 
6.2150000000e+00 2.3032265060e-04 
6.2650000000e+00 2.4018656900e-04 
6.3150000000e+00 2.5026984800e-04 
6.3650000000e+00 2.6055277230e-04 
6.4150000000e+00 2.7105868920e-04 
6.4650000000e+00 2.8177845960e-04 
6.5150000000e+00 2.9271454760e-04 
6.5650000000e+00 3.0387335750e-04 
6.6150000000e+00 3.1524302890e-04 
6.6650000000e+00 3.2681895660e-04 
6.7150000000e+00 3.3865119480e-04 
6.7650000000e+00 3.5077854210e-04 
6.8150000000e+00 3.6316544470e-04 
6.8650000000e+00 3.7570159630e-04 
6.9150000000e+00 3.8800020600e-04 
6.9650000000e+00 4.0047260220e-04 
7.0000000000e+00 4.0931405590e-04 
6.9900000000e+00 4.0677541090e-04 
6.9800000000e+00 4.0424843860e-04 
6.9700000000e+00 4.0172878080e-04 
6.9600000000e+00 3.9921638700e-04 
6.9500000000e+00 3.9671121610e-04 
6.9400000000e+00 3.9421324600e-04 
6.9300000000e+00 3.9172245070e-04 
6.9200000000e+00 3.8923861480e-04 
6.9100000000e+00 3.8676166730e-04 
6.9000000000e+00 3.8429160440e-04 
6.8900000000e+00 3.8182842100e-04 
6.8800000000e+00 3.7937211700e-04 
6.8700000000e+00 3.7692269350e-04 
6.8600000000e+00 3.7448015280e-04 
6.8500000000e+00 3.7199981420e-04 
6.8400000000e+00 3.6946181690e-04 
6.8300000000e+00 3.6693444750e-04 
6.8200000000e+00 3.6441847820e-04 
6.8100000000e+00 3.6191375850e-04 
6.8000000000e+00 3.5942018430e-04 
6.7900000000e+00 3.5693748690e-04 
6.7800000000e+00 3.5446561290e-04 
6.7700000000e+00 3.5200444140e-04 
6.7600000000e+00 3.4955385590e-04 
6.7500000000e+00 3.4711327390e-04 
6.7400000000e+00 3.4468248560e-04 
6.7300000000e+00 3.4226201690e-04 
6.7200000000e+00 3.3985177170e-04 
6.7100000000e+00 3.3745165940e-04 
6.7000000000e+00 3.3506289220e-04 
6.6995000000e+00 3.3494372110e-04 
6.6990000000e+00 3.3482488610e-04 
6.6985000000e+00 3.3470611060e-04 
6.6980000000e+00 3.3458736030e-04 
6.6975000000e+00 3.3446863420e-04 
6.6970000000e+00 3.3434993230e-04 
6.6965000000e+00 3.3423125460e-04 
6.6960000000e+00 3.3411260110e-04 
6.6955000000e+00 3.3399397180e-04 
6.6950000000e+00 3.3387542090e-04 
6.6945000000e+00 3.3375696860e-04 
6.6940000000e+00 3.3363854260e-04 
6.6935000000e+00 3.3352014040e-04 
6.6930000000e+00 3.3340176220e-04 
6.6925000000e+00 3.3328344030e-04 
6.6920000000e+00 3.3316520650e-04 
6.6915000000e+00 3.3304702150e-04 
6.6910000000e+00 3.3292888070e-04 
6.6905000000e+00 3.3281076410e-04 
6.6900000000e+00 3.3269267120e-04 
6.6895000000e+00 3.3257460190e-04 
6.6890000000e+00 3.3245655630e-04 
6.6885000000e+00 3.3233853420e-04 
6.6880000000e+00 3.3222053570e-04 
6.6875000000e+00 3.3210256090e-04 
6.6870000000e+00 3.3198460960e-04 
6.6865000000e+00 3.3186668200e-04 
6.6860000000e+00 3.3174877790e-04 
6.6855000000e+00 3.3163089730e-04 
6.6850000000e+00 3.3151304040e-04 
6.6845000000e+00 3.3139520690e-04 
6.6840000000e+00 3.3127739700e-04 
6.6835000000e+00 3.3115961070e-04 
6.6830000000e+00 3.3104184790e-04 
6.6825000000e+00 3.3092410860e-04 
6.6820000000e+00 3.3080639280e-04 
6.6815000000e+00 3.3068870050e-04 
6.6810000000e+00 3.3057103170e-04 
6.6805000000e+00 3.3045338630e-04 
6.6800000000e+00 3.3033576450e-04 
6.6795000000e+00 3.3021816610e-04 
6.6790000000e+00 3.3010059120e-04 
6.6785000000e+00 3.2998303970e-04 
6.6780000000e+00 3.2986551170e-04 
6.6775000000e+00 3.2974800710e-04 
6.6770000000e+00 3.2963052600e-04 
6.6765000000e+00 3.2951306820e-04 
6.6760000000e+00 3.2939563390e-04 
6.6755000000e+00 3.2927822300e-04 
6.6750000000e+00 3.2916083550e-04 
6.6745000000e+00 3.2904347130e-04 
6.6740000000e+00 3.2892613060e-04 
6.6735000000e+00 3.2880881320e-04 
6.6730000000e+00 3.2869151920e-04 
6.6725000000e+00 3.2857424860e-04 
6.6720000000e+00 3.2845700120e-04 
6.6715000000e+00 3.2833977730e-04 
6.6710000000e+00 3.2822257670e-04 
6.6705000000e+00 3.2810539940e-04 
6.6700000000e+00 3.2798824540e-04 
6.6695000000e+00 3.2787111470e-04 
6.6690000000e+00 3.2775400740e-04 
6.6685000000e+00 3.2763692330e-04 
6.6680000000e+00 3.2751986250e-04 
6.6675000000e+00 3.2740282500e-04 
6.6670000000e+00 3.2728581080e-04 
6.6665000000e+00 3.2716881980e-04 
6.6660000000e+00 3.2705185210e-04 
6.6655000000e+00 3.2693490770e-04 
6.6650000000e+00 3.2681798650e-04 
6.6645000000e+00 3.2670108850e-04 
6.6640000000e+00 3.2658421380e-04 
6.6635000000e+00 3.2646736230e-04 
6.6630000000e+00 3.2635053400e-04 
6.6625000000e+00 3.2623372890e-04 
6.6620000000e+00 3.2611694700e-04 
6.6615000000e+00 3.2600018830e-04 
6.6610000000e+00 3.2588345270e-04 
6.6605000000e+00 3.2576674040e-04 
6.6600000000e+00 3.2565005120e-04 
6.6595000000e+00 3.2553338520e-04 
6.6590000000e+00 3.2541674240e-04 
6.6585000000e+00 3.2530012270e-04 
6.6580000000e+00 3.2518352610e-04 
6.6575000000e+00 3.2506695270e-04 
6.6570000000e+00 3.2495040240e-04 
6.6565000000e+00 3.2483387520e-04 
6.6560000000e+00 3.2471737110e-04 
6.6555000000e+00 3.2460089020e-04 
6.6550000000e+00 3.2448443230e-04 
6.6545000000e+00 3.2436799750e-04 
6.6540000000e+00 3.2425158580e-04 
6.6535000000e+00 3.2413519720e-04 
6.6530000000e+00 3.2401883170e-04 
6.6525000000e+00 3.2390248920e-04 
6.6520000000e+00 3.2378616980e-04 
6.6515000000e+00 3.2366987340e-04 
6.6510000000e+00 3.2355360010e-04 
6.6505000000e+00 3.2343734980e-04 
6.6500000000e+00 3.2332112250e-04 
6.6495000000e+00 3.2320491830e-04 
6.6490000000e+00 3.2308873710e-04 
6.6485000000e+00 3.2297257880e-04 
6.6480000000e+00 3.2285644360e-04 
6.6475000000e+00 3.2274033140e-04 
6.6470000000e+00 3.2262424220e-04 
6.6465000000e+00 3.2250817590e-04 
6.6460000000e+00 3.2239213260e-04 
6.6455000000e+00 3.2227611230e-04 
6.6450000000e+00 3.2216011500e-04 
6.6445000000e+00 3.2204414060e-04 
6.6440000000e+00 3.2192818910e-04 
6.6435000000e+00 3.2181226060e-04 
6.6430000000e+00 3.2169635500e-04 
6.6425000000e+00 3.2158047240e-04 
6.6420000000e+00 3.2146461260e-04 
6.6415000000e+00 3.2134877580e-04 
6.6410000000e+00 3.2123296190e-04 
6.6405000000e+00 3.2111717090e-04 
6.6400000000e+00 3.2100140280e-04 
6.6395000000e+00 3.2088565760e-04 
6.6390000000e+00 3.2076993520e-04 
6.6385000000e+00 3.2065423580e-04 
6.6380000000e+00 3.2053855920e-04 
6.6375000000e+00 3.2042290540e-04 
6.6370000000e+00 3.2030727450e-04 
6.6365000000e+00 3.2019166650e-04 
6.6360000000e+00 3.2007608130e-04 
6.6355000000e+00 3.1996051890e-04 
6.6350000000e+00 3.1984497940e-04 
6.6345000000e+00 3.1972946270e-04 
6.6340000000e+00 3.1961396880e-04 
6.6335000000e+00 3.1949849770e-04 
6.6330000000e+00 3.1938304950e-04 
6.6325000000e+00 3.1926762400e-04 
6.6320000000e+00 3.1915222130e-04 
6.6315000000e+00 3.1903684140e-04 
6.6310000000e+00 3.1892148430e-04 
6.6305000000e+00 3.1880615000e-04 
6.6300000000e+00 3.1869083840e-04 
6.6295000000e+00 3.1857554960e-04 
6.6290000000e+00 3.1846028350e-04 
6.6285000000e+00 3.1834504020e-04 
6.6280000000e+00 3.1822981960e-04 
6.6275000000e+00 3.1811462180e-04 
6.6270000000e+00 3.1799944670e-04 
6.6265000000e+00 3.1788429430e-04 
6.6260000000e+00 3.1776916470e-04 
6.6255000000e+00 3.1765405770e-04 
6.6250000000e+00 3.1753897350e-04 
6.6245000000e+00 3.1742391190e-04 
6.6240000000e+00 3.1730887310e-04 
6.6235000000e+00 3.1719385690e-04 
6.6230000000e+00 3.1707886360e-04 
6.6225000000e+00 3.1696389290e-04 
6.6220000000e+00 3.1684894500e-04 
6.6215000000e+00 3.1673401960e-04 
6.6210000000e+00 3.1661911690e-04 
6.6205000000e+00 3.1650423690e-04 
6.6200000000e+00 3.1638937960e-04 
6.6195000000e+00 3.1627454480e-04 
6.6190000000e+00 3.1615973270e-04 
6.6185000000e+00 3.1604494330e-04 
6.6180000000e+00 3.1593017640e-04 
6.6175000000e+00 3.1581543220e-04 
6.6170000000e+00 3.1570071050e-04 
6.6165000000e+00 3.1558601150e-04 
6.6160000000e+00 3.1547133510e-04 
6.6155000000e+00 3.1535668130e-04 
6.6150000000e+00 3.1524205010e-04 
6.6145000000e+00 3.1512744140e-04 
6.6140000000e+00 3.1501285530e-04 
6.6135000000e+00 3.1489829180e-04 
6.6130000000e+00 3.1478375090e-04 
6.6125000000e+00 3.1466923250e-04 
6.6120000000e+00 3.1455473670e-04 
6.6115000000e+00 3.1444026340e-04 
6.6110000000e+00 3.1432581270e-04 
6.6105000000e+00 3.1421138450e-04 
6.6100000000e+00 3.1409697880e-04 
6.6095000000e+00 3.1398259570e-04 
6.6090000000e+00 3.1386823510e-04 
6.6085000000e+00 3.1375389700e-04 
6.6080000000e+00 3.1363958140e-04 
6.6075000000e+00 3.1352528830e-04 
6.6070000000e+00 3.1341101770e-04 
6.6065000000e+00 3.1329676960e-04 
6.6060000000e+00 3.1318254400e-04 
6.6055000000e+00 3.1306834090e-04 
6.6050000000e+00 3.1295416030e-04 
6.6045000000e+00 3.1284000210e-04 
6.6040000000e+00 3.1272586640e-04 
6.6035000000e+00 3.1261175310e-04 
6.6030000000e+00 3.1249766240e-04 
6.6025000000e+00 3.1238359400e-04 
6.6020000000e+00 3.1226954810e-04 
6.6015000000e+00 3.1215552470e-04 
6.6010000000e+00 3.1204152360e-04 
6.6005000000e+00 3.1192754510e-04 
6.6000000000e+00 3.1181358890e-04 
6.5995000000e+00 3.1169965520e-04 
6.5990000000e+00 3.1158574380e-04 
6.5985000000e+00 3.1147185490e-04 
6.5980000000e+00 3.1135798830e-04 
6.5975000000e+00 3.1124414410e-04 
6.5970000000e+00 3.1113032230e-04 
6.5965000000e+00 3.1101652290e-04 
6.5960000000e+00 3.1090274580e-04 
6.5955000000e+00 3.1078899110e-04 
6.5950000000e+00 3.1067525870e-04 
6.5945000000e+00 3.1056154870e-04 
6.5940000000e+00 3.1044786100e-04 
6.5935000000e+00 3.1033412120e-04 
6.5930000000e+00 3.1022011630e-04 
6.5925000000e+00 3.1010613430e-04 
6.5920000000e+00 3.0999217540e-04 
6.5915000000e+00 3.0987823940e-04 
6.5910000000e+00 3.0976432640e-04 
6.5905000000e+00 3.0965043640e-04 
6.5900000000e+00 3.0953656930e-04 
6.5895000000e+00 3.0942272530e-04 
6.5890000000e+00 3.0930890410e-04 
6.5885000000e+00 3.0919510600e-04 
6.5880000000e+00 3.0908133070e-04 
6.5875000000e+00 3.0896757850e-04 
6.5870000000e+00 3.0885384910e-04 
6.5865000000e+00 3.0874014270e-04 
6.5860000000e+00 3.0862645930e-04 
6.5855000000e+00 3.0851279870e-04 
6.5850000000e+00 3.0839916110e-04 
6.5845000000e+00 3.0828554640e-04 
6.5840000000e+00 3.0817195460e-04 
6.5835000000e+00 3.0805838560e-04 
6.5830000000e+00 3.0794483960e-04 
6.5825000000e+00 3.0783131650e-04 
6.5820000000e+00 3.0771781620e-04 
6.5815000000e+00 3.0760433890e-04 
6.5810000000e+00 3.0749088440e-04 
6.5805000000e+00 3.0737745270e-04 
6.5800000000e+00 3.0726404400e-04 
6.5795000000e+00 3.0715065810e-04 
6.5790000000e+00 3.0703729500e-04 
6.5785000000e+00 3.0692395470e-04 
6.5780000000e+00 3.0681063730e-04 
6.5775000000e+00 3.0669734260e-04 
6.5770000000e+00 3.0658407080e-04 
6.5765000000e+00 3.0647082170e-04 
6.5760000000e+00 3.0635759550e-04 
6.5755000000e+00 3.0624439210e-04 
6.5750000000e+00 3.0613121150e-04 
6.5745000000e+00 3.0601805360e-04 
6.5740000000e+00 3.0590491850e-04 
6.5735000000e+00 3.0579180620e-04 
6.5730000000e+00 3.0567871660e-04 
6.5725000000e+00 3.0556564980e-04 
6.5720000000e+00 3.0545260570e-04 
6.5715000000e+00 3.0533958450e-04 
6.5710000000e+00 3.0522658600e-04 
6.5705000000e+00 3.0511361030e-04 
6.5700000000e+00 3.0500065730e-04 
6.5695000000e+00 3.0488772700e-04 
6.5690000000e+00 3.0477481950e-04 
6.5685000000e+00 3.0466193460e-04 
6.5680000000e+00 3.0454907250e-04 
6.5675000000e+00 3.0443623310e-04 
6.5670000000e+00 3.0432341640e-04 
6.5665000000e+00 3.0421062240e-04 
6.5660000000e+00 3.0409785100e-04 
6.5655000000e+00 3.0398510240e-04 
6.5650000000e+00 3.0387237640e-04 
6.5645000000e+00 3.0375967310e-04 
6.5640000000e+00 3.0364699250e-04 
6.5635000000e+00 3.0353433460e-04 
6.5630000000e+00 3.0342169930e-04 
6.5625000000e+00 3.0330908670e-04 
6.5620000000e+00 3.0319649670e-04 
6.5615000000e+00 3.0308392950e-04 
6.5610000000e+00 3.0297138480e-04 
6.5605000000e+00 3.0285886290e-04 
6.5600000000e+00 3.0274636350e-04 
6.5595000000e+00 3.0263388680e-04 
6.5590000000e+00 3.0252143270e-04 
6.5585000000e+00 3.0240900120e-04 
6.5580000000e+00 3.0229659240e-04 
6.5575000000e+00 3.0218420620e-04 
6.5570000000e+00 3.0207184250e-04 
6.5565000000e+00 3.0195950150e-04 
6.5560000000e+00 3.0184718310e-04 
6.5555000000e+00 3.0173488720e-04 
6.5550000000e+00 3.0162261400e-04 
6.5545000000e+00 3.0151036330e-04 
6.5540000000e+00 3.0139813530e-04 
6.5535000000e+00 3.0128592980e-04 
6.5530000000e+00 3.0117374680e-04 
6.5525000000e+00 3.0106158650e-04 
6.5520000000e+00 3.0094944870e-04 
6.5515000000e+00 3.0083733340e-04 
6.5510000000e+00 3.0072524080e-04 
6.5505000000e+00 3.0061317060e-04 
6.5500000000e+00 3.0050112300e-04 
6.5495000000e+00 3.0038909800e-04 
6.5490000000e+00 3.0027709550e-04 
6.5485000000e+00 3.0016511550e-04 
6.5480000000e+00 3.0005315810e-04 
6.5475000000e+00 2.9994122320e-04 
6.5470000000e+00 2.9982931080e-04 
6.5465000000e+00 2.9971742090e-04 
6.5460000000e+00 2.9960555350e-04 
6.5455000000e+00 2.9949370860e-04 
6.5450000000e+00 2.9938188630e-04 
6.5445000000e+00 2.9927008640e-04 
6.5440000000e+00 2.9915830910e-04 
6.5435000000e+00 2.9904655420e-04 
6.5430000000e+00 2.9893482180e-04 
6.5425000000e+00 2.9882311190e-04 
6.5420000000e+00 2.9871142450e-04 
6.5415000000e+00 2.9859975950e-04 
6.5410000000e+00 2.9848811710e-04 
6.5405000000e+00 2.9837649700e-04 
6.5400000000e+00 2.9826489950e-04 
6.5395000000e+00 2.9815332440e-04 
6.5390000000e+00 2.9804177180e-04 
6.5385000000e+00 2.9793024160e-04 
6.5380000000e+00 2.9781873380e-04 
6.5375000000e+00 2.9770724850e-04 
6.5370000000e+00 2.9759578570e-04 
6.5365000000e+00 2.9748434530e-04 
6.5360000000e+00 2.9737292730e-04 
6.5355000000e+00 2.9726153170e-04 
6.5350000000e+00 2.9715015850e-04 
6.5345000000e+00 2.9703880780e-04 
6.5340000000e+00 2.9692747950e-04 
6.5335000000e+00 2.9681617360e-04 
6.5330000000e+00 2.9670489010e-04 
6.5325000000e+00 2.9659362900e-04 
6.5320000000e+00 2.9648239030e-04 
6.5315000000e+00 2.9637117400e-04 
6.5310000000e+00 2.9625998010e-04 
6.5305000000e+00 2.9614880860e-04 
6.5300000000e+00 2.9603765950e-04 
6.5295000000e+00 2.9592653270e-04 
6.5290000000e+00 2.9581542830e-04 
6.5285000000e+00 2.9570434630e-04 
6.5280000000e+00 2.9559328670e-04 
6.5275000000e+00 2.9548224940e-04 
6.5270000000e+00 2.9537123450e-04 
6.5265000000e+00 2.9526024200e-04 
6.5260000000e+00 2.9514927180e-04 
6.5255000000e+00 2.9503832390e-04 
6.5250000000e+00 2.9492739840e-04 
6.5245000000e+00 2.9481649530e-04 
6.5240000000e+00 2.9470561440e-04 
6.5235000000e+00 2.9459475590e-04 
6.5230000000e+00 2.9448391980e-04 
6.5225000000e+00 2.9437310600e-04 
6.5220000000e+00 2.9426231450e-04 
6.5215000000e+00 2.9415154530e-04 
6.5210000000e+00 2.9404079840e-04 
6.5205000000e+00 2.9393007390e-04 
6.5200000000e+00 2.9381937160e-04 
6.5195000000e+00 2.9370869170e-04 
6.5190000000e+00 2.9359803410e-04 
6.5185000000e+00 2.9348739870e-04 
6.5180000000e+00 2.9337678560e-04 
6.5175000000e+00 2.9326619480e-04 
6.5170000000e+00 2.9315562620e-04 
6.5165000000e+00 2.9304508000e-04 
6.5160000000e+00 2.9293455600e-04 
6.5155000000e+00 2.9282405420e-04 
6.5150000000e+00 2.9271357470e-04 
6.5145000000e+00 2.9260311750e-04 
6.5140000000e+00 2.9249268250e-04 
6.5135000000e+00 2.9238226980e-04 
6.5130000000e+00 2.9227187930e-04 
6.5125000000e+00 2.9216151110e-04 
6.5120000000e+00 2.9205116510e-04 
6.5115000000e+00 2.9194084130e-04 
6.5110000000e+00 2.9183053980e-04 
6.5105000000e+00 2.9172026050e-04 
6.5100000000e+00 2.9161000340e-04 
6.5095000000e+00 2.9149976860e-04 
6.5090000000e+00 2.9138955590e-04 
6.5085000000e+00 2.9127936550e-04 
6.5080000000e+00 2.9116919730e-04 
6.5075000000e+00 2.9105905130e-04 
6.5070000000e+00 2.9094892750e-04 
6.5065000000e+00 2.9083882590e-04 
6.5060000000e+00 2.9072874650e-04 
6.5055000000e+00 2.9061868930e-04 
6.5050000000e+00 2.9050865430e-04 
6.5045000000e+00 2.9039864150e-04 
6.5040000000e+00 2.9028865090e-04 
6.5035000000e+00 2.9017868250e-04 
6.5030000000e+00 2.9006873620e-04 
6.5025000000e+00 2.8995881210e-04 
6.5020000000e+00 2.8984891020e-04 
6.5015000000e+00 2.8973903050e-04 
6.5010000000e+00 2.8962917290e-04 
6.5005000000e+00 2.8951933750e-04 
6.5000000000e+00 2.8940952430e-04 
6.4500000000e+00 2.7854043300e-04 
6.4000000000e+00 2.6788361220e-04 
6.3500000000e+00 2.5744423650e-04 
6.3000000000e+00 2.4722770530e-04 
6.2500000000e+00 2.3719886840e-04 
6.2000000000e+00 2.2740879910e-04 
6.1500000000e+00 2.1784727230e-04 
6.1000000000e+00 2.0831031920e-04 
6.0500000000e+00 1.9886464400e-04 
6.0000000000e+00 1.8973166830e-04 
5.9500000000e+00 1.8087684260e-04 
5.9000000000e+00 1.7228672470e-04 
5.8500000000e+00 1.6397140590e-04 
5.8000000000e+00 1.5591334220e-04 
5.7500000000e+00 1.4815687730e-04 
5.7000000000e+00 1.4068735380e-04 
5.6500000000e+00 1.3349490730e-04 
5.6000000000e+00 1.2656995350e-04 
5.5500000000e+00 1.1989804190e-04 
5.5000000000e+00 1.1346295480e-04 
5.4500000000e+00 1.0727162100e-04 
5.4000000000e+00 1.0130389100e-04 
5.3500000000e+00 9.5457906660e-05 
5.3000000000e+00 8.9880615960e-05 
5.2500000000e+00 8.4555843640e-05 
5.2000000000e+00 7.9448244580e-05 
5.1500000000e+00 7.4559284430e-05 
5.1000000000e+00 6.9879222980e-05 
5.0500000000e+00 6.5399049140e-05 
5.0000000000e+00 6.1104114070e-05 
4.9900000000e+00 6.0266763540e-05 
4.9800000000e+00 5.9436794140e-05 
4.9700000000e+00 5.8613989090e-05 
4.9600000000e+00 5.7798649220e-05 
4.9500000000e+00 5.6990807570e-05 
4.9400000000e+00 5.6190222580e-05 
4.9300000000e+00 5.5396552710e-05 
4.9200000000e+00 5.4609893230e-05 
4.9100000000e+00 5.3830345250e-05 
4.9000000000e+00 5.3057855060e-05 
4.8900000000e+00 5.2292370050e-05 
4.8800000000e+00 5.1533878190e-05 
4.8700000000e+00 5.0782406770e-05 
4.8600000000e+00 5.0037629260e-05 
4.8500000000e+00 4.9299432540e-05 
4.8400000000e+00 4.8566784880e-05 
4.8300000000e+00 4.7840995650e-05 
4.8200000000e+00 4.7122161860e-05 
4.8100000000e+00 4.6409840570e-05 
4.8000000000e+00 4.5704323260e-05 
4.7900000000e+00 4.5005557330e-05 
4.7800000000e+00 4.4313491890e-05 
4.7700000000e+00 4.3628066000e-05 
4.7600000000e+00 4.2949827580e-05 
4.7500000000e+00 4.2279055250e-05 
4.7400000000e+00 4.1614904930e-05 
4.7300000000e+00 4.0954636310e-05 
4.7200000000e+00 4.0300941120e-05 
4.7100000000e+00 3.9652837110e-05 
4.7000000000e+00 3.9009343370e-05 
4.6900000000e+00 3.8370900390e-05 
4.6800000000e+00 3.7739211570e-05 
4.6700000000e+00 3.7114995840e-05 
4.6600000000e+00 3.6497472750e-05 
4.6500000000e+00 3.5886553740e-05 
4.6400000000e+00 3.5282158020e-05 
4.6300000000e+00 3.4684582710e-05 
4.6200000000e+00 3.4093457620e-05 
4.6100000000e+00 3.3508751050e-05 
4.6000000000e+00 3.2930291010e-05 
4.5900000000e+00 3.2357940560e-05 
4.5800000000e+00 3.1791635820e-05 
4.5700000000e+00 3.1231315240e-05 
4.5600000000e+00 3.0676919480e-05 
4.5500000000e+00 3.0128391240e-05 
4.5400000000e+00 2.9585674300e-05 
4.5300000000e+00 2.9048726820e-05 
4.5200000000e+00 2.8517457420e-05 
4.5100000000e+00 2.7991838920e-05 
4.5000000000e+00 2.7471823950e-05 
4.4900000000e+00 2.6957392150e-05 
4.4800000000e+00 2.6448536620e-05 
4.4700000000e+00 2.5945164300e-05 
4.4600000000e+00 2.5447222590e-05 
4.4500000000e+00 2.4954669370e-05 
4.4400000000e+00 2.4467462740e-05 
4.4300000000e+00 2.3985562500e-05 
4.4200000000e+00 2.3508922890e-05 
4.4100000000e+00 2.3037493820e-05 
4.4000000000e+00 2.2571257800e-05 
4.3900000000e+00 2.2110178400e-05 
4.3800000000e+00 2.1654191310e-05 
4.3700000000e+00 2.1203051800e-05 
4.3600000000e+00 2.0756987460e-05 
4.3500000000e+00 2.0315960630e-05 
4.3400000000e+00 1.9879935260e-05 
4.3300000000e+00 1.9448879060e-05 
4.3200000000e+00 1.9022760630e-05 
4.3100000000e+00 1.8601534610e-05 
4.3000000000e+00 1.8185183450e-05 
4.2900000000e+00 1.7773680930e-05 
4.2800000000e+00 1.7366998430e-05 
4.2700000000e+00 1.6965099380e-05 
4.2600000000e+00 1.6567950350e-05 
4.2500000000e+00 1.6175524100e-05 
4.2400000000e+00 1.5787483730e-05 
4.2300000000e+00 1.5404056140e-05 
4.2200000000e+00 1.5025269780e-05 
4.2100000000e+00 1.4651130760e-05 
4.2000000000e+00 1.4281579970e-05 
4.1900000000e+00 1.3916696540e-05 
4.1800000000e+00 1.3556491980e-05 
4.1700000000e+00 1.3200930340e-05 
4.1600000000e+00 1.2849979380e-05 
4.1500000000e+00 1.2503656910e-05 
4.1400000000e+00 1.2161940670e-05 
4.1300000000e+00 1.1824761550e-05 
4.1200000000e+00 1.1492092290e-05 
4.1100000000e+00 1.1163905330e-05 
4.1000000000e+00 1.0840176140e-05 
4.0900000000e+00 1.0520881450e-05 
4.0800000000e+00 1.0205960410e-05 
4.0700000000e+00 9.8955872200e-06 
4.0600000000e+00 9.5895987700e-06 
4.0500000000e+00 9.2879762020e-06 
4.0400000000e+00 8.9907018490e-06 
4.0300000000e+00 8.6977240870e-06 
4.0200000000e+00 8.4089614050e-06 
4.0100000000e+00 8.1245188590e-06 
4.0000000000e+00 7.8443784550e-06 
3.9900000000e+00 7.5685252810e-06 
3.9800000000e+00 7.2969499890e-06 
3.9700000000e+00 7.0296446950e-06 
3.9600000000e+00 6.7666224450e-06 
3.9500000000e+00 6.5079200340e-06 
3.9400000000e+00 6.2535276280e-06 
3.9300000000e+00 6.0035535200e-06 
3.9200000000e+00 5.7578787780e-06 
3.9100000000e+00 5.5164512780e-06 
3.9000000000e+00 5.2794048290e-06 
3.8900000000e+00 5.0466461500e-06 
3.8800000000e+00 4.8182127050e-06 
3.8700000000e+00 4.5940485330e-06 
3.8600000000e+00 4.3741574430e-06 
3.8500000000e+00 4.1585830030e-06 
3.8400000000e+00 3.9473369190e-06 
3.8300000000e+00 3.7404525370e-06 
3.8200000000e+00 3.5380118850e-06 
3.8100000000e+00 3.3400703030e-06 
3.8000000000e+00 3.1464891590e-06 
3.7900000000e+00 2.9572204450e-06 
3.7800000000e+00 2.7725217440e-06 
3.7700000000e+00 2.5924509790e-06 
3.7600000000e+00 2.4170738710e-06 
3.7500000000e+00 2.2464647000e-06 
3.7400000000e+00 2.0807726980e-06 
3.7300000000e+00 1.9199636960e-06 
3.7200000000e+00 1.7642048640e-06 
3.7100000000e+00 1.6136228920e-06 
3.7000000000e+00 1.4683570580e-06 
3.6900000000e+00 1.3285675860e-06 
3.6800000000e+00 1.1944698020e-06 
3.6700000000e+00 1.0662041550e-06 
3.6600000000e+00 9.4398853020e-07 
3.6500000000e+00 8.2806240890e-07 
3.6400000000e+00 7.1869406100e-07 
3.6300000000e+00 6.1620552800e-07 
3.6200000000e+00 5.2077382670e-07 
3.6100000000e+00 4.3283745170e-07 
3.6000000000e+00 3.5265003660e-07 
3.5900000000e+00 2.8048093950e-07 
3.5800000000e+00 2.1653095920e-07 
3.5700000000e+00 1.6087626430e-07 
3.5600000000e+00 1.1342110670e-07 
3.5500000000e+00 7.3738295710e-08 
3.5400000000e+00 4.0604194700e-08 
3.5300000000e+00 3.5883261230e-12 
3.5200000000e+00 3.4503043510e-12 
3.5100000000e+00 3.3179712450e-12 
3.5000000000e+00 3.1909282920e-12 
3.4900000000e+00 3.0690813180e-12 
3.4800000000e+00 2.9520655310e-12 
3.4700000000e+00 2.8397603670e-12 
3.4600000000e+00 2.7318776340e-12 
3.4500000000e+00 2.6282509290e-12 
3.4400000000e+00 2.5286589620e-12 
3.4300000000e+00 2.4330910620e-12 
3.4200000000e+00 2.3411496450e-12 
3.4100000000e+00 2.2527306700e-12 
3.4000000000e+00 2.1676766860e-12 
3.3900000000e+00 2.0858456250e-12 
3.3800000000e+00 2.0071454500e-12 
3.3700000000e+00 1.9313655350e-12 
3.3600000000e+00 1.8582307720e-12 
3.3500000000e+00 1.7876869420e-12 
3.3495000000e+00 1.7842306130e-12 
3.3490000000e+00 1.7807730300e-12 
3.3485000000e+00 1.7773086130e-12 
3.3480000000e+00 1.7738738110e-12 
3.3475000000e+00 1.7704494100e-12 
3.3470000000e+00 1.7670149440e-12 
3.3465000000e+00 1.7636045630e-12 
3.3460000000e+00 1.7601929980e-12 
3.3455000000e+00 1.7567723130e-12 
3.3450000000e+00 1.7533891930e-12 
3.3445000000e+00 1.7499893330e-12 
3.3440000000e+00 1.7465982180e-12 
3.3435000000e+00 1.7432202360e-12 
3.3430000000e+00 1.7398471380e-12 
3.3425000000e+00 1.7364534450e-12 
3.3420000000e+00 1.7331114270e-12 
3.3415000000e+00 1.7297619760e-12 
3.3410000000e+00 1.7263921460e-12 
3.3405000000e+00 1.7230536310e-12 
3.3400000000e+00 1.7197271140e-12 
3.3395000000e+00 1.7163951570e-12 
3.3390000000e+00 1.7130705030e-12 
3.3385000000e+00 1.7097452160e-12 
3.3380000000e+00 1.7064320400e-12 
3.3375000000e+00 1.7031327420e-12 
3.3370000000e+00 1.6998114080e-12 
3.3365000000e+00 1.6965276720e-12 
3.3360000000e+00 1.6932401810e-12 
3.3355000000e+00 1.6899496670e-12 
3.3350000000e+00 1.6866736770e-12 
3.3345000000e+00 1.6834079320e-12 
3.3340000000e+00 1.6801424080e-12 
3.3335000000e+00 1.6769044690e-12 
3.3330000000e+00 1.6736450320e-12 
3.3325000000e+00 1.6704008600e-12 
3.3320000000e+00 1.6671546200e-12 
3.3315000000e+00 1.6639330470e-12 
3.3310000000e+00 1.6606927000e-12 
3.3305000000e+00 1.6574998960e-12 
3.3300000000e+00 1.6542578270e-12 
3.3295000000e+00 1.6510603800e-12 
3.3290000000e+00 1.6478486570e-12 
3.3285000000e+00 1.6446549300e-12 
3.3280000000e+00 1.6414455730e-12 
3.3275000000e+00 1.6382718650e-12 
3.3270000000e+00 1.6351051850e-12 
3.3265000000e+00 1.6319310260e-12 
3.3260000000e+00 1.6287460490e-12 
3.3255000000e+00 1.6255967280e-12 
3.3250000000e+00 1.6224444250e-12 
3.3245000000e+00 1.6192900820e-12 
3.3240000000e+00 1.6161446660e-12 
3.3235000000e+00 1.6129863530e-12 
3.3230000000e+00 1.6098886650e-12 
3.3225000000e+00 1.6067622100e-12 
3.3220000000e+00 1.6036293370e-12 
3.3215000000e+00 1.6005207530e-12 
3.3210000000e+00 1.5973946860e-12 
3.3205000000e+00 1.5943065910e-12 
3.3200000000e+00 1.5912164730e-12 
3.3195000000e+00 1.5881043860e-12 
3.3190000000e+00 1.5850104360e-12 
3.3185000000e+00 1.5819778580e-12 
3.3180000000e+00 1.5788792470e-12 
3.3175000000e+00 1.5758199770e-12 
3.3170000000e+00 1.5727490870e-12 
3.3165000000e+00 1.5696704430e-12 
3.3160000000e+00 1.5666672790e-12 
3.3155000000e+00 1.5635917200e-12 
3.3150000000e+00 1.5605381760e-12 
3.3145000000e+00 1.5575145840e-12 
3.3140000000e+00 1.5544856450e-12 
3.3135000000e+00 1.5514535580e-12 
3.3130000000e+00 1.5484605150e-12 
3.3125000000e+00 1.5454286120e-12 
3.3120000000e+00 1.5424517340e-12 
3.3115000000e+00 1.5394165750e-12 
3.3110000000e+00 1.5364409360e-12 
3.3105000000e+00 1.5334707220e-12 
3.3100000000e+00 1.5304623880e-12 
3.3095000000e+00 1.5274966620e-12 
3.3090000000e+00 1.5245251920e-12 
3.3085000000e+00 1.5215867260e-12 
3.3080000000e+00 1.5185813230e-12 
3.3075000000e+00 1.5156461040e-12 
3.3070000000e+00 1.5126852030e-12 
3.3065000000e+00 1.5097325610e-12 
3.3060000000e+00 1.5068005050e-12 
3.3055000000e+00 1.5038871540e-12 
3.3050000000e+00 1.5009468750e-12 
3.3045000000e+00 1.4980270810e-12 
3.3040000000e+00 1.4951183760e-12 
3.3035000000e+00 1.4921941300e-12 
3.3030000000e+00 1.4892963270e-12 
3.3025000000e+00 1.4864050230e-12 
3.3020000000e+00 1.4835037190e-12 
3.3015000000e+00 1.4806185240e-12 
3.3010000000e+00 1.4777089210e-12 
3.3005000000e+00 1.4748306780e-12 
3.3000000000e+00 1.4719814990e-12 
3.2995000000e+00 1.4691133480e-12 
3.2990000000e+00 1.4662501410e-12 
3.2985000000e+00 1.4633781990e-12 
3.2980000000e+00 1.4605177840e-12 
3.2975000000e+00 1.4576914540e-12 
3.2970000000e+00 1.4548408340e-12 
3.2965000000e+00 1.4520152180e-12 
3.2960000000e+00 1.4491869330e-12 
3.2955000000e+00 1.4463471030e-12 
3.2950000000e+00 1.4435320730e-12 
3.2945000000e+00 1.4407180340e-12 
3.2940000000e+00 1.4379106280e-12 
3.2935000000e+00 1.4351159120e-12 
3.2930000000e+00 1.4323094510e-12 
3.2925000000e+00 1.4295071210e-12 
3.2920000000e+00 1.4267186350e-12 
3.2915000000e+00 1.4239325080e-12 
3.2910000000e+00 1.4211493680e-12 
3.2905000000e+00 1.4183789290e-12 
3.2900000000e+00 1.4155956070e-12 
3.2895000000e+00 1.4128578850e-12 
3.2890000000e+00 1.4101208590e-12 
3.2885000000e+00 1.4073542460e-12 
3.2880000000e+00 1.4046022210e-12 
3.2875000000e+00 1.4018456760e-12 
3.2870000000e+00 1.3991104080e-12 
3.2865000000e+00 1.3963903590e-12 
3.2860000000e+00 1.3936665270e-12 
3.2855000000e+00 1.3909272140e-12 
3.2850000000e+00 1.3882298630e-12 
3.2845000000e+00 1.3855010570e-12 
3.2840000000e+00 1.3827916570e-12 
3.2835000000e+00 1.3801098100e-12 
3.2830000000e+00 1.3774015270e-12 
3.2825000000e+00 1.3746942750e-12 
3.2820000000e+00 1.3720049740e-12 
3.2815000000e+00 1.3693511700e-12 
3.2810000000e+00 1.3666667580e-12 
3.2805000000e+00 1.3639878740e-12 
3.2800000000e+00 1.3613459540e-12 
3.2795000000e+00 1.3586783400e-12 
3.2790000000e+00 1.3560327600e-12 
3.2785000000e+00 1.3533545950e-12 
3.2780000000e+00 1.3507080650e-12 
3.2775000000e+00 1.3480830610e-12 
3.2770000000e+00 1.3454325920e-12 
3.2765000000e+00 1.3427641790e-12 
3.2760000000e+00 1.3401657550e-12 
3.2755000000e+00 1.3375433320e-12 
3.2750000000e+00 1.3349395200e-12 
3.2745000000e+00 1.3322790260e-12 
3.2740000000e+00 1.3296725490e-12 
3.2735000000e+00 1.3270944000e-12 
3.2730000000e+00 1.3244717920e-12 
3.2725000000e+00 1.3218951640e-12 
3.2720000000e+00 1.3193151220e-12 
3.2715000000e+00 1.3167046180e-12 
3.2710000000e+00 1.3141592110e-12 
3.2705000000e+00 1.3115544180e-12 
3.2700000000e+00 1.3089828720e-12 
3.2695000000e+00 1.3064188840e-12 
3.2690000000e+00 1.3038565040e-12 
3.2685000000e+00 1.3012781870e-12 
3.2680000000e+00 1.2987494160e-12 
3.2675000000e+00 1.2961915530e-12 
3.2670000000e+00 1.2936586950e-12 
3.2665000000e+00 1.2910985230e-12 
3.2660000000e+00 1.2885767270e-12 
3.2655000000e+00 1.2860502830e-12 
3.2650000000e+00 1.2835160590e-12 
3.2645000000e+00 1.2809981800e-12 
3.2640000000e+00 1.2784985290e-12 
3.2635000000e+00 1.2759834790e-12 
3.2630000000e+00 1.2734806020e-12 
3.2625000000e+00 1.2709845730e-12 
3.2620000000e+00 1.2684841150e-12 
3.2615000000e+00 1.2659712920e-12 
3.2610000000e+00 1.2634850480e-12 
3.2605000000e+00 1.2610032270e-12 
3.2600000000e+00 1.2585288880e-12 
3.2595000000e+00 1.2560390580e-12 
3.2590000000e+00 1.2536115400e-12 
3.2585000000e+00 1.2511357420e-12 
3.2580000000e+00 1.2486672230e-12 
3.2575000000e+00 1.2462177860e-12 
3.2570000000e+00 1.2437346940e-12 
3.2565000000e+00 1.2412888570e-12 
3.2560000000e+00 1.2388816340e-12 
3.2555000000e+00 1.2364185170e-12 
3.2550000000e+00 1.2340134410e-12 
3.2545000000e+00 1.2315406310e-12 
3.2540000000e+00 1.2291613240e-12 
3.2535000000e+00 1.2267124580e-12 
3.2530000000e+00 1.2242920950e-12 
3.2525000000e+00 1.2218623300e-12 
3.2520000000e+00 1.2194554320e-12 
3.2515000000e+00 1.2170584540e-12 
3.2510000000e+00 1.2146404840e-12 
3.2505000000e+00 1.2122178150e-12 
3.2500000000e+00 1.2098157220e-12 
3.2495000000e+00 1.2074463200e-12 
3.2490000000e+00 1.2050809960e-12 
3.2485000000e+00 1.2026974020e-12 
3.2480000000e+00 1.2003107880e-12 
3.2475000000e+00 1.1979146790e-12 
3.2470000000e+00 1.1955876100e-12 
3.2465000000e+00 1.1931666670e-12 
3.2460000000e+00 1.1907954470e-12 
3.2455000000e+00 1.1884170360e-12 
3.2450000000e+00 1.1860651660e-12 
3.2445000000e+00 1.1837493420e-12 
3.2440000000e+00 1.1813962530e-12 
3.2435000000e+00 1.1790993690e-12 
3.2430000000e+00 1.1767341020e-12 
3.2425000000e+00 1.1743820150e-12 
3.2420000000e+00 1.1720566860e-12 
3.2415000000e+00 1.1697474820e-12 
3.2410000000e+00 1.1674248240e-12 
3.2405000000e+00 1.1651558960e-12 
3.2400000000e+00 1.1628388790e-12 
3.2395000000e+00 1.1605288070e-12 
3.2390000000e+00 1.1582397820e-12 
3.2385000000e+00 1.1559791150e-12 
3.2380000000e+00 1.1536865490e-12 
3.2375000000e+00 1.1514396780e-12 
3.2370000000e+00 1.1491701020e-12 
3.2365000000e+00 1.1468617370e-12 
3.2360000000e+00 1.1446388610e-12 
3.2355000000e+00 1.1423610820e-12 
3.2350000000e+00 1.1400687310e-12 
3.2345000000e+00 1.1378307560e-12 
3.2340000000e+00 1.1355537970e-12 
3.2335000000e+00 1.1333235940e-12 
3.2330000000e+00 1.1310678810e-12 
3.2325000000e+00 1.1288130800e-12 
3.2320000000e+00 1.1265941780e-12 
3.2315000000e+00 1.1243879910e-12 
3.2310000000e+00 1.1221182850e-12 
3.2305000000e+00 1.1199214490e-12 
3.2300000000e+00 1.1177033920e-12 
3.2295000000e+00 1.1154510600e-12 
3.2290000000e+00 1.1132628300e-12 
3.2285000000e+00 1.1110447130e-12 
3.2280000000e+00 1.1088469430e-12 
3.2275000000e+00 1.1066441430e-12 
3.2270000000e+00 1.1044554270e-12 
3.2265000000e+00 1.1022515530e-12 
3.2260000000e+00 1.1000754450e-12 
3.2255000000e+00 1.0978960880e-12 
3.2250000000e+00 1.0956987570e-12 
3.2245000000e+00 1.0935141560e-12 
3.2240000000e+00 1.0913417590e-12 
3.2235000000e+00 1.0891885760e-12 
3.2230000000e+00 1.0870018630e-12 
3.2225000000e+00 1.0848482500e-12 
3.2220000000e+00 1.0827113340e-12 
3.2215000000e+00 1.0805234580e-12 
3.2210000000e+00 1.0783801730e-12 
3.2205000000e+00 1.0762402290e-12 
3.2200000000e+00 1.0741058180e-12 
3.2195000000e+00 1.0719632630e-12 
3.2190000000e+00 1.0698264530e-12 
3.2185000000e+00 1.0676649990e-12 
3.2180000000e+00 1.0655564970e-12 
3.2175000000e+00 1.0634293060e-12 
3.2170000000e+00 1.0613100580e-12 
3.2165000000e+00 1.0592110760e-12 
3.2160000000e+00 1.0570912160e-12 
3.2155000000e+00 1.0549781530e-12 
3.2150000000e+00 1.0528695910e-12 
3.2145000000e+00 1.0507775400e-12 
3.2140000000e+00 1.0486762060e-12 
3.2135000000e+00 1.0465818830e-12 
3.2130000000e+00 1.0445121160e-12 
3.2125000000e+00 1.0424379770e-12 
3.2120000000e+00 1.0403152940e-12 
3.2115000000e+00 1.0382406670e-12 
3.2110000000e+00 1.0361614630e-12 
3.2105000000e+00 1.0341078650e-12 
3.2100000000e+00 1.0320535550e-12 
3.2095000000e+00 1.0299809920e-12 
3.2090000000e+00 1.0279118970e-12 
3.2085000000e+00 1.0258565060e-12 
3.2080000000e+00 1.0238043760e-12 
3.2075000000e+00 1.0217699220e-12 
3.2070000000e+00 1.0197171130e-12 
3.2065000000e+00 1.0176652720e-12 
3.2060000000e+00 1.0156376880e-12 
3.2055000000e+00 1.0135943640e-12 
3.2050000000e+00 1.0115716430e-12 
3.2045000000e+00 1.0095231590e-12 
3.2040000000e+00 1.0075282820e-12 
3.2035000000e+00 1.0055293650e-12 
3.2030000000e+00 1.0034548730e-12 
3.2025000000e+00 1.0014946660e-12 
3.2020000000e+00 9.9948979850e-13 
3.2015000000e+00 9.9746951210e-13 
3.2010000000e+00 9.9546357140e-13 
3.2005000000e+00 9.9347323060e-13 
3.2000000000e+00 9.9147864840e-13 
3.1995000000e+00 9.8948818050e-13 
3.1990000000e+00 9.8748793820e-13 
3.1985000000e+00 9.8553055670e-13 
3.1980000000e+00 9.8355776340e-13 
3.1975000000e+00 9.8156089150e-13 
3.1970000000e+00 9.7957388250e-13 
3.1965000000e+00 9.7762608300e-13 
3.1960000000e+00 9.7567290120e-13 
3.1955000000e+00 9.7369627130e-13 
3.1950000000e+00 9.7175123020e-13 
3.1945000000e+00 9.6979015750e-13 
3.1940000000e+00 9.6783937140e-13 
3.1935000000e+00 9.6590075240e-13 
3.1930000000e+00 9.6395592160e-13 
3.1925000000e+00 9.6201657620e-13 
3.1920000000e+00 9.6006663460e-13 
3.1915000000e+00 9.5813492120e-13 
3.1910000000e+00 9.5621997480e-13 
3.1905000000e+00 9.5430947350e-13 
3.1900000000e+00 9.5237031280e-13 
3.1895000000e+00 9.5043883650e-13 
3.1890000000e+00 9.4853363440e-13 
3.1885000000e+00 9.4661993150e-13 
3.1880000000e+00 9.4469292470e-13 
3.1875000000e+00 9.4281621450e-13 
3.1870000000e+00 9.4092808220e-13 
3.1865000000e+00 9.3904220930e-13 
3.1860000000e+00 9.3713342850e-13 
3.1855000000e+00 9.3523818780e-13 
3.1850000000e+00 9.3333810790e-13 
3.1845000000e+00 9.3145689600e-13 
3.1840000000e+00 9.2955288440e-13 
3.1835000000e+00 9.2769907250e-13 
3.1830000000e+00 9.2580846880e-13 
3.1825000000e+00 9.2396378490e-13 
3.1820000000e+00 9.2208419070e-13 
3.1815000000e+00 9.2021229590e-13 
3.1810000000e+00 9.1836815230e-13 
3.1805000000e+00 9.1648889240e-13 
3.1800000000e+00 9.1463623690e-13 
3.1795000000e+00 9.1277937900e-13 
3.1790000000e+00 9.1092980720e-13 
3.1785000000e+00 9.0907791470e-13 
3.1780000000e+00 9.0727570980e-13 
3.1775000000e+00 9.0542429580e-13 
3.1770000000e+00 9.0359719400e-13 
3.1765000000e+00 9.0174573980e-13 
3.1760000000e+00 8.9995086950e-13 
3.1755000000e+00 8.9810104980e-13 
3.1750000000e+00 8.9628734690e-13 
3.1745000000e+00 8.9447686550e-13 
3.1740000000e+00 8.9266616010e-13 
3.1735000000e+00 8.9084739920e-13 
3.1730000000e+00 8.8906517650e-13 
3.1725000000e+00 8.8725589330e-13 
3.1720000000e+00 8.8546591870e-13 
3.1715000000e+00 8.8363384710e-13 
3.1710000000e+00 8.8187319770e-13 
3.1705000000e+00 8.8006199450e-13 
3.1700000000e+00 8.7827950310e-13 
3.1695000000e+00 8.7648541260e-13 
3.1690000000e+00 8.7473089600e-13 
3.1685000000e+00 8.7294452200e-13 
3.1680000000e+00 8.7116775150e-13 
3.1675000000e+00 8.6939599030e-13 
3.1670000000e+00 8.6762119780e-13 
3.1665000000e+00 8.6587084080e-13 
3.1660000000e+00 8.6411066620e-13 
3.1655000000e+00 8.6235414680e-13 
3.1650000000e+00 8.6058958690e-13 
3.1645000000e+00 8.5882565520e-13 
3.1640000000e+00 8.5708511910e-13 
3.1635000000e+00 8.5534228890e-13 
3.1630000000e+00 8.5361450140e-13 
3.1625000000e+00 8.5185800000e-13 
3.1620000000e+00 8.5009440320e-13 
3.1615000000e+00 8.4838083660e-13 
3.1610000000e+00 8.4665714780e-13 
3.1605000000e+00 8.4492281550e-13 
3.1600000000e+00 8.4322598390e-13 
3.1595000000e+00 8.4147475330e-13 
3.1590000000e+00 8.3978869980e-13 
3.1585000000e+00 8.3805587250e-13 
3.1580000000e+00 8.3635428350e-13 
3.1575000000e+00 8.3463516350e-13 
3.1570000000e+00 8.3294425490e-13 
3.1565000000e+00 8.3123790560e-13 
3.1560000000e+00 8.2953397460e-13 
3.1555000000e+00 8.2786744750e-13 
3.1550000000e+00 8.2618882430e-13 
3.1545000000e+00 8.2444390490e-13 
3.1540000000e+00 8.2277210820e-13 
3.1535000000e+00 8.2110920860e-13 
3.1530000000e+00 8.1942439940e-13 
3.1525000000e+00 8.1775193540e-13 
3.1520000000e+00 8.1609975430e-13 
3.1515000000e+00 8.1439464960e-13 
3.1510000000e+00 8.1275014050e-13 
3.1505000000e+00 8.1105187390e-13 
3.1500000000e+00 8.0939331790e-13 
3.1400000000e+00 7.7672758710e-13 
3.1300000000e+00 7.4524139320e-13 
3.1200000000e+00 7.1476307570e-13 
3.1100000000e+00 6.8536901540e-13 
3.1000000000e+00 6.5700742700e-13 
3.0900000000e+00 6.2959352360e-13 
3.0800000000e+00 6.0315776910e-13 
3.0700000000e+00 5.7765958200e-13 
3.0600000000e+00 5.5312556440e-13 
3.0500000000e+00 5.2948736020e-13 
3.0400000000e+00 5.0739541540e-13 
3.0300000000e+00 4.8616437400e-13 
3.0200000000e+00 4.6555818350e-13 
3.0100000000e+00 4.4572611720e-13 
3.0000000000e+00 4.2657181460e-13 
2.9500000000e+00 3.4164734810e-13 
2.9000000000e+00 2.7340061000e-13 
2.8500000000e+00 2.1759112290e-13 
2.8000000000e+00 1.7136409360e-13 
2.7500000000e+00 1.3480137600e-13 
2.7000000000e+00 1.0681978180e-13 
2.6500000000e+00 8.5534621350e-14 
2.6000000000e+00 6.9480912500e-14 
2.5500000000e+00 5.7095877420e-14 
2.5000000000e+00 4.7503016640e-14 
2.4500000000e+00 4.0121215720e-14 
2.4000000000e+00 3.4190963660e-14 
2.3500000000e+00 2.9346101720e-14 
2.3000000000e+00 2.5357087690e-14 
2.2500000000e+00 2.1990140100e-14 
2.2000000000e+00 1.9215738250e-14 
2.1500000000e+00 1.6891408790e-14 
2.1000000000e+00 1.5047035490e-14 
2.0500000000e+00 1.3472396210e-14 
2.0000000000e+00 1.2279342100e-14 
1.9500000000e+00 1.1280655490e-14 
1.9000000000e+00 1.0383893230e-14 
1.8500000000e+00 9.6003386640e-15 
1.8000000000e+00 8.9052500280e-15 
1.7500000000e+00 8.2558720120e-15 
1.7000000000e+00 7.6207870690e-15 
1.6500000000e+00 7.0715708800e-15 
1.6000000000e+00 6.5088751900e-15 
1.5500000000e+00 5.9789063040e-15 
1.5000000000e+00 5.4932557940e-15 
1.4500000000e+00 5.0319803180e-15 
1.4000000000e+00 4.5639427350e-15 
1.3500000000e+00 4.1760553420e-15 
1.3000000000e+00 3.8061475710e-15 
1.2500000000e+00 3.4496906030e-15 
1.2000000000e+00 3.1363316970e-15 
1.1500000000e+00 2.9099496430e-15 
1.1000000000e+00 2.6503068360e-15 
1.0500000000e+00 2.4296711060e-15 
1.0000000000e+00 2.2117084020e-15 
9.5000000000e-01 2.0194286820e-15 
9.0000000000e-01 1.8571847240e-15 
8.5000000000e-01 1.7066053310e-15 
8.0000000000e-01 1.5850811980e-15 
7.5000000000e-01 1.4860243520e-15 
7.0000000000e-01 1.3940054050e-15 
6.5000000000e-01 1.3006550790e-15 
6.0000000000e-01 1.1650800750e-15 
5.5000000000e-01 1.0761396570e-15 
5.0000000000e-01 9.7585941900e-16 
4.5000000000e-01 8.7790947990e-16 
4.0000000000e-01 7.2477304530e-16 
3.5000000000e-01 6.1702469830e-16 
3.0000000000e-01 5.6809954130e-16 
2.5000000000e-01 5.0818118750e-16 
2.0000000000e-01 3.5456377200e-16 
1.5000000000e-01 2.6844896500e-16 
1.0000000000e-01 1.7081059400e-16 
5.0000000000e-02 8.8333812080e-17 
1.0711414300e-14 6.0381301250e-18 
