EXPORTED XY-GRAPH DATA
136 2 2
Transient time
ASPLIT_p_src
1.0000000000e-11 1.2295372327e+13 
2.0000000000e-11 1.2295372327e+13 
3.0000000000e-11 1.2295372327e+13 
4.2000000000e-11 1.2295372327e+13 
5.6400000000e-11 1.2295372327e+13 
7.3680000000e-11 1.2295372327e+13 
9.4416000000e-11 1.2295372327e+13 
1.1929920000e-10 1.2295372327e+13 
1.4915904000e-10 1.2295372327e+13 
1.8499084800e-10 1.2295372327e+13 
2.2798901760e-10 1.2295372327e+13 
2.7958682112e-10 1.2295372327e+13 
3.4150418534e-10 1.2295372327e+13 
4.1580502241e-10 1.2295372327e+13 
5.0496602690e-10 1.2295372327e+13 
6.1195923227e-10 1.2295372327e+13 
7.4035107873e-10 1.2295372327e+13 
8.9442129448e-10 1.2295372327e+13 
1.0000000000e-09 1.2295372327e+13 
1.1266944466e-09 1.3762395032e+13 
1.2179329383e-09 1.4932658552e+13 
1.3122747512e-09 1.6230534462e+13 
1.4254849267e-09 1.7928307139e+13 
1.5613371373e-09 2.0183199406e+13 
1.7243597900e-09 2.3235573487e+13 
1.9199869732e-09 2.7461214008e+13 
2.1547395931e-09 3.3465916747e+13 
2.4364427370e-09 4.2260457691e+13 
2.7744865096e-09 5.5594858372e+13 
3.1801390367e-09 7.6621656318e+13 
3.5981778433e-09 1.0563768652e+14 
4.0018275778e-09 1.4275491502e+14 
4.3993382160e-09 1.9043264344e+14 
4.8256518321e-09 2.5710596221e+14 
5.2603072591e-09 3.4599483760e+14 
5.6865966179e-09 4.5886398856e+14 
6.1318210204e-09 6.1026224070e+14 
6.5876872731e-09 8.0816155728e+14 
6.9814857986e-09 1.0201285935e+15 
7.3143699133e-09 1.2329785920e+15 
7.6645679570e-09 1.4937280936e+15 
8.0848056095e-09 1.8611274554e+15 
8.5890907925e-09 2.3874378226e+15 
9.1313711354e-09 3.0652607635e+15 
9.6417586406e-09 3.8144610046e+15 
1.0000000000e-08 4.4061083967e+15 
1.0429889631e-08 4.4244658783e+15 
1.0945757189e-08 4.4193561616e+15 
1.1406494774e-08 4.4193100847e+15 
1.1959379876e-08 4.4194107169e+15 
1.2622841998e-08 4.4194651520e+15 
1.3418996545e-08 4.4195103428e+15 
1.4374382001e-08 4.4195568401e+15 
1.5520844548e-08 4.4196093763e+15 
1.6896599605e-08 4.4196710916e+15 
1.8547505673e-08 4.4197446637e+15 
2.0528592955e-08 4.4198328472e+15 
2.2905897693e-08 4.4199387562e+15 
2.5758663379e-08 4.4200660727e+15 
2.9181982201e-08 4.4202191702e+15 
3.3289964789e-08 4.4204032765e+15 
3.8219543894e-08 4.4206246205e+15 
4.4135038820e-08 4.4208905633e+15 
5.1233632731e-08 4.4212096752e+15 
5.9751945424e-08 4.4215916699e+15 
6.9973920656e-08 4.4220470149e+15 
8.2240290934e-08 4.4225858311e+15 
9.6959935268e-08 4.4232152773e+15 
1.1462350847e-07 4.4239343490e+15 
1.3581979631e-07 4.4247219913e+15 
1.6125534172e-07 4.4255126260e+15 
1.9177799621e-07 4.4261469227e+15 
2.2840518160e-07 4.4262734073e+15 
2.7235780407e-07 4.4251675642e+15 
3.2510095103e-07 4.4214466669e+15 
3.8839272738e-07 4.4127738846e+15 
4.6434285900e-07 4.3959059595e+15 
5.5548301695e-07 4.3675089199e+15 
6.6485120648e-07 4.3253721132e+15 
7.3047212021e-07 4.2973595862e+15 
8.0921721667e-07 4.2625263943e+15 
9.0371133243e-07 4.2201210478e+15 
1.0171042713e-06 4.1692407553e+15 
1.1531757980e-06 4.1088576193e+15 
1.3164616301e-06 4.0379908883e+15 
1.5124046285e-06 3.9564175891e+15 
1.7475362266e-06 3.8668997462e+15 
2.0296941444e-06 3.7799442460e+15 
2.3682836457e-06 3.7141738682e+15 
2.7745910473e-06 3.6801902761e+15 
3.2621599291e-06 3.6703924973e+15 
3.8472425874e-06 3.6709279006e+15 
4.5493417773e-06 3.6730073301e+15 
5.3918608052e-06 3.6739953097e+15 
6.4028836386e-06 3.6741517697e+15 
7.6161110388e-06 3.6740944104e+15 
9.0719839190e-06 3.6740614716e+15 
1.0819031375e-05 3.6740615365e+15 
1.2915488323e-05 3.6740697489e+15 
1.5431236660e-05 3.6740783841e+15 
1.8450134664e-05 3.6740879176e+15 
2.2072812269e-05 3.6740992758e+15 
2.6420025395e-05 3.6741129401e+15 
3.1636681147e-05 3.6741293420e+15 
3.7896668049e-05 3.6741490065e+15 
4.5408652331e-05 3.6741725882e+15 
5.4423033469e-05 3.6742008738e+15 
6.5240290836e-05 3.6742348069e+15 
7.8220999675e-05 3.6742755086e+15 
9.3797850283e-05 3.6743243299e+15 
1.1249007101e-04 3.6743828845e+15 
1.3492073589e-04 3.6744530251e+15 
1.6183753374e-04 3.6745362271e+15 
1.9413769116e-04 3.6746355237e+15 
2.3289788006e-04 3.6747544182e+15 
2.7941010674e-04 3.6748969901e+15 
3.3522477877e-04 3.6750680516e+15 
4.0220238519e-04 3.6752733379e+15 
4.8257551290e-04 3.6755197131e+15 
5.7902326615e-04 3.6758153685e+15 
6.9476057006e-04 3.6761698406e+15 
8.3364533474e-04 3.6765946346e+15 
1.0003070524e-03 3.6771037848e+15 
1.2003011135e-03 3.6777138565e+15 
1.4402939869e-03 3.6784441760e+15 
1.7282854349e-03 3.6793184203e+15 
2.0738751726e-03 3.6803884750e+15 
2.4885828578e-03 3.6816836337e+15 
2.9862320800e-03 3.6832421532e+15 
3.5834111467e-03 3.6851137085e+15 
4.3000260267e-03 3.6873600183e+15 
5.1599638827e-03 3.6900600685e+15 
6.1918893099e-03 3.6933018211e+15 
7.4301998226e-03 3.6971922359e+15 
8.9161724377e-03 3.7018628610e+15 
1.0000000000e-02 3.7052730813e+15 
