EXPORTED XY-GRAPH DATA
298 2 2
Transient time
ASPLIT_p_src
1.0000000000e-11 1.5691359400e+13 
2.0000000000e-11 1.5691359401e+13 
3.0000000000e-11 1.5691359401e+13 
4.2000000000e-11 1.5691359401e+13 
5.6400000000e-11 1.5691359401e+13 
7.3680000000e-11 1.5691359401e+13 
9.4416000000e-11 1.5691359401e+13 
1.1929920000e-10 1.5691359401e+13 
1.4915904000e-10 1.5691359401e+13 
1.8499084800e-10 1.5691359401e+13 
2.2798901760e-10 1.5691359401e+13 
2.7958682112e-10 1.5691359401e+13 
3.4150418534e-10 1.5691359401e+13 
4.1580502241e-10 1.5691359401e+13 
5.0496602690e-10 1.5691359401e+13 
6.1195923227e-10 1.5691359401e+13 
7.4035107873e-10 1.5691359401e+13 
8.9442129448e-10 1.5691359401e+13 
1.0000000000e-09 1.5691359401e+13 
1.1266944466e-09 1.7538815795e+13 
1.2179329383e-09 1.9040796754e+13 
1.3122747512e-09 2.0700853379e+13 
1.4254849267e-09 2.2870156579e+13 
1.5613371373e-09 2.5751186691e+13 
1.7243597900e-09 2.9650744441e+13 
1.9199869732e-09 3.5048159022e+13 
2.1547395931e-09 4.2715626876e+13 
2.4364427370e-09 5.3940213129e+13 
2.7744865096e-09 7.0947175164e+13 
3.1801390367e-09 9.7737831856e+13 
3.5938915049e-09 1.3422332637e+14 
3.9976815649e-09 1.8126237550e+14 
4.3955215420e-09 2.4161745538e+14 
4.8187503550e-09 3.2506015606e+14 
5.2525544736e-09 4.3636834977e+14 
5.6771058567e-09 5.7658948664e+14 
6.1215079682e-09 7.6369407233e+14 
6.5704083958e-09 1.0024768263e+15 
6.9342284708e-09 1.2383163556e+15 
7.2806005167e-09 1.5022467155e+15 
7.6751522793e-09 1.8542120669e+15 
8.1486143945e-09 2.3550037978e+15 
8.6669484555e-09 3.0087511433e+15 
9.1881982600e-09 3.7833013762e+15 
9.6907025437e-09 4.6439459871e+15 
1.0000000000e-08 5.2292595866e+15 
1.0371156948e-08 5.2498690672e+15 
1.0816545285e-08 5.2441958955e+15 
1.1238073426e-08 5.2442133376e+15 
1.1743907196e-08 5.2444617757e+15 
1.2350907719e-08 5.2446843473e+15 
1.3079308348e-08 5.2449296953e+15 
1.3953389102e-08 5.2452161135e+15 
1.5002286007e-08 5.2455565684e+15 
1.6260962293e-08 5.2459639871e+15 
1.7771373836e-08 5.2464527727e+15 
1.9583867688e-08 5.2470397798e+15 
2.1758860310e-08 5.2477451140e+15 
2.4368851456e-08 5.2485929489e+15 
2.7500840832e-08 5.2496124220e+15 
3.1259228083e-08 5.2508387221e+15 
3.5769292784e-08 5.2523143895e+15 
4.1181370425e-08 5.2540908855e+15 
4.7675863595e-08 5.2562304775e+15 
5.5469255399e-08 5.2588084713e+15 
6.4821325563e-08 5.2619157776e+15 
7.6043809760e-08 5.2656616764e+15 
8.9510790796e-08 5.2701764737e+15 
1.0567116804e-07 5.2756128712e+15 
1.2506362073e-07 5.2821450136e+15 
1.4833456396e-07 5.2899580997e+15 
1.7625969584e-07 5.2992217048e+15 
2.0976985409e-07 5.3100255706e+15 
2.4998204400e-07 5.3222440362e+15 
2.9823667188e-07 5.3352948013e+15 
3.5614222534e-07 5.3478058880e+15 
4.2562888949e-07 5.3574571104e+15 
5.0901288648e-07 5.3615358391e+15 
6.0907368286e-07 5.3583941001e+15 
7.2914663851e-07 5.3487966824e+15 
8.0119041191e-07 5.3418935221e+15 
8.8764293998e-07 5.3342015924e+15 
9.9138597367e-07 5.3269991199e+15 
1.1158776141e-06 5.3221336522e+15 
1.2652675826e-06 5.3225465565e+15 
1.4445355448e-06 5.3333779696e+15 
1.6596570995e-06 5.3645276223e+15 
1.9178029650e-06 5.4361335522e+15 
2.2275780038e-06 5.5833933947e+15 
2.5993080502e-06 5.8436704064e+15 
3.0453841059e-06 6.2346895917e+15 
3.5806753728e-06 6.7615161231e+15 
4.2230248930e-06 7.4384821121e+15 
4.9938443173e-06 8.3003818291e+15 
5.9188276265e-06 9.4035838822e+15 
7.0288075975e-06 1.0825270173e+16 
8.3607835627e-06 1.2664901284e+16 
9.9591547209e-06 1.5046789008e+16 
1.1877200111e-05 1.8119761818e+16 
1.4178854579e-05 2.2049294477e+16 
1.6940839940e-05 2.6998518324e+16 
2.0255222374e-05 3.3097228521e+16 
2.4232481294e-05 4.0405351781e+16 
2.9005191999e-05 4.8885690318e+16 
3.4732444844e-05 5.8402974853e+16 
4.1605148259e-05 6.8754774847e+16 
4.9852392356e-05 7.9720427839e+16 
5.4800738815e-05 8.5622739414e+16 
6.0738754565e-05 9.2132372180e+16 
6.7864373465e-05 9.9235179910e+16 
7.2139744805e-05 1.0317249194e+17 
7.7270190413e-05 1.0761667747e+17 
8.3426725143e-05 1.1259160821e+17 
9.0814566819e-05 1.1807063413e+17 
9.9679976829e-05 1.2412320914e+17 
1.1031846884e-04 1.3072159569e+17 
1.1670156405e-04 1.3437542704e+17 
1.2436127830e-04 1.3849551487e+17 
1.3355293540e-04 1.4310228126e+17 
1.4458292392e-04 1.4820620633e+17 
1.5120091703e-04 1.5107037291e+17 
1.5914250876e-04 1.5433267809e+17 
1.6867241884e-04 1.5802054873e+17 
1.8010831094e-04 1.6215467491e+17 
1.9383138146e-04 1.6674687944e+17 
2.0206522377e-04 1.6932890534e+17 
2.1194583454e-04 1.7227388658e+17 
2.2380256746e-04 1.7560798735e+17 
2.3091660722e-04 1.7751199746e+17 
2.3945345492e-04 1.7970925524e+17 
2.4969767217e-04 1.8222939485e+17 
2.6199073287e-04 1.8509993429e+17 
2.7674240571e-04 1.8834497725e+17 
2.8559340941e-04 1.9019616615e+17 
2.9621461385e-04 1.9233145890e+17 
3.0896005918e-04 1.9478085786e+17 
3.1660732638e-04 1.9619578240e+17 
3.2578404702e-04 1.9784429704e+17 
3.3679611179e-04 1.9975814403e+17 
3.4340335065e-04 2.0087538267e+17 
3.5133203728e-04 2.0218850909e+17 
3.6084646124e-04 2.0372866727e+17 
3.6655511561e-04 2.0463650222e+17 
3.7340550086e-04 2.0571207757e+17 
3.8162596316e-04 2.0698642613e+17 
3.8655824054e-04 2.0774393061e+17 
3.9247697339e-04 2.0864701637e+17 
3.9957945282e-04 2.0972742265e+17 
4.0384094048e-04 2.1037491231e+17 
4.0895472566e-04 2.1115288156e+17 
4.1202299678e-04 2.1162075646e+17 
4.1570492211e-04 2.1218411043e+17 
4.2012323251e-04 2.1286412357e+17 
4.2542520500e-04 2.1368814959e+17 
4.2860638849e-04 2.1418763269e+17 
4.3242380867e-04 2.1479349421e+17 
4.3700471290e-04 2.1553206006e+17 
4.3975325543e-04 2.1598209137e+17 
4.4305150647e-04 2.1653028061e+17 
4.4700940772e-04 2.1720195105e+17 
4.5175888922e-04 2.1803192600e+17 
4.5460857812e-04 2.1853697264e+17 
4.5802820480e-04 2.1916527963e+17 
4.6213175682e-04 2.1995010676e+17 
4.6459388803e-04 2.2043839112e+17 
4.6754844548e-04 2.2104413835e+17 
4.7109391442e-04 2.2180446053e+17 
4.7322119579e-04 2.2228021839e+17 
4.7577393343e-04 2.2287381274e+17 
4.7883721859e-04 2.2362455804e+17 
4.8067518969e-04 2.2409753054e+17 
4.8288075501e-04 2.2469126739e+17 
4.8552743339e-04 2.2544824859e+17 
4.8711544042e-04 2.2592861496e+17 
4.8902104886e-04 2.2653565225e+17 
4.9130777898e-04 2.2731655563e+17 
4.9267981706e-04 2.2781618222e+17 
4.9432626275e-04 2.2845247031e+17 
4.9630199757e-04 2.2927988620e+17 
4.9748743847e-04 2.2981462403e+17 
4.9890996754e-04 2.3050236402e+17 
5.0061700243e-04 2.3140951793e+17 
5.0164122337e-04 2.3200379908e+17 
5.0287028849e-04 2.3277878861e+17 
5.0434516663e-04 2.3382281744e+17 
5.0523009352e-04 2.3452107399e+17 
5.0629200578e-04 2.3545234619e+17 
5.0692915314e-04 2.3606950492e+17 
5.0769372997e-04 2.3688259841e+17 
5.0861122217e-04 2.3800092997e+17 
5.0916171749e-04 2.3876394906e+17 
5.0982231187e-04 2.3980484782e+17 
5.1061502513e-04 2.4132054311e+17 
5.1109065308e-04 2.4242308044e+17 
5.1166140663e-04 2.4406888788e+17 
5.1200385875e-04 2.4530932554e+17 
5.1241480131e-04 2.4729109935e+17 
5.1253808407e-04 2.4802738126e+17 
5.1268602339e-04 2.4906300522e+17 
5.1286355058e-04 2.5070087478e+17 
5.1297006688e-04 2.5203740943e+17 
5.1303397667e-04 2.5305625588e+17 
5.1311066841e-04 2.5474000942e+17 
5.1315668346e-04 2.5621040449e+17 
5.1318429249e-04 2.5740901177e+17 
5.1321742332e-04 2.5967436934e+17 
5.1323423102e-04 2.6159323015e+17 
5.1324431563e-04 2.6332957569e+17 
5.1325641718e-04 2.6746683693e+17 
5.1326164719e-04 2.7117948552e+17 
5.1326761520e-04 2.8555744376e+17 
5.1326981784e-04 3.0083984852e+17 
5.1327211172e-04 3.4494006760e+17 
5.1327404986e-04 4.7687531295e+17 
5.1327538257e-04 7.0450189257e+17 
5.1327645084e-04 1.0446446475e+18 
5.1327742696e-04 1.5320622045e+18 
5.1327842503e-04 2.1935123164e+18 
5.1327962272e-04 3.0503882543e+18 
5.1328105680e-04 3.9044084482e+18 
5.1328245460e-04 4.4568208520e+18 
5.1328413196e-04 4.8081577708e+18 
5.1328614479e-04 4.9706543988e+18 
5.1328856019e-04 5.0137900918e+18 
5.1329137019e-04 5.0081550857e+18 
5.1329474220e-04 4.9956407229e+18 
5.1329878861e-04 4.9891071955e+18 
5.1330364430e-04 4.9876715039e+18 
5.1330947113e-04 4.9879271430e+18 
5.1331646332e-04 4.9881774965e+18 
5.1332485395e-04 4.9881850672e+18 
5.1333492271e-04 4.9880952960e+18 
5.1334700522e-04 4.9879865295e+18 
5.1336150424e-04 4.9878641747e+18 
5.1337890306e-04 4.9877190540e+18 
5.1339978164e-04 4.9875443995e+18 
5.1342483593e-04 4.9873341773e+18 
5.1345490109e-04 4.9870811901e+18 
5.1349097927e-04 4.9867766229e+18 
5.1353427310e-04 4.9864097814e+18 
5.1358622568e-04 4.9859677075e+18 
5.1364856879e-04 4.9854346917e+18 
5.1372338052e-04 4.9847916877e+18 
5.1381315459e-04 4.9840156136e+18 
5.1392088348e-04 4.9830785271e+18 
5.1405015814e-04 4.9819466646e+18 
5.1420528774e-04 4.9805793433e+18 
5.1439144326e-04 4.9789277359e+18 
5.1461482988e-04 4.9769335493e+18 
5.1488289382e-04 4.9745278791e+18 
5.1520457055e-04 4.9716294493e+18 
5.1559058263e-04 4.9681439448e+18 
5.1605379713e-04 4.9639641499e+18 
5.1660965452e-04 4.9589730669e+18 
5.1727668340e-04 4.9530563468e+18 
5.1807711804e-04 4.9461515128e+18 
5.1903763962e-04 4.9384374340e+18 
5.2019026551e-04 4.9308721494e+18 
5.2157341659e-04 4.9253890812e+18 
5.2323319787e-04 4.9229126894e+18 
5.2522493542e-04 4.9224154784e+18 
5.2761502047e-04 4.9225698390e+18 
5.3048312253e-04 4.9227265480e+18 
5.3392484500e-04 4.9227751959e+18 
5.3805491197e-04 4.9227750291e+18 
5.4301099234e-04 4.9227697751e+18 
5.4895828877e-04 4.9227682429e+18 
5.5609504450e-04 4.9227682714e+18 
5.6465915137e-04 4.9227683814e+18 
5.7493607961e-04 4.9227684001e+18 
5.8726839350e-04 4.9227683976e+18 
6.0206717017e-04 4.9227683965e+18 
6.1982570217e-04 4.9227683965e+18 
6.4113594057e-04 4.9227683965e+18 
6.6670822666e-04 4.9227683965e+18 
6.9739496996e-04 4.9227683965e+18 
7.3421906192e-04 4.9227683965e+18 
7.7840797227e-04 4.9227683965e+18 
8.3143466469e-04 4.9227683965e+18 
8.9506669560e-04 4.9227683965e+18 
9.7142513269e-04 4.9227683965e+18 
1.0630552572e-03 4.9227683965e+18 
1.1730114066e-03 4.9227683965e+18 
1.3049587859e-03 4.9227683965e+18 
1.4632956410e-03 4.9227683965e+18 
1.6532998672e-03 4.9227683965e+18 
1.8813049386e-03 4.9227683965e+18 
2.1549110243e-03 4.9227683965e+18 
2.4832383272e-03 4.9227683965e+18 
2.8772310906e-03 4.9227683965e+18 
3.3500224066e-03 4.9227683965e+18 
3.9173719859e-03 4.9227683965e+18 
4.5981914811e-03 4.9227683965e+18 
5.4151748753e-03 4.9227683965e+18 
6.3955549483e-03 4.9227683965e+18 
7.5720110359e-03 4.9227683965e+18 
8.9837583411e-03 4.9227683965e+18 
1.0000000000e-02 4.9227683965e+18 
