EXPORTED XY-GRAPH DATA
334 2 2
V[1]
I[ASPLIT_drain]
0.0000000000e+00 -1.2188201277e-18 
0.0000000000e+00 6.2638891440e-19 
0.0000000000e+00 3.0429873787e-21 
0.0000000000e+00 -1.4652255994e-19 
0.0000000000e+00 -1.1495933573e-19 
0.0000000000e+00 -9.6334302303e-20 
0.0000000000e+00 -8.0450777146e-20 
0.0000000000e+00 5.6350137336e-20 
0.0000000000e+00 -4.8144275850e-21 
0.0000000000e+00 -1.7018198559e-21 
0.0000000000e+00 -3.6926900196e-20 
0.0000000000e+00 -3.3165022883e-20 
0.0000000000e+00 3.0118019070e-22 
0.0000000000e+00 1.9878369643e-20 
0.0000000000e+00 5.6325912586e-22 
0.0000000000e+00 8.4356684925e-22 
0.0000000000e+00 -1.3228104333e-20 
0.0000000000e+00 -1.0410743424e-20 
0.0000000000e+00 8.0583939579e-21 
0.0000000000e+00 -7.0651756790e-21 
0.0000000000e+00 -5.8690995189e-22 
0.0000000000e+00 1.6551173608e-22 
0.0000000000e+00 -5.3442176384e-22 
0.0000000000e+00 3.3075219465e-21 
0.0000000000e+00 4.6899341056e-22 
0.0000000000e+00 -2.4212694132e-21 
0.0000000000e+00 2.1393536359e-21 
0.0000000000e+00 -1.7229837652e-21 
0.0000000000e+00 1.8430578606e-22 
0.0000000000e+00 -1.1141282123e-22 
0.0000000000e+00 -5.7017618201e-22 
0.0000000000e+00 6.0286377867e-23 
0.0000000000e+00 1.3781501792e-22 
0.0000000000e+00 -9.6169410953e-23 
0.0000000000e+00 1.7903182191e-22 
0.0000000000e+00 1.5164450022e-22 
0.0000000000e+00 -2.6404763421e-22 
0.0000000000e+00 2.5331936234e-22 
0.0000000000e+00 -2.4770410925e-22 
0.0000000000e+00 8.4610888881e-23 
0.0000000000e+00 -1.5664378872e-22 
0.0000000000e+00 1.4707166251e-22 
0.0000000000e+00 3.9310443394e-23 
0.0000000000e+00 -8.0751759094e-23 
0.0000000000e+00 -1.2952091969e-10 
0.0000000000e+00 -8.6499028037e-11 
0.0000000000e+00 -8.7564632215e-11 
0.0000000000e+00 -8.8940627288e-11 
0.0000000000e+00 -9.0764116934e-11 
0.0000000000e+00 -9.3217476256e-11 
0.0000000000e+00 -9.6028712133e-11 
0.0000000000e+00 -9.8593736630e-11 
0.0000000000e+00 -1.0091449312e-10 
0.0000000000e+00 -1.0309991014e-10 
0.0000000000e+00 -1.0518992191e-10 
0.0000000000e+00 -1.0728474381e-10 
0.0000000000e+00 -1.0928969365e-10 
0.0000000000e+00 4.3807528636e-11 
0.0000000000e+00 -7.8233723870e-12 
0.0000000000e+00 -6.6096350011e-12 
0.0000000000e+00 -5.2802666822e-12 
0.0000000000e+00 -3.9192260149e-12 
0.0000000000e+00 -2.6438334221e-12 
0.0000000000e+00 -1.5760361174e-12 
0.0000000000e+00 -7.9866883256e-13 
0.0000000000e+00 -3.2361070134e-13 
0.0000000000e+00 -9.4700484374e-14 
0.0000000000e+00 -2.1875049068e-14 
0.0000000000e+00 -2.1236756328e-14 
0.0000000000e+00 -3.8525396456e-14 
0.0000000000e+00 -5.0828352037e-14 
0.0000000000e+00 -5.5087076664e-14 
0.0000000000e+00 -5.5131451774e-14 
0.0000000000e+00 -5.4240774267e-14 
0.0000000000e+00 -5.3539602429e-14 
0.0000000000e+00 -5.3006542792e-14 
0.0000000000e+00 -5.2450105912e-14 
0.0000000000e+00 -5.1791413256e-14 
0.0000000000e+00 -5.1016830065e-14 
0.0000000000e+00 -5.0119992341e-14 
0.0000000000e+00 -4.9090288933e-14 
0.0000000000e+00 -4.7916509852e-14 
0.0000000000e+00 -4.6589443108e-14 
0.0000000000e+00 -4.5103000903e-14 
0.0000000000e+00 -4.3455205406e-14 
0.0000000000e+00 -4.1649179914e-14 
0.0000000000e+00 -3.9693943419e-14 
0.0000000000e+00 -3.7604828643e-14 
0.0000000000e+00 -3.5583314069e-14 
2.8968776410e-02 9.0058048942e-12 
6.3731308101e-02 9.2958225569e-12 
8.4588827116e-02 9.7181017169e-12 
1.0961784993e-01 1.0207749316e-11 
1.3965267732e-01 1.0767393532e-11 
1.7569447017e-01 1.1603906549e-11 
1.9731954589e-01 1.2276631476e-11 
2.2326963675e-01 1.2993052974e-11 
2.5440974577e-01 1.4091241497e-11 
2.9177787661e-01 1.5674566739e-11 
3.1419875511e-01 1.6815304455e-11 
3.2765128221e-01 1.7767570898e-11 
3.4379431473e-01 1.8833572309e-11 
3.5348013424e-01 1.9530273346e-11 
3.6510311766e-01 2.0431096536e-11 
3.7905069776e-01 2.1617188843e-11 
3.9578779387e-01 2.2872848486e-11 
4.0583005154e-01 2.4168447133e-11 
4.1788076075e-01 2.5546069339e-11 
4.2511118627e-01 2.6457597111e-11 
4.3378769690e-01 2.7619754117e-11 
4.4419950965e-01 2.9143423465e-11 
4.5044659730e-01 3.0131126023e-11 
4.5794310249e-01 3.1400558439e-11 
4.6693890870e-01 3.3058631695e-11 
4.7773387617e-01 3.5272685489e-11 
4.9068783712e-01 3.8318698616e-11 
4.9846021369e-01 4.0390030433e-11 
5.0778706558e-01 4.3165621709e-11 
5.1897928784e-01 4.7008806101e-11 
5.2569462120e-01 4.9637435277e-11 
5.3375302123e-01 5.3183065423e-11 
5.3858806125e-01 5.5549479149e-11 
5.4439010927e-01 5.8668377746e-11 
5.5135256690e-01 6.2886477818e-11 
5.5553004148e-01 6.5707759520e-11 
5.6054301097e-01 6.9433406152e-11 
5.6655857436e-01 7.4485884620e-11 
5.7016791239e-01 7.7872800671e-11 
5.7449911803e-01 8.2356056011e-11 
5.7969656480e-01 8.8454233755e-11 
5.8281503286e-01 9.2554648216e-11 
5.8655719453e-01 9.7996615636e-11 
5.9104778854e-01 1.0542604157e-10 
5.9374214495e-01 1.1043884233e-10 
5.9697537263e-01 1.1711317636e-10 
6.0085524585e-01 1.2626521654e-10 
6.0551109372e-01 1.3933380654e-10 
6.0830460244e-01 1.4853908196e-10 
6.1165681291e-01 1.6132045347e-10 
6.1567946546e-01 1.7991432411e-10 
6.1809305700e-01 1.9325327050e-10 
6.2098936684e-01 2.1211857572e-10 
6.2446493865e-01 2.4031603780e-10 
6.2863562482e-01 2.8616437313e-10 
6.3113803652e-01 3.2301183406e-10 
6.3414093057e-01 3.8206244496e-10 
6.3594266699e-01 4.2885466514e-10 
6.3810475070e-01 5.0262190528e-10 
6.3940200093e-01 5.6005461463e-10 
6.4095870120e-01 6.4874228560e-10 
6.4189272137e-01 7.1630207247e-10 
6.4301354556e-01 8.1807801806e-10 
6.4435853460e-01 9.8571451719e-10 
6.4597252144e-01 1.3073071307e-09 
6.4694091354e-01 1.6168835506e-09 
6.4810298407e-01 2.2461614740e-09 
6.4880022639e-01 2.8959671511e-09 
6.4963691717e-01 4.3699290813e-09 
6.5013732231e-01 6.0990580318e-09 
6.5043756539e-01 7.8031064483e-09 
6.5079785710e-01 1.1381558148e-08 
6.5101403212e-01 1.5159821454e-08 
6.5127344214e-01 2.3814961645e-08 
6.5142420004e-01 3.3386838087e-08 
6.5160510953e-01 5.7573178798e-08 
6.5179547657e-01 1.5424583016e-07 
6.5193272254e-01 6.1449609647e-07 
6.5202590063e-01 2.1719159624e-06 
6.5209162371e-01 5.0868503680e-06 
6.5215323159e-01 9.9648924144e-06 
6.5221999201e-01 1.6820053420e-05 
6.5229947032e-01 2.4221597135e-05 
6.5237619032e-01 2.8978738029e-05 
6.5246825431e-01 3.1849312391e-05 
6.5257873109e-01 3.3036752683e-05 
6.5271130324e-01 3.3268308649e-05 
6.5286467376e-01 3.3183922637e-05 
6.5304871837e-01 3.3101949798e-05 
6.5326957192e-01 3.3089942702e-05 
6.5353459617e-01 3.3121781951e-05 
6.5385262527e-01 3.3169129063e-05 
6.5423426019e-01 3.3223318759e-05 
6.5469222210e-01 3.3286237554e-05 
6.5524177639e-01 3.3361398367e-05 
6.5590124153e-01 3.3451796176e-05 
6.5669259971e-01 3.3560505583e-05 
6.5764222951e-01 3.3691220311e-05 
6.5878178529e-01 3.3848448957e-05 
6.6014925221e-01 3.4037661502e-05 
6.6179021252e-01 3.4265492858e-05 
6.6375936489e-01 3.4540010072e-05 
6.6612234774e-01 3.4871049264e-05 
6.6895792715e-01 3.5270643523e-05 
6.7236062245e-01 3.5753550830e-05 
6.7644385681e-01 3.6337940589e-05 
6.8134373804e-01 3.7046342154e-05 
6.8722359552e-01 3.7906772729e-05 
6.9427942449e-01 3.8954347486e-05 
7.0274641926e-01 4.0233399163e-05 
7.1290681297e-01 4.1800411037e-05 
7.2509928544e-01 4.3727955803e-05 
7.3973025239e-01 4.6110622199e-05 
7.5728741274e-01 4.9073016743e-05 
7.7835600516e-01 5.2782159274e-05 
8.0363831605e-01 5.7464961764e-05 
8.3397708913e-01 6.3435899651e-05 
8.7038361683e-01 7.1143617576e-05 
9.1407145006e-01 8.1242607571e-05 
9.6649684994e-01 9.4716277163e-05 
1.0294073298e+00 1.1308336398e-04 
1.1048999056e+00 1.3877947834e-04 
1.1954909966e+00 1.7583580325e-04 
1.3042003058e+00 2.3104264058e-04 
1.4346514768e+00 3.1597027209e-04 
1.5911928821e+00 4.4975977948e-04 
1.6851177252e+00 5.4828655943e-04 
1.7978275370e+00 6.8465860865e-04 
1.9330793111e+00 8.7320583445e-04 
2.0875946821e+00 1.1186802484e-03 
2.2565867414e+00 1.4179132476e-03 
2.3970069701e+00 1.6863663426e-03 
2.5000000000e+00 1.8927209841e-03 
2.5000000000e+00 1.8927518086e-03 
2.5000000000e+00 1.8927415029e-03 
2.5000000000e+00 1.8927412629e-03 
2.4697789613e+00 1.8314657169e-03 
2.4335137148e+00 1.7587097993e-03 
2.3971608380e+00 1.6867138606e-03 
2.3535373859e+00 1.6016173916e-03 
2.3011892434e+00 1.5014734328e-03 
2.2383714723e+00 1.3843653153e-03 
2.1629901471e+00 1.2486637395e-03 
2.0725325567e+00 1.0935322805e-03 
1.9731242059e+00 9.3398128283e-04 
1.8725124012e+00 7.8560871384e-04 
1.7679738768e+00 6.4670394891e-04 
1.6590379811e+00 5.1958932659e-04 
1.5497796729e+00 4.1076082382e-04 
1.4466984635e+00 3.2499332463e-04 
1.3569209542e+00 2.6272871377e-04 
1.2857910025e+00 2.2079565477e-04 
1.2333148934e+00 1.9362957526e-04 
1.1857642278e+00 1.7151400664e-04 
1.1348754336e+00 1.5025181798e-04 
1.0822152541e+00 1.3061967273e-04 
1.0307381992e+00 1.1351760447e-04 
9.7970993653e-01 9.8382762209e-05 
9.2716961936e-01 8.4481344190e-05 
8.7205746241e-01 7.1529989788e-05 
8.1186131960e-01 5.9061644290e-05 
7.3962594824e-01 4.6111042818e-05 
6.5294350260e-01 3.3066094896e-05 
5.4892456783e-01 2.0494417899e-05 
4.8651320697e-01 1.4407308503e-05 
4.1161957393e-01 8.4879947387e-06 
3.6668339411e-01 5.6714629715e-06 
3.3972168622e-01 4.2551803321e-06 
3.0736763675e-01 2.8348480554e-06 
2.8795520707e-01 2.1314820915e-06 
2.6466029145e-01 1.4355170281e-06 
2.5068334208e-01 1.0944271069e-06 
2.3391100283e-01 7.5826530928e-07 
2.2384759929e-01 5.9309313152e-07 
2.1177151503e-01 4.2870235546e-07 
1.9728021392e-01 2.7602984612e-07 
1.8858543326e-01 2.0541394844e-07 
1.7815169646e-01 1.3889393299e-07 
1.6563121230e-01 8.1678177223e-08 
1.5811892181e-01 5.7336873008e-08 
1.5361154751e-01 4.5767880643e-08 
1.4820269836e-01 3.4492552366e-08 
1.4495738886e-01 2.8935472718e-08 
1.4106301747e-01 2.3317663802e-08 
1.3872639463e-01 2.0439747582e-08 
1.3592244723e-01 1.7422024284e-08 
1.3424007879e-01 1.5819316521e-08 
1.3222123666e-01 1.4083646904e-08 
1.2979862611e-01 1.2247106283e-08 
1.2834505977e-01 1.1262525257e-08 
1.2660078017e-01 1.0186851988e-08 
1.2450764465e-01 9.0351486699e-09 
1.2325176334e-01 8.4106339223e-09 
1.2174470576e-01 7.7214200160e-09 
1.1993623668e-01 6.9738796812e-09 
1.1776607377e-01 6.1798001216e-09 
1.1646397602e-01 5.7519426384e-09 
1.1490145873e-01 5.2819296392e-09 
1.1302643798e-01 4.7745931454e-09 
1.1077641308e-01 4.2382525506e-09 
1.0942639814e-01 3.9502824732e-09 
1.0780638021e-01 3.6346337526e-09 
1.0586235869e-01 3.2945607478e-09 
1.0352953287e-01 2.9355000652e-09 
1.0073014189e-01 2.5651438560e-09 
9.7370872710e-02 2.1931613538e-09 
9.3339749695e-02 1.8304618282e-09 
8.8502402078e-02 1.4880202606e-09 
8.5599993507e-02 1.3206246037e-09 
8.2117103223e-02 1.1494440914e-09 
8.0027369052e-02 1.0598488313e-09 
7.7519688047e-02 9.6332270948e-10 
7.6015079444e-02 9.1052176223e-10 
7.4209549120e-02 8.5167973220e-10 
7.2042912732e-02 7.8690864188e-10 
7.0742930899e-02 7.5082892764e-10 
6.9182952699e-02 7.1003932171e-10 
6.7310978860e-02 6.6440077870e-10 
6.6187794556e-02 6.3861799168e-10 
6.4839973392e-02 6.0914333661e-10 
6.3222587994e-02 5.7573587789e-10 
6.1281725518e-02 5.3824218264e-10 
6.0117208032e-02 5.1700240586e-10 
5.8719787048e-02 4.9266646995e-10 
5.7042881868e-02 4.6500702884e-10 
5.5030595653e-02 4.3385952384e-10 
5.3823223923e-02 4.1616123662e-10 
5.2374377848e-02 3.9583173948e-10 
5.0635762557e-02 3.7265465327e-10 
4.8549424208e-02 3.4645619605e-10 
4.6045818190e-02 3.1712437486e-10 
4.4543654579e-02 3.0057873755e-10 
4.2741058246e-02 2.8155805626e-10 
4.0577942646e-02 2.5996481777e-10 
3.7982203926e-02 2.3562584239e-10 
3.4867317462e-02 2.0843750193e-10 
3.2998385584e-02 1.9307235468e-10 
3.0755667330e-02 1.7547742414e-10 
2.8064405425e-02 1.5546199070e-10 
2.4834891139e-02 1.3284884465e-10 
2.0959473996e-02 1.0747022283e-10 
1.6308973425e-02 7.9151119762e-11 
1.0728372739e-02 4.7670431631e-11 
4.0316519164e-03 1.2692506281e-11 
0.0000000000e+00 -7.2099073680e-12 
