EXPORTED XY-GRAPH DATA
159 2 2
V[1]
I[ASPLIT_drain]
0.0000000000e+00 -1.2188201277e-18 
0.0000000000e+00 6.2638891440e-19 
0.0000000000e+00 3.0429873787e-21 
0.0000000000e+00 -1.4652255994e-19 
0.0000000000e+00 -1.1495933573e-19 
0.0000000000e+00 -9.6334302303e-20 
0.0000000000e+00 -8.0450777146e-20 
0.0000000000e+00 5.6350137336e-20 
0.0000000000e+00 -4.8144275850e-21 
0.0000000000e+00 -1.7018198559e-21 
0.0000000000e+00 -3.6926900196e-20 
0.0000000000e+00 -3.3165022883e-20 
0.0000000000e+00 3.0118019070e-22 
0.0000000000e+00 1.9878369643e-20 
0.0000000000e+00 5.6325912586e-22 
0.0000000000e+00 8.4356684925e-22 
0.0000000000e+00 -1.3228104333e-20 
0.0000000000e+00 -1.0410743424e-20 
0.0000000000e+00 8.0583939579e-21 
0.0000000000e+00 -7.0651756790e-21 
0.0000000000e+00 -5.8690995189e-22 
0.0000000000e+00 1.6551173608e-22 
0.0000000000e+00 -5.3442176384e-22 
0.0000000000e+00 3.3075219465e-21 
0.0000000000e+00 4.6899341056e-22 
0.0000000000e+00 -2.4212694132e-21 
0.0000000000e+00 2.1393536359e-21 
0.0000000000e+00 -1.7229837652e-21 
0.0000000000e+00 1.8430578606e-22 
0.0000000000e+00 -1.1141282123e-22 
0.0000000000e+00 -5.7017618201e-22 
0.0000000000e+00 6.0286377867e-23 
0.0000000000e+00 1.3781501792e-22 
0.0000000000e+00 -9.6169410953e-23 
0.0000000000e+00 1.7903182191e-22 
0.0000000000e+00 1.5164450022e-22 
0.0000000000e+00 -2.6404763421e-22 
0.0000000000e+00 2.5331936234e-22 
0.0000000000e+00 -2.4770410925e-22 
0.0000000000e+00 8.4610888881e-23 
0.0000000000e+00 -1.5664378872e-22 
0.0000000000e+00 1.4707166251e-22 
0.0000000000e+00 3.9310443394e-23 
0.0000000000e+00 -8.0751759094e-23 
0.0000000000e+00 9.0903621923e-11 
0.0000000000e+00 5.7863443370e-11 
0.0000000000e+00 5.7435936638e-11 
0.0000000000e+00 5.7007044657e-11 
0.0000000000e+00 5.6532846288e-11 
0.0000000000e+00 5.6007645359e-11 
0.0000000000e+00 5.5486451661e-11 
0.0000000000e+00 5.5007444255e-11 
0.0000000000e+00 5.4791965616e-11 
0.0000000000e+00 -2.9911277975e-11 
0.0000000000e+00 4.4560733322e-15 
0.0000000000e+00 3.2605712086e-15 
0.0000000000e+00 1.4803552539e-15 
0.0000000000e+00 4.1024746248e-16 
0.0000000000e+00 -3.7156563309e-17 
0.0000000000e+00 -1.1706345514e-16 
0.0000000000e+00 -6.9421152757e-17 
0.0000000000e+00 -1.9552591658e-17 
0.0000000000e+00 2.0191093296e-18 
0.0000000000e+00 5.3345014465e-18 
0.0000000000e+00 3.6611231698e-18 
0.0000000000e+00 2.5003511554e-18 
0.0000000000e+00 2.2652786767e-18 
0.0000000000e+00 2.3020697681e-18 
0.0000000000e+00 2.3248036377e-18 
0.0000000000e+00 2.3267647049e-18 
0.0000000000e+00 2.3239903079e-18 
0.0000000000e+00 2.3227743533e-18 
0.0000000000e+00 2.3210073503e-18 
0.0000000000e+00 2.3182175952e-18 
0.0000000000e+00 2.3068799121e-18 
0.0000000000e+00 2.3064977608e-18 
0.0000000000e+00 2.2616631757e-18 
0.0000000000e+00 2.2322269469e-18 
0.0000000000e+00 2.2250899394e-18 
0.0000000000e+00 2.2239120292e-18 
0.0000000000e+00 2.2238393952e-18 
0.0000000000e+00 2.2593864896e-18 
1.6932729958e-01 1.2249125832e-11 
2.7838627967e-01 7.8781294106e-12 
3.3193993173e-01 7.9739581261e-12 
3.9369267604e-01 8.1224870203e-12 
4.6779596920e-01 8.2970622524e-12 
5.5460915199e-01 8.4422906388e-12 
6.3912869084e-01 8.5244679034e-12 
7.2686946588e-01 8.5777950476e-12 
8.1651465214e-01 8.6151783360e-12 
9.0696162457e-01 8.6423056243e-12 
1.0027722273e+00 8.6632542269e-12 
1.1031828985e+00 8.6790225228e-12 
1.2031534842e+00 8.6899301794e-12 
1.3040547355e+00 8.6974626559e-12 
1.4121141313e+00 8.7026583246e-12 
1.5234668849e+00 8.7055805641e-12 
1.6341047067e+00 8.7064351629e-12 
1.7472526608e+00 8.7057115521e-12 
1.8679024145e+00 8.7034500477e-12 
1.9913261336e+00 8.6998188532e-12 
2.1146528383e+00 8.6950199046e-12 
2.2409415852e+00 8.6891196211e-12 
2.3742996858e+00 8.6819509535e-12 
2.5108065159e+00 8.6737560766e-12 
2.6476628619e+00 8.6648517980e-12 
2.7889643605e+00 8.6551142834e-12 
2.9370407320e+00 8.6445619071e-12 
3.0897567945e+00 8.6335254378e-12 
3.2438671732e+00 8.6224481496e-12 
3.4002931484e+00 8.6105901956e-12 
3.5630064488e+00 8.6005077876e-12 
3.7326646090e+00 8.5897602619e-12 
3.9053016759e+00 8.5797512390e-12 
4.0000000000e+00 8.5749971932e-12 
4.0000000000e+00 -4.4209281177e-12 
4.0000000000e+00 -1.2288681799e-13 
4.0000000000e+00 4.2911616911e-17 
4.0000000000e+00 3.1781675210e-16 
3.9886100502e+00 -1.2074130371e-11 
3.9749421104e+00 -8.5536743428e-12 
3.9585405827e+00 -8.6279230005e-12 
3.9388587494e+00 -8.5922693882e-12 
3.9152405494e+00 -8.5597534372e-12 
3.8868987095e+00 -8.5501948952e-12 
3.8528885016e+00 -8.5520587199e-12 
3.8120762521e+00 -8.5559782400e-12 
3.7631015527e+00 -8.5596639127e-12 
3.7043319134e+00 -8.5635908870e-12 
3.6338083463e+00 -8.5682976159e-12 
3.5491800657e+00 -8.5740555895e-12 
3.4476261291e+00 -8.5810971115e-12 
3.3257614050e+00 -8.5897179583e-12 
3.1795237362e+00 -8.6002913314e-12 
3.0040385337e+00 -8.6132350764e-12 
2.7934562906e+00 -8.6289334675e-12 
2.5407575989e+00 -8.6475101091e-12 
2.2877612588e+00 -8.6648717837e-12 
2.0675159891e+00 -8.6778440093e-12 
1.8706494326e+00 -8.6870219061e-12 
1.6793885569e+00 -8.6931465304e-12 
1.4964333003e+00 -8.6953898034e-12 
1.3261267354e+00 -8.6928669998e-12 
1.1663411282e+00 -8.6845926683e-12 
1.0186603391e+00 -8.6691577347e-12 
8.7864287790e-01 -8.6435865689e-12 
7.4797109330e-01 -8.6033313636e-12 
6.2793078594e-01 -8.5405787584e-12 
5.1688100744e-01 -8.4384065088e-12 
4.1695687426e-01 -8.2697448051e-12 
3.2929415809e-01 -8.0332252788e-12 
2.5468713905e-01 -7.8681886357e-12 
1.9387020213e-01 -7.8594341884e-12 
1.4736534123e-01 -7.8871232547e-12 
1.0674068441e-01 -7.9087477520e-12 
6.3504106762e-02 -7.9320696970e-12 
1.7466680418e-02 -7.9589931603e-12 
0.0000000000e+00 -7.9702665997e-12 
