EXPORTED XY-GRAPH DATA
280 2 2
V[1]
I[ASPLIT_drain]
0.0000000000e+00 6.3409154386e-20 
0.0000000000e+00 -3.1896832329e-20 
0.0000000000e+00 3.9184326134e-22 
0.0000000000e+00 1.2484052358e-20 
0.0000000000e+00 8.7590073876e-22 
0.0000000000e+00 -9.3471267819e-21 
0.0000000000e+00 -7.7013572092e-21 
0.0000000000e+00 2.7716398648e-22 
0.0000000000e+00 -5.3785694176e-21 
0.0000000000e+00 4.4559970083e-22 
0.0000000000e+00 1.2414601357e-22 
0.0000000000e+00 -1.7020845291e-23 
0.0000000000e+00 -2.6501072232e-21 
0.0000000000e+00 -2.0705643172e-21 
0.0000000000e+00 -1.7915597971e-21 
0.0000000000e+00 1.8411943529e-22 
0.0000000000e+00 -1.2357338208e-21 
0.0000000000e+00 7.3387254320e-23 
0.0000000000e+00 -2.9943322692e-23 
0.0000000000e+00 7.8539799664e-22 
0.0000000000e+00 -5.1410707251e-22 
0.0000000000e+00 7.9943797565e-24 
0.0000000000e+00 1.7154924492e-22 
0.0000000000e+00 2.1599086082e-22 
0.0000000000e+00 9.4372237154e-23 
0.0000000000e+00 -2.5091458799e-22 
0.0000000000e+00 8.2871254605e-23 
0.0000000000e+00 2.0686523118e-23 
0.0000000000e+00 1.4213359222e-22 
0.0000000000e+00 -1.7031580318e-22 
0.0000000000e+00 1.2245112224e-22 
0.0000000000e+00 -2.7484690957e-22 
0.0000000000e+00 -2.7403677278e-10 
0.0000000000e+00 -1.7960336424e-10 
0.0000000000e+00 -1.8070624070e-10 
0.0000000000e+00 -1.8202036716e-10 
0.0000000000e+00 -1.8365986311e-10 
0.0000000000e+00 -1.8575614777e-10 
0.0000000000e+00 -1.8847352226e-10 
0.0000000000e+00 -1.9203704890e-10 
0.0000000000e+00 -1.9676825335e-10 
0.0000000000e+00 -2.0198125778e-10 
0.0000000000e+00 -2.0710360317e-10 
0.0000000000e+00 -2.1194946441e-10 
0.0000000000e+00 -2.1636478097e-10 
0.0000000000e+00 -2.2022612689e-10 
0.0000000000e+00 -2.2378230659e-10 
0.0000000000e+00 -2.2750808276e-10 
0.0000000000e+00 -2.3159647048e-10 
0.0000000000e+00 -2.3585077214e-10 
0.0000000000e+00 -2.4025066316e-10 
0.0000000000e+00 -2.4537637801e-10 
0.0000000000e+00 -2.5303913200e-10 
0.0000000000e+00 -2.6630842126e-10 
0.0000000000e+00 -2.9104387979e-10 
0.0000000000e+00 -3.2672204843e-10 
0.0000000000e+00 -3.5641628746e-10 
0.0000000000e+00 -3.7549400181e-10 
0.0000000000e+00 -3.8486382628e-10 
0.0000000000e+00 -3.8697274837e-10 
0.0000000000e+00 -3.8557801511e-10 
4.4272679499e-03 2.1321500927e-09 
6.3614020253e-03 2.3100582366e-09 
7.4850877412e-03 2.4665090991e-09 
8.8335106002e-03 2.6412310010e-09 
1.0451618031e-02 2.8376431721e-09 
1.2393346948e-02 3.0628656287e-09 
1.4723421649e-02 3.3281507799e-09 
1.7519511289e-02 3.6496255169e-09 
2.0874818858e-02 4.0497500741e-09 
2.2888003399e-02 4.3030656512e-09 
2.5303824848e-02 4.6201049300e-09 
2.8202810588e-02 5.0191820438e-09 
2.9942202031e-02 5.2696550734e-09 
3.2029471763e-02 5.5810788491e-09 
3.4534195442e-02 5.9704932974e-09 
3.7539863857e-02 6.4612021670e-09 
3.9343264905e-02 6.7688533143e-09 
4.1507346164e-02 7.1514568869e-09 
4.4104243674e-02 7.6304948529e-09 
4.7220520686e-02 8.2355786021e-09 
4.9090286893e-02 8.6156897043e-09 
5.1334006342e-02 9.0896576803e-09 
5.4026469681e-02 9.6856165839e-09 
5.5641947684e-02 1.0058448194e-08 
5.7580521287e-02 1.0521892864e-08 
5.9906809612e-02 1.1102592544e-08 
6.2698355601e-02 1.1837724081e-08 
6.4373283195e-02 1.2300530095e-08 
6.6383196307e-02 1.2879135086e-08 
6.8795092042e-02 1.3609564357e-08 
7.1689366924e-02 1.4543214720e-08 
7.3425931853e-02 1.5136149054e-08 
7.5509809768e-02 1.5883161947e-08 
7.8010463265e-02 1.6835407916e-08 
8.1011247463e-02 1.8067661304e-08 
8.2811717981e-02 1.8858854217e-08 
8.4972282603e-02 1.9865177370e-08 
8.7564960150e-02 2.1163334373e-08 
9.0676173206e-02 2.2868406300e-08 
9.2542901039e-02 2.3977646558e-08 
9.4782974440e-02 2.5404558244e-08 
9.7471062520e-02 2.7271334289e-08 
1.0069676822e-01 2.9766360449e-08 
1.0456761505e-01 3.3194088444e-08 
1.0921263125e-01 3.8074219799e-08 
1.1478665070e-01 4.5352710261e-08 
1.2147547403e-01 5.6880831814e-08 
1.2950206203e-01 7.6562994504e-08 
1.3913396763e-01 1.1306237659e-07 
1.4491311098e-01 1.4434412831e-07 
1.5184808302e-01 1.9381285336e-07 
1.6017004945e-01 2.7231407182e-07 
1.7015640918e-01 3.9278448337e-07 
1.8214004084e-01 5.6771255750e-07 
1.9652039885e-01 8.1215891342e-07 
2.1377682845e-01 1.1526484997e-06 
2.3448454397e-01 1.6326280565e-06 
2.5933380260e-01 2.3155483943e-06 
2.8915291296e-01 3.2937959812e-06 
3.2493584538e-01 4.7047185566e-06 
3.6787536429e-01 6.7541739280e-06 
4.1940278698e-01 9.7528524117e-06 
4.8123569421e-01 1.4185299392e-05 
5.5025530485e-01 2.0337947734e-05 
6.2247060736e-01 2.8317220881e-05 
7.0193107881e-01 3.9076659797e-05 
7.9423256564e-01 5.4386472352e-05 
8.9850952085e-01 7.5873324689e-05 
9.7908835472e-01 9.6158361606e-05 
1.0366768136e+00 1.1301422911e-04 
1.0923000312e+00 1.3145526206e-04 
1.1526847342e+00 1.5420903257e-04 
1.2132582052e+00 1.8028021480e-04 
1.2715161766e+00 2.0881051306e-04 
1.3308196192e+00 2.4172843883e-04 
1.3941266931e+00 2.8162703837e-04 
1.4622996146e+00 3.3059101772e-04 
1.5348623815e+00 3.9007138644e-04 
1.6114512276e+00 4.6154714815e-04 
1.6919254745e+00 5.4655181798e-04 
1.7758530172e+00 6.4602038645e-04 
1.8622968191e+00 7.5970281189e-04 
1.9507840993e+00 8.8725852045e-04 
2.0402593441e+00 1.0268532539e-03 
2.1281479004e+00 1.1734044657e-03 
2.2123229501e+00 1.3216353529e-03 
2.2926698039e+00 1.4695799336e-03 
2.3701089705e+00 1.6175425848e-03 
2.4453126670e+00 1.7658110479e-03 
2.5187627146e+00 1.9145632871e-03 
2.5909770617e+00 2.0642415418e-03 
2.6625393130e+00 2.2156176847e-03 
2.7339528676e+00 2.3694359809e-03 
2.8055892690e+00 2.5262539744e-03 
2.8777319807e+00 2.6865100377e-03 
2.9505834891e+00 2.8505040119e-03 
3.0242424945e+00 3.0183090412e-03 
3.0987299265e+00 3.1898251248e-03 
3.1739196057e+00 3.3646950214e-03 
3.2495876822e+00 3.5423030732e-03 
3.3256829194e+00 3.7224164461e-03 
3.4023003403e+00 3.9051611841e-03 
3.4796463332e+00 4.0909444084e-03 
3.5579228682e+00 4.2801879419e-03 
3.6372566571e+00 4.4731463221e-03 
3.7177140094e+00 4.6699337203e-03 
3.7994126046e+00 4.8708006199e-03 
3.8825482008e+00 5.0761989307e-03 
3.9673600740e+00 5.2866709084e-03 
4.0545588106e+00 5.5039507002e-03 
4.1462853705e+00 5.7335183598e-03 
4.2444011485e+00 5.9798975153e-03 
4.3482772563e+00 6.2413847939e-03 
4.4572070808e+00 6.5163705977e-03 
4.5747867988e+00 6.8139932405e-03 
4.7139536985e+00 7.1672040799e-03 
4.8809539781e+00 7.5921756935e-03 
5.0813543137e+00 8.1031177062e-03 
5.3164572982e+00 8.7030189835e-03 
5.5760539320e+00 9.3654544709e-03 
5.8529645545e+00 1.0070653581e-02 
6.0000000000e+00 1.0443882754e-02 
6.0000000000e+00 1.0443913003e-02 
6.0000000000e+00 1.0443904817e-02 
6.0000000000e+00 1.0443903836e-02 
6.0000000000e+00 1.0443903897e-02 
5.8760839488e+00 1.0129455870e-02 
5.7661039136e+00 9.8497414026e-03 
5.6937626806e+00 9.6655245995e-03 
5.6069532011e+00 9.4442704909e-03 
5.5027818256e+00 9.1785585850e-03 
5.3943837735e+00 8.9019248833e-03 
5.2919112795e+00 8.6403827896e-03 
5.1931585945e+00 8.3883781647e-03 
5.0945025258e+00 8.1366610815e-03 
4.9953408314e+00 7.8837385809e-03 
4.8961038808e+00 7.6307704174e-03 
4.7968243237e+00 7.3779634508e-03 
4.6967539849e+00 7.1235108425e-03 
4.5951309890e+00 6.8655817761e-03 
4.4913549092e+00 6.6027413812e-03 
4.3848779088e+00 6.3337128743e-03 
4.2748615789e+00 6.0565198711e-03 
4.1609445586e+00 5.7703296640e-03 
4.0430773543e+00 5.4753146964e-03 
3.9220139986e+00 5.1740581568e-03 
3.7987316227e+00 4.8691477048e-03 
3.6740938762e+00 4.5631366201e-03 
3.5506484440e+00 4.2625714054e-03 
3.4309144656e+00 3.9737612999e-03 
3.3176433152e+00 3.7033332141e-03 
3.2147730785e+00 3.4604013147e-03 
3.1244827045e+00 3.2495268913e-03 
3.0414152054e+00 3.0576733739e-03 
2.9587109920e+00 2.8688751018e-03 
2.8748916848e+00 2.6800622910e-03 
2.7910571719e+00 2.4940884118e-03 
2.7070153520e+00 2.3108665953e-03 
2.6217825046e+00 2.1287104861e-03 
2.5345560717e+00 1.9465688333e-03 
2.4447025348e+00 1.7640190673e-03 
2.3508158976e+00 1.5795184859e-03 
2.2497288992e+00 1.3889542334e-03 
2.1284245011e+00 1.1729754374e-03 
1.9828592234e+00 9.3521864446e-04 
1.8987759562e+00 8.1011968270e-04 
1.7978760357e+00 6.7320395239e-04 
1.6767961310e+00 5.2927630512e-04 
1.5315002455e+00 3.8687887398e-04 
1.3571451828e+00 2.5767695528e-04 
1.1703395335e+00 1.6157752042e-04 
9.8084615813e-01 9.6827162878e-05 
8.0246096900e-01 5.6124219659e-05 
7.2475553669e-01 4.2773598551e-05 
6.3150901793e-01 2.9548812541e-05 
5.7556110667e-01 2.2941258854e-05 
5.0842361315e-01 1.6264449606e-05 
4.2785862094e-01 1.0025952405e-05 
3.8760204996e-01 7.6165381842e-06 
3.3929416477e-01 5.3090759946e-06 
2.8663636959e-01 3.4424654602e-06 
2.6603769950e-01 2.8728475701e-06 
2.4131929539e-01 2.2919533723e-06 
2.2648825293e-01 1.9922553176e-06 
2.0869100197e-01 1.6760831963e-06 
1.9801265139e-01 1.5073808033e-06 
1.9160564105e-01 1.4131917965e-06 
1.8391722863e-01 1.3067015417e-06 
1.7469113374e-01 1.1878314805e-06 
1.6915547680e-01 1.1209510139e-06 
1.6251268847e-01 1.0448273758e-06 
1.5454134248e-01 9.5907859289e-07 
1.4975853489e-01 9.1040467916e-07 
1.4401916577e-01 8.5455970604e-07 
1.3713192284e-01 7.9099151037e-07 
1.3299957707e-01 7.5454836424e-07 
1.2804076216e-01 7.1237015756e-07 
1.2209018426e-01 6.6382264717e-07 
1.1851983753e-01 6.3570521420e-07 
1.1423542144e-01 6.0287945631e-07 
1.0909412214e-01 5.6469251863e-07 
1.0292456297e-01 5.2041958422e-07 
9.9222827475e-02 4.9459577236e-07 
9.4780744878e-02 4.6425101217e-07 
8.9450245761e-02 4.2865611236e-07 
8.6251946290e-02 4.0769533129e-07 
8.2413986926e-02 3.8289412954e-07 
7.7808435689e-02 3.5359883607e-07 
7.2281774204e-02 3.1908476887e-07 
6.8965777313e-02 2.9872477670e-07 
6.4986581044e-02 2.7465014142e-07 
6.0211545521e-02 2.4632134710e-07 
5.4481502894e-02 2.1327394261e-07 
4.7605451741e-02 1.7532074182e-07 
3.9354190357e-02 1.3296223736e-07 
2.9452676697e-02 8.8031941887e-08 
1.7570860305e-02 4.4252389324e-08 
3.3126806347e-03 6.6147220975e-09 
0.0000000000e+00 -5.4054250039e-11 
