EXPORTED XY-GRAPH DATA
216 2 2
V[1]
I[ASPLIT_drain]
0.0000000000e+00 6.3409154386e-20 
0.0000000000e+00 -3.1896832329e-20 
0.0000000000e+00 3.9184326134e-22 
0.0000000000e+00 1.2484052358e-20 
0.0000000000e+00 8.7590073876e-22 
0.0000000000e+00 -9.3471267819e-21 
0.0000000000e+00 -7.7013572092e-21 
0.0000000000e+00 2.7716398648e-22 
0.0000000000e+00 -5.3785694176e-21 
0.0000000000e+00 4.4559970083e-22 
0.0000000000e+00 1.2414601357e-22 
0.0000000000e+00 -1.7020845291e-23 
0.0000000000e+00 -2.6501072232e-21 
0.0000000000e+00 -2.0705643172e-21 
0.0000000000e+00 -1.7915597971e-21 
0.0000000000e+00 1.8411943529e-22 
0.0000000000e+00 -1.2357338208e-21 
0.0000000000e+00 7.3387254320e-23 
0.0000000000e+00 -2.9943322692e-23 
0.0000000000e+00 7.8539799664e-22 
0.0000000000e+00 -5.1410707251e-22 
0.0000000000e+00 7.9943797565e-24 
0.0000000000e+00 1.7154924492e-22 
0.0000000000e+00 2.1599086082e-22 
0.0000000000e+00 9.4372237154e-23 
0.0000000000e+00 -2.5091458799e-22 
0.0000000000e+00 8.2871254605e-23 
0.0000000000e+00 2.0686523118e-23 
0.0000000000e+00 1.4213359222e-22 
0.0000000000e+00 -1.7031580318e-22 
0.0000000000e+00 1.2245112224e-22 
0.0000000000e+00 -2.7484690957e-22 
0.0000000000e+00 -5.3089451538e-10 
0.0000000000e+00 -3.5065534880e-10 
0.0000000000e+00 -3.5322088696e-10 
0.0000000000e+00 -3.5628159197e-10 
0.0000000000e+00 -3.6010162563e-10 
0.0000000000e+00 -3.6495816602e-10 
0.0000000000e+00 -3.7121036463e-10 
0.0000000000e+00 -3.7917976555e-10 
0.0000000000e+00 -3.8757120783e-10 
0.0000000000e+00 -3.9564366758e-10 
0.0000000000e+00 -4.0317257440e-10 
0.0000000000e+00 -4.0979434137e-10 
0.0000000000e+00 -4.1533583563e-10 
0.0000000000e+00 -4.2039724307e-10 
0.0000000000e+00 -4.2582365966e-10 
0.0000000000e+00 -4.3192944467e-10 
0.0000000000e+00 -4.3824046458e-10 
0.0000000000e+00 -4.4437100988e-10 
0.0000000000e+00 -4.5080458839e-10 
0.0000000000e+00 -4.5934541666e-10 
0.0000000000e+00 -4.7327192677e-10 
0.0000000000e+00 -5.0036102183e-10 
0.0000000000e+00 -5.4914270144e-10 
0.0000000000e+00 -6.1411747235e-10 
0.0000000000e+00 -6.6618461440e-10 
0.0000000000e+00 -7.0193394558e-10 
0.0000000000e+00 -7.1877189323e-10 
0.0000000000e+00 -7.2189504749e-10 
0.0000000000e+00 -7.1854926330e-10 
0.0000000000e+00 -7.1357295370e-10 
0.0000000000e+00 -7.0933815850e-10 
0.0000000000e+00 -7.0832086665e-10 
0.0000000000e+00 -7.1160249688e-10 
0.0000000000e+00 -7.2099704861e-10 
0.0000000000e+00 -7.3779606440e-10 
0.0000000000e+00 -7.4567332795e-10 
1.9999408197e-03 3.1767531197e-08 
3.7466181094e-03 5.3106140318e-08 
4.9416367143e-03 6.5990391609e-08 
6.3756590401e-03 8.0002586125e-08 
8.0964858311e-03 9.5358521909e-08 
1.0161477980e-02 1.1246102743e-07 
1.2639468559e-02 1.3201926222e-07 
1.5613057254e-02 1.5524361479e-07 
1.9181363688e-02 1.8418604512e-07 
2.3463331408e-02 2.2237350601e-07 
2.8601692673e-02 2.7603860182e-07 
3.4767726191e-02 3.5653522433e-07 
4.2166966412e-02 4.8446724483e-07 
5.1046054677e-02 6.9262213704e-07 
6.1700960595e-02 1.0112650379e-06 
7.4486847697e-02 1.4250969698e-06 
8.7985888783e-02 1.8241440876e-06 
1.0389078851e-01 2.2243165145e-06 
1.2023822134e-01 2.5875595395e-06 
1.3755856385e-01 2.9525826005e-06 
1.5834297485e-01 3.3873630607e-06 
1.8328426806e-01 3.9218011972e-06 
2.1321381991e-01 4.6004365310e-06 
2.4462263886e-01 5.3751219534e-06 
2.7616360197e-01 6.2358866640e-06 
3.0931994937e-01 7.2511433133e-06 
3.4452557443e-01 8.4764532610e-06 
3.8273094513e-01 1.0001549304e-05 
4.2358796061e-01 1.1877403920e-05 
4.6771763879e-01 1.4202993026e-05 
5.1604049623e-01 1.7119429081e-05 
5.6919572403e-01 2.0790224054e-05 
6.2777833877e-01 2.5421797252e-05 
6.9246830579e-01 3.1287063808e-05 
7.6427284538e-01 3.8774092240e-05 
8.4476872171e-01 4.8472465241e-05 
9.3633761173e-01 6.1332030192e-05 
1.0424538408e+00 7.8989681237e-05 
1.1679112511e+00 1.0446643199e-04 
1.3175710283e+00 1.4347541326e-04 
1.4881660341e+00 2.0508932421e-04 
1.6603268715e+00 2.9915320842e-04 
1.8246642304e+00 4.4256850883e-04 
1.9837857378e+00 6.5010962571e-04 
2.1349854709e+00 9.0170805815e-04 
2.2350477445e+00 1.0899515189e-03 
2.3442333540e+00 1.3156649773e-03 
2.4009770002e+00 1.4415459572e-03 
2.4350231879e+00 1.5195061206e-03 
2.4758786131e+00 1.6147734826e-03 
2.5249051234e+00 1.7304912417e-03 
2.5837369358e+00 1.8702809947e-03 
2.6543351106e+00 2.0386193858e-03 
2.7390529204e+00 2.2412093059e-03 
2.8407142922e+00 2.4851818026e-03 
2.9627079383e+00 2.7794552899e-03 
3.1015699219e+00 3.1165911049e-03 
3.2503268460e+00 3.4802651594e-03 
3.4111194781e+00 3.8759256323e-03 
3.5870379418e+00 4.3117123306e-03 
3.7785248437e+00 4.7892826095e-03 
3.9838053624e+00 5.3045298136e-03 
4.1960102955e+00 5.8402221389e-03 
4.4020184440e+00 6.3629007556e-03 
4.5943301655e+00 6.8529029592e-03 
4.7753641003e+00 7.3155893339e-03 
4.9500207412e+00 7.7628688777e-03 
5.1230844181e+00 8.2065128241e-03 
5.2941441523e+00 8.6449883899e-03 
5.4620967008e+00 9.0749394272e-03 
5.6268555494e+00 9.4959899522e-03 
5.7867646823e+00 9.9036222732e-03 
5.9394951568e+00 1.0291707309e-02 
6.0000000000e+00 1.0445052988e-02 
6.0000000000e+00 1.0445161709e-02 
6.0000000000e+00 1.0445201668e-02 
6.0000000000e+00 1.0445209188e-02 
6.0000000000e+00 1.0445206258e-02 
6.0000000000e+00 1.0445202700e-02 
6.0000000000e+00 1.0445201564e-02 
5.8934666534e+00 1.0175230263e-02 
5.7656266374e+00 9.8502811565e-03 
5.6277135536e+00 9.4987559943e-03 
5.4622178530e+00 9.0759286249e-03 
5.2636230122e+00 8.5675972036e-03 
5.0253092033e+00 7.9568107106e-03 
4.7393326326e+00 7.2246140302e-03 
4.3961607478e+00 6.3495582466e-03 
3.9843544860e+00 5.3080926232e-03 
3.5025189846e+00 4.1054354236e-03 
3.0260371818e+00 2.9390092326e-03 
2.5953745828e+00 1.9097433828e-03 
2.2307600556e+00 1.0539405279e-03 
2.0999081545e+00 7.5042417301e-04 
1.9763766750e+00 4.9941703531e-04 
1.9184193557e+00 4.1628827802e-04 
1.8929951467e+00 3.8718678279e-04 
1.8716795180e+00 3.6562017986e-04 
1.8461127594e+00 3.4260800615e-04 
1.8185304495e+00 3.2066670478e-04 
1.7920678282e+00 3.0192004346e-04 
1.7661336380e+00 2.8535846830e-04 
1.7395070008e+00 2.6992596573e-04 
1.7119334440e+00 2.5537524521e-04 
1.6836502785e+00 2.4174895813e-04 
1.6547151564e+00 2.2898774148e-04 
1.6249302200e+00 2.1694001437e-04 
1.5935572065e+00 2.0530127367e-04 
1.5598723810e+00 1.9386529554e-04 
1.5239769514e+00 1.8275100877e-04 
1.4861788954e+00 1.7211099358e-04 
1.4466824043e+00 1.6203475158e-04 
1.4054869188e+00 1.5254353905e-04 
1.3627204210e+00 1.4368250468e-04 
1.3186414814e+00 1.3550607369e-04 
1.2734942464e+00 1.2804019594e-04 
1.2274970972e+00 1.2128104604e-04 
1.1808623065e+00 1.1519971425e-04 
1.1338734615e+00 1.0975230528e-04 
1.0869463633e+00 1.0488980063e-04 
1.0408452927e+00 1.0058589347e-04 
9.9659926590e-01 9.6837677958e-05 
9.5492277282e-01 9.3636807204e-05 
9.1575127341e-01 9.0954923667e-05 
8.7814166935e-01 8.8744821719e-05 
8.4125048440e-01 8.6981202022e-05 
8.0386756506e-01 8.5587921730e-05 
7.6463773592e-01 8.4424631792e-05 
7.2217032199e-01 8.3300189472e-05 
6.7383497369e-01 8.1965892124e-05 
6.1583255573e-01 8.0049720612e-05 
5.4622965418e-01 7.6965449148e-05 
5.0446791325e-01 7.4562792445e-05 
4.5435382414e-01 7.1040016432e-05 
3.9421691720e-01 6.5801571524e-05 
3.5813477304e-01 6.2093853017e-05 
3.1483620005e-01 5.7058909530e-05 
2.6287791245e-01 5.0143069168e-05 
2.0162957840e-01 4.0721853353e-05 
1.4155938706e-01 3.0102680908e-05 
1.2716757855e-01 2.7353341005e-05 
1.0989740834e-01 2.3946788658e-05 
8.9173204085e-02 1.9705237337e-05 
7.6738681533e-02 1.7082621057e-05 
6.1817254470e-02 1.3862239296e-05 
4.3911541996e-02 9.9044158958e-06 
2.2424687026e-02 5.0628941612e-06 
0.0000000000e+00 -5.1955546430e-11 
