EXPORTED XY-GRAPH DATA
345 2 2
V[1]
I[ASPLIT_drain]
0.0000000000e+00 6.3409154386e-20 
0.0000000000e+00 -3.1896832329e-20 
0.0000000000e+00 3.9184326134e-22 
0.0000000000e+00 1.2484052358e-20 
0.0000000000e+00 8.7590073876e-22 
0.0000000000e+00 -9.3471267819e-21 
0.0000000000e+00 -7.7013572092e-21 
0.0000000000e+00 2.7716398648e-22 
0.0000000000e+00 -5.3785694176e-21 
0.0000000000e+00 4.4559970083e-22 
0.0000000000e+00 1.2414601357e-22 
0.0000000000e+00 -1.7020845291e-23 
0.0000000000e+00 -2.6501072232e-21 
0.0000000000e+00 -2.0705643172e-21 
0.0000000000e+00 -1.7915597971e-21 
0.0000000000e+00 1.8411943529e-22 
0.0000000000e+00 -1.2357338208e-21 
0.0000000000e+00 7.3387254320e-23 
0.0000000000e+00 -2.9943322692e-23 
0.0000000000e+00 7.8539799664e-22 
0.0000000000e+00 -5.1410707251e-22 
0.0000000000e+00 7.9943797565e-24 
0.0000000000e+00 1.7154924492e-22 
0.0000000000e+00 2.1599086082e-22 
0.0000000000e+00 9.4372237154e-23 
0.0000000000e+00 -2.5091458799e-22 
0.0000000000e+00 8.2871254605e-23 
0.0000000000e+00 2.0686523118e-23 
0.0000000000e+00 1.4213359222e-22 
0.0000000000e+00 -1.7031580318e-22 
0.0000000000e+00 1.2245112224e-22 
0.0000000000e+00 -2.7484690957e-22 
0.0000000000e+00 -1.8255800335e-10 
0.0000000000e+00 -1.1932128213e-10 
0.0000000000e+00 -1.1987768656e-10 
0.0000000000e+00 -1.2051138716e-10 
0.0000000000e+00 -1.2128802668e-10 
0.0000000000e+00 -1.2227188622e-10 
0.0000000000e+00 -1.2353622508e-10 
0.0000000000e+00 -1.2517841179e-10 
0.0000000000e+00 -1.2733532770e-10 
0.0000000000e+00 -1.3020312908e-10 
0.0000000000e+00 -1.3380150011e-10 
0.0000000000e+00 -1.3760198318e-10 
0.0000000000e+00 -1.4129923968e-10 
0.0000000000e+00 -1.4481102265e-10 
0.0000000000e+00 -1.4803993923e-10 
0.0000000000e+00 -1.5099782449e-10 
0.0000000000e+00 -1.5396303502e-10 
0.0000000000e+00 -1.5719758053e-10 
0.0000000000e+00 -1.6067418053e-10 
0.0000000000e+00 -1.6435470277e-10 
0.0000000000e+00 -1.6845922518e-10 
0.0000000000e+00 -1.7421370842e-10 
0.0000000000e+00 -1.8389187964e-10 
0.0000000000e+00 -1.9065912011e-10 
1.4189678742e-03 2.5188718534e-10 
2.3684803739e-03 2.7771753036e-10 
3.1638815481e-03 3.6617057807e-10 
4.1183629573e-03 4.6505113930e-10 
5.2637406482e-03 5.7529050085e-10 
6.6381938774e-03 6.9808367739e-10 
8.2875377523e-03 8.3492342244e-10 
1.0266750402e-02 9.8834875982e-10 
1.2641805582e-02 1.1618173194e-09 
1.5491871798e-02 1.3603217674e-09 
1.8911951257e-02 1.5907128136e-09 
2.0963998933e-02 1.7272712195e-09 
2.3426456144e-02 1.8903137141e-09 
2.6381404796e-02 2.0852678704e-09 
2.8154373988e-02 2.2022481481e-09 
3.0281937018e-02 2.3425625586e-09 
3.2835012654e-02 2.5106389661e-09 
3.4366858035e-02 2.6113287290e-09 
3.6205072493e-02 2.7318410861e-09 
3.8410929843e-02 2.8757627145e-09 
3.9734444252e-02 2.9617001492e-09 
4.1322661544e-02 3.0642963224e-09 
4.3228522294e-02 3.1864912880e-09 
4.5515555194e-02 3.3315724337e-09 
4.6887774934e-02 3.4177471363e-09 
4.8534438622e-02 3.5201925842e-09 
5.0510435047e-02 3.6416112446e-09 
5.2881630758e-02 3.7849714318e-09 
5.4304348184e-02 3.8697274666e-09 
5.6011609096e-02 3.9701396200e-09 
5.8060322190e-02 4.0887254991e-09 
5.9289550046e-02 4.1588812620e-09 
6.0764623474e-02 4.2420871206e-09 
6.2534711587e-02 4.3405407224e-09 
6.4658817323e-02 4.4567453766e-09 
6.5933280764e-02 4.5254995056e-09 
6.7462636894e-02 4.6071030195e-09 
6.9297864250e-02 4.7038211036e-09 
7.1500137077e-02 4.8183340968e-09 
7.2821500773e-02 4.8863269903e-09 
7.4407137208e-02 4.9673276021e-09 
7.6309900931e-02 5.0638510212e-09 
7.7451559164e-02 5.1214906789e-09 
7.8821549045e-02 5.1904828613e-09 
8.0465536901e-02 5.2731586152e-09 
8.2438322328e-02 5.3724487853e-09 
8.3621993585e-02 5.4321754819e-09 
8.5042399092e-02 5.5041311459e-09 
8.6746885702e-02 5.5910751076e-09 
8.8792269633e-02 5.6965973891e-09 
9.0019499992e-02 5.7606815788e-09 
9.1492176422e-02 5.8385217121e-09 
9.3259388139e-02 5.9335328178e-09 
9.4319715169e-02 5.9914877718e-09 
9.5592107604e-02 6.0621004890e-09 
9.7118978528e-02 6.1485530154e-09 
9.8951223635e-02 6.2550827065e-09 
1.0005057070e-01 6.3206009567e-09 
1.0136978718e-01 6.4009737930e-09 
1.0295284695e-01 6.5001811105e-09 
1.0485251868e-01 6.6236217000e-09 
1.0599232171e-01 6.7001768599e-09 
1.0736008536e-01 6.7947338993e-09 
1.0900140173e-01 6.9124035654e-09 
1.1097098138e-01 7.0602359459e-09 
1.1215272917e-01 7.1526876149e-09 
1.1357082651e-01 7.2676407165e-09 
1.1527254333e-01 7.4118452638e-09 
1.1629357342e-01 7.5018605703e-09 
1.1751880952e-01 7.6135876328e-09 
1.1898909285e-01 7.7533640883e-09 
1.2075343285e-01 7.9299676576e-09 
1.2181203684e-01 8.0408883177e-09 
1.2308236164e-01 8.1792686550e-09 
1.2460675139e-01 8.3534647722e-09 
1.2643601910e-01 8.5752138932e-09 
1.2863114035e-01 8.8615067536e-09 
1.2994821309e-01 9.0447951786e-09 
1.3152870039e-01 9.2772635361e-09 
1.3342528515e-01 9.5759832805e-09 
1.3570118686e-01 9.9661894107e-09 
1.3706672788e-01 1.0218598164e-08 
1.3870537711e-01 1.0541605471e-08 
1.4067175619e-01 1.0961348946e-08 
1.4303141108e-01 1.1517436371e-08 
1.4586299695e-01 1.2272777007e-08 
1.4926090000e-01 1.3332997731e-08 
1.5129964182e-01 1.4064885512e-08 
1.5374613201e-01 1.5058186813e-08 
1.5668192025e-01 1.6451612697e-08 
1.6020486612e-01 1.8493729365e-08 
1.6443240117e-01 2.1671493611e-08 
1.6950544323e-01 2.7057292730e-08 
1.7254926847e-01 3.1479463700e-08 
1.7620185876e-01 3.8571145600e-08 
1.7839341293e-01 4.4089898512e-08 
1.8102327793e-01 5.2443673520e-08 
1.8260119693e-01 5.8594545828e-08 
1.8449469974e-01 6.7404842600e-08 
1.8676690310e-01 8.0546421717e-08 
1.8813022512e-01 9.0046804393e-08 
1.8976621154e-01 1.0335753417e-07 
1.9172939525e-01 1.2252324496e-07 
1.9408521570e-01 1.5080113782e-07 
1.9691220023e-01 1.9304753096e-07 
2.0030458168e-01 2.5519719816e-07 
2.0437543941e-01 3.4131363215e-07 
2.0926046869e-01 4.4921796631e-07 
2.1512250383e-01 5.7191142301e-07 
2.2215694599e-01 7.0787258346e-07 
2.3059827659e-01 8.6898642296e-07 
2.4072787331e-01 1.0780721637e-06 
2.5288338937e-01 1.3632142095e-06 
2.6747000864e-01 1.7580757972e-06 
2.8497395177e-01 2.3082740113e-06 
3.0597868352e-01 3.0791148178e-06 
3.3118436162e-01 4.1638748393e-06 
3.6143117534e-01 5.6946192782e-06 
3.9772735181e-01 7.8577431415e-06 
4.3886068291e-01 1.0733364579e-05 
4.8036703288e-01 1.4087796762e-05 
5.2251270046e-01 1.7959790437e-05 
5.6889878388e-01 2.2772825750e-05 
6.2160358699e-01 2.8969401634e-05 
6.8021827215e-01 3.6827097723e-05 
7.4458473569e-01 4.6741067635e-05 
8.1538725595e-01 5.9398170897e-05 
8.9373384496e-01 7.5890332165e-05 
9.8016549710e-01 9.7695127281e-05 
1.0749468610e+00 1.2692108718e-04 
1.1780773589e+00 1.6651867425e-04 
1.2888077620e+00 2.2024727623e-04 
1.4057067395e+00 2.9230559069e-04 
1.5253172470e+00 3.8518698145e-04 
1.6424572965e+00 4.9698991382e-04 
1.7524906161e+00 6.2154237250e-04 
1.8537195322e+00 7.5255149990e-04 
1.9491902623e+00 8.8975704991e-04 
2.0440591681e+00 1.0381808377e-03 
2.1439194775e+00 1.2061819229e-03 
2.2501355325e+00 1.3966261516e-03 
2.3640040989e+00 1.6124663344e-03 
2.4848818769e+00 1.8529369144e-03 
2.6123205632e+00 2.1171580409e-03 
2.7470301719e+00 2.4061422671e-03 
2.8899525040e+00 2.7218173052e-03 
3.0413218049e+00 3.0644828779e-03 
3.2013930899e+00 3.4347976959e-03 
3.3703660177e+00 3.8333626982e-03 
3.5480002606e+00 4.2595187375e-03 
3.7342393811e+00 4.7126454200e-03 
3.9287665435e+00 5.1915965000e-03 
4.1306024643e+00 5.6938744678e-03 
4.3362903024e+00 6.2105921290e-03 
4.5376844593e+00 6.7202403967e-03 
4.7370127725e+00 7.2273835189e-03 
4.9352150736e+00 7.7334642149e-03 
5.1361989296e+00 8.2475955945e-03 
5.3441523535e+00 8.7798758061e-03 
5.5641680499e+00 9.3424801479e-03 
5.8059504983e+00 9.9589936511e-03 
6.0000000000e+00 1.0451764297e-02 
6.0000000000e+00 1.0451860111e-02 
6.0000000000e+00 1.0451852124e-02 
6.0000000000e+00 1.0451845781e-02 
5.7919676486e+00 9.9235667227e-03 
5.6368356117e+00 9.5281533069e-03 
5.5355507342e+00 9.2694962440e-03 
5.4140088813e+00 8.9587353693e-03 
5.2923243817e+00 8.6473442408e-03 
5.1874921542e+00 8.3789969491e-03 
5.0865567732e+00 8.1206620850e-03 
4.9866582047e+00 7.8651023177e-03 
4.8904752418e+00 7.6192184016e-03 
4.7982539219e+00 7.3837014654e-03 
4.7084187827e+00 7.1545926388e-03 
4.6197158281e+00 6.9287607130e-03 
4.5314959712e+00 6.7046159461e-03 
4.4438869031e+00 6.4825537633e-03 
4.3570322690e+00 6.2629983822e-03 
4.2707092455e+00 6.0454438626e-03 
4.1840288802e+00 5.8277224607e-03 
4.0956405930e+00 5.6065637791e-03 
4.0061308664e+00 5.3835656378e-03 
3.9169601954e+00 5.1624271721e-03 
3.8286680673e+00 4.9445281444e-03 
3.7412319209e+00 4.7298139409e-03 
3.6546748362e+00 4.5183954948e-03 
3.5690123076e+00 4.3103872924e-03 
3.4841489046e+00 4.1056321218e-03 
3.3998224639e+00 3.9036045883e-03 
3.3156901816e+00 3.7036763843e-03 
3.2312164770e+00 3.5046693666e-03 
3.1458215591e+00 3.3054280834e-03 
3.0587655262e+00 3.1045369678e-03 
2.9693889528e+00 2.9007514904e-03 
2.8770335293e+00 2.6930370442e-03 
2.7805841543e+00 2.4795820560e-03 
2.6794050930e+00 2.2600453972e-03 
2.5738317312e+00 2.0364335848e-03 
2.4635821449e+00 1.8099138121e-03 
2.3506060735e+00 1.5866107296e-03 
2.2367668645e+00 1.3721321781e-03 
2.1248587823e+00 1.1733046166e-03 
2.0198734186e+00 9.9930651207e-04 
1.9268235835e+00 8.5652402324e-04 
1.8505718339e+00 7.4829648180e-04 
1.7887721027e+00 6.6677476428e-04 
1.7308097883e+00 5.9555736704e-04 
1.6712753187e+00 5.2782969517e-04 
1.6117782488e+00 4.6569701317e-04 
1.5538872465e+00 4.1055106689e-04 
1.4966731020e+00 3.6109685008e-04 
1.4388600263e+00 3.1604885239e-04 
1.3793830405e+00 2.7460671703e-04 
1.3164965600e+00 2.3583253326e-04 
1.2453025988e+00 1.9764258503e-04 
1.1598698453e+00 1.5890091974e-04 
1.0573505412e+00 1.2106337510e-04 
9.3432737618e-01 8.5655271715e-05 
7.8669957820e-01 5.4072645567e-05 
6.1347808843e-01 2.8007144275e-05 
4.5910437290e-01 1.2369598648e-05 
4.0112067397e-01 8.1423362868e-06 
3.6633045461e-01 6.0354011658e-06 
3.2458219138e-01 3.9394982824e-06 
2.9953323344e-01 2.9108890914e-06 
2.8450385868e-01 2.3763940576e-06 
2.6646860896e-01 1.8164874067e-06 
2.4482630930e-01 1.2601437061e-06 
2.3184092951e-01 9.8514544324e-07 
2.1625847375e-01 7.1090330832e-07 
2.0690900030e-01 5.7414850220e-07 
1.9568963216e-01 4.3585151275e-07 
1.8222639039e-01 3.0416378003e-07 
1.7414844532e-01 2.4139061766e-07 
1.6445491125e-01 1.8028751265e-07 
1.5863879080e-01 1.5028644526e-07 
1.5165944627e-01 1.2009394192e-07 
1.4328423283e-01 9.1152007074e-08 
1.3825910476e-01 7.7080335723e-08 
1.3222895108e-01 6.2966876040e-08 
1.2499276667e-01 4.9407026228e-08 
1.2065105602e-01 4.2762896518e-08 
1.1544100324e-01 3.6020578703e-08 
1.1231497158e-01 3.2535606379e-08 
1.0856373358e-01 2.8833261182e-08 
1.0406224798e-01 2.4991266521e-08 
1.0136135662e-01 2.2962373397e-08 
9.8120286986e-02 2.0766692597e-08 
9.4231003428e-02 1.8434794247e-08 
9.1897433293e-02 1.7176805200e-08 
8.9097149131e-02 1.5791116671e-08 
8.5736808137e-02 1.4287673272e-08 
8.3720603540e-02 1.3460993044e-08 
8.1301158024e-02 1.2536217524e-08 
7.8397823405e-02 1.1514336166e-08 
7.6655822634e-02 1.0943367630e-08 
7.4565421708e-02 1.0296388319e-08 
7.2056940597e-02 9.5706229323e-09 
7.0551851930e-02 9.1597734063e-09 
6.8745745530e-02 8.6893483542e-09 
6.6578417851e-02 8.1551688772e-09 
6.3977624635e-02 7.5544020316e-09 
6.2417148705e-02 7.2135140074e-09 
6.0544577590e-02 6.8224323848e-09 
5.8297492252e-02 6.3772558184e-09 
5.6949241048e-02 6.1220227228e-09 
5.5331339605e-02 5.8267821521e-09 
5.3389857872e-02 5.4874814343e-09 
5.1060079793e-02 5.1004895326e-09 
4.9662212946e-02 4.8782263788e-09 
4.7984772729e-02 4.6207541106e-09 
4.5971844469e-02 4.3243608524e-09 
4.3556330557e-02 3.9856412514e-09 
4.2107022210e-02 3.7907705502e-09 
4.0367852193e-02 3.5647171280e-09 
3.8280848173e-02 3.3040707022e-09 
3.5776443348e-02 3.0056359248e-09 
3.2771157559e-02 2.6666827717e-09 
3.0967986086e-02 2.4726935027e-09 
2.8804180318e-02 2.2486018179e-09 
2.6207613396e-02 1.9914891446e-09 
2.3091733090e-02 1.6988171308e-09 
1.9352676723e-02 1.3687332371e-09 
1.4865809082e-02 1.0004412944e-09 
9.4815679134e-03 5.9468751283e-10 
3.0204785107e-03 1.5439017912e-10 
0.0000000000e+00 -3.5587065439e-11 
