EXPORTED XY-GRAPH DATA
308 2 2
V[1]
I[ASPLIT_drain]
0.0000000000e+00 -1.2188201277e-18 
0.0000000000e+00 6.2638891440e-19 
0.0000000000e+00 3.0429873787e-21 
0.0000000000e+00 -1.4652255994e-19 
0.0000000000e+00 -1.1495933573e-19 
0.0000000000e+00 -9.6334302303e-20 
0.0000000000e+00 -8.0450777146e-20 
0.0000000000e+00 5.6350137336e-20 
0.0000000000e+00 -4.8144275850e-21 
0.0000000000e+00 -1.7018198559e-21 
0.0000000000e+00 -3.6926900196e-20 
0.0000000000e+00 -3.3165022883e-20 
0.0000000000e+00 3.0118019070e-22 
0.0000000000e+00 1.9878369643e-20 
0.0000000000e+00 5.6325912586e-22 
0.0000000000e+00 8.4356684925e-22 
0.0000000000e+00 -1.3228104333e-20 
0.0000000000e+00 -1.0410743424e-20 
0.0000000000e+00 8.0583939579e-21 
0.0000000000e+00 -7.0651756790e-21 
0.0000000000e+00 -5.8690995189e-22 
0.0000000000e+00 1.6551173608e-22 
0.0000000000e+00 -5.3442176384e-22 
0.0000000000e+00 3.3075219465e-21 
0.0000000000e+00 4.6899341056e-22 
0.0000000000e+00 -2.4212694132e-21 
0.0000000000e+00 2.1393536359e-21 
0.0000000000e+00 -1.7229837652e-21 
0.0000000000e+00 1.8430578606e-22 
0.0000000000e+00 -1.1141282123e-22 
0.0000000000e+00 -5.7017618201e-22 
0.0000000000e+00 6.0286377867e-23 
0.0000000000e+00 1.3781501792e-22 
0.0000000000e+00 -9.6169410953e-23 
0.0000000000e+00 1.7903182191e-22 
0.0000000000e+00 1.5164450022e-22 
0.0000000000e+00 -2.6404763421e-22 
0.0000000000e+00 2.5331936234e-22 
0.0000000000e+00 -2.4770410925e-22 
0.0000000000e+00 8.4610888881e-23 
0.0000000000e+00 -1.5664378872e-22 
0.0000000000e+00 1.4707166251e-22 
0.0000000000e+00 3.9310443394e-23 
0.0000000000e+00 -8.0751759094e-23 
0.0000000000e+00 -9.2214738291e-11 
0.0000000000e+00 -6.1161875841e-11 
0.0000000000e+00 -6.1755780760e-11 
0.0000000000e+00 -6.2536185490e-11 
0.0000000000e+00 -6.3572161144e-11 
0.0000000000e+00 -6.4962523469e-11 
0.0000000000e+00 -6.6852230010e-11 
0.0000000000e+00 -6.9029785898e-11 
0.0000000000e+00 -7.1026336824e-11 
0.0000000000e+00 -7.1415782411e-11 
0.0000000000e+00 3.1662555992e-11 
0.0000000000e+00 -3.8290943227e-12 
0.0000000000e+00 -3.3299877318e-12 
0.0000000000e+00 -2.7975827732e-12 
0.0000000000e+00 -2.2515462770e-12 
0.0000000000e+00 -1.7169312613e-12 
0.0000000000e+00 -1.2231490044e-12 
0.0000000000e+00 -7.9888688919e-13 
0.0000000000e+00 -4.6546730825e-13 
0.0000000000e+00 -2.3093989050e-13 
0.0000000000e+00 -8.7840689536e-14 
0.0000000000e+00 -1.6178856451e-14 
0.0000000000e+00 9.5043358492e-15 
0.0000000000e+00 1.2348790156e-14 
0.0000000000e+00 8.1047693657e-15 
0.0000000000e+00 4.2940310690e-15 
0.0000000000e+00 2.6312468748e-15 
0.0000000000e+00 2.3488620478e-15 
0.0000000000e+00 2.4747442677e-15 
0.0000000000e+00 2.5742441670e-15 
0.0000000000e+00 2.5976361180e-15 
0.0000000000e+00 2.5932432579e-15 
0.0000000000e+00 2.5876022280e-15 
0.0000000000e+00 2.5839696013e-15 
0.0000000000e+00 2.5804698964e-15 
0.0000000000e+00 2.5762426510e-15 
0.0000000000e+00 2.5711254692e-15 
0.0000000000e+00 2.5649997501e-15 
0.0000000000e+00 2.5576829037e-15 
0.0000000000e+00 2.5489494514e-15 
0.0000000000e+00 2.5385353770e-15 
0.0000000000e+00 2.5261327069e-15 
0.0000000000e+00 2.5113835564e-15 
0.0000000000e+00 2.4938748917e-15 
0.0000000000e+00 2.4731339132e-15 
0.0000000000e+00 2.4568256527e-15 
7.8908296176e-02 1.1631789508e-11 
1.5430946998e-01 9.0339726543e-12 
2.0023491918e-01 8.9180905326e-12 
2.3786354921e-01 8.8453663685e-12 
2.8301790524e-01 8.7681091059e-12 
3.3720313248e-01 8.6908212189e-12 
3.9150561592e-01 8.6335327152e-12 
4.4553224947e-01 8.5988802260e-12 
5.0255400562e-01 8.5898477770e-12 
5.5974277854e-01 8.6159016686e-12 
6.1988515064e-01 8.6908623050e-12 
6.8284095803e-01 8.8365758386e-12 
7.4472078536e-01 9.0460418388e-12 
8.0965572644e-01 9.4388750231e-12 
8.7766176413e-01 1.0020497344e-11 
9.1091842229e-01 1.0400674180e-11 
9.5082641208e-01 1.0961412123e-11 
9.9871599984e-01 1.1827263271e-11 
1.0274497525e+00 1.2476848026e-11 
1.0619302557e+00 1.3420969493e-11 
1.1033068595e+00 1.4869026404e-11 
1.1281328218e+00 1.5957333922e-11 
1.1579239765e+00 1.7558118013e-11 
1.1936733622e+00 2.0086461769e-11 
1.2151229937e+00 2.2053167781e-11 
1.2408625514e+00 2.5073711184e-11 
1.2563062860e+00 2.7377648686e-11 
1.2748387675e+00 3.0830337113e-11 
1.2970777454e+00 3.6498668929e-11 
1.3104211321e+00 4.1111183438e-11 
1.3264331962e+00 4.8610285188e-11 
1.3456476730e+00 6.2797572693e-11 
1.3571763591e+00 7.6378860572e-11 
1.3710107825e+00 1.0410829654e-10 
1.3793114365e+00 1.3341480834e-10 
1.3892722213e+00 2.0508787067e-10 
1.3952486922e+00 3.0395456668e-10 
1.3988345747e+00 4.2336836796e-10 
1.4009861042e+00 5.4868206118e-10 
1.4035679397e+00 8.5559715151e-10 
1.4051001741e+00 1.2697693864e-09 
1.4060195148e+00 1.7577069963e-09 
1.4071227237e+00 3.3274457178e-09 
1.4076289767e+00 5.3776888150e-09 
1.4079164416e+00 7.8677789767e-09 
1.4082613995e+00 1.7568867614e-08 
1.4084011648e+00 2.9727641917e-08 
1.4085559045e+00 1.1276967681e-07 
1.4086103009e+00 2.3735629779e-07 
1.4086643669e+00 8.2952696299e-07 
1.4087061586e+00 8.8748963020e-06 
1.4087296429e+00 2.7008713942e-05 
1.4087489930e+00 5.7197587442e-05 
1.4087696382e+00 1.0438021799e-04 
1.4087944126e+00 1.6681587621e-04 
1.4088199186e+00 2.2124773332e-04 
1.4088485572e+00 2.6204968699e-04 
1.4088829235e+00 2.8719757771e-04 
1.4089241631e+00 2.9816265081e-04 
1.4089734643e+00 3.0060980632e-04 
1.4090320635e+00 2.9992284176e-04 
1.4091023826e+00 2.9900657937e-04 
1.4091867656e+00 2.9863991653e-04 
1.4092880251e+00 2.9866031450e-04 
1.4094095365e+00 2.9880215863e-04 
1.4095553502e+00 2.9895673686e-04 
1.4097303266e+00 2.9912015125e-04 
1.4099402984e+00 2.9930999883e-04 
1.4101922644e+00 2.9953758994e-04 
1.4104946237e+00 2.9981029306e-04 
1.4108574549e+00 3.0013598385e-04 
1.4112928523e+00 3.0052403845e-04 
1.4118153291e+00 3.0098500648e-04 
1.4124423014e+00 3.0153057045e-04 
1.4131946681e+00 3.0217313644e-04 
1.4140975081e+00 3.0292575955e-04 
1.4151809161e+00 3.0380300172e-04 
1.4164810057e+00 3.0482352420e-04 
1.4180411133e+00 3.0601410164e-04 
1.4199132423e+00 3.0741341138e-04 
1.4221597972e+00 3.0907379715e-04 
1.4248556630e+00 3.1106080488e-04 
1.4280907020e+00 3.1345251417e-04 
1.4319727489e+00 3.1634098520e-04 
1.4366312050e+00 3.1983631636e-04 
1.4422213525e+00 3.2407272223e-04 
1.4489295294e+00 3.2921648520e-04 
1.4569793416e+00 3.3547557584e-04 
1.4666391164e+00 3.4311190228e-04 
1.4782308460e+00 3.5245748806e-04 
1.4921409216e+00 3.6393664924e-04 
1.5088330124e+00 3.7809599763e-04 
1.5288635213e+00 3.9564504681e-04 
1.5529001319e+00 4.1751760591e-04 
1.5817440647e+00 4.4494937912e-04 
1.6163567841e+00 4.7958676653e-04 
1.6578920473e+00 5.2363764213e-04 
1.7077343631e+00 5.8006592265e-04 
1.7675451422e+00 6.5285307341e-04 
1.8393180770e+00 7.4728889131e-04 
1.9254455988e+00 8.7031732408e-04 
2.0287986250e+00 1.0309052123e-03 
2.1528222564e+00 1.2402323787e-03 
2.2814550254e+00 1.4738975177e-03 
2.4023738067e+00 1.7066186218e-03 
2.5211300069e+00 1.9456676029e-03 
2.6436341537e+00 2.2014565590e-03 
2.7719505213e+00 2.4778328937e-03 
2.9071447497e+00 2.7768768586e-03 
3.0507297226e+00 3.1018146460e-03 
3.2047764014e+00 3.4575474999e-03 
3.3715115916e+00 3.8496103276e-03 
3.5554596763e+00 4.2892765587e-03 
3.7642750991e+00 4.7960047740e-03 
4.0000000000e+00 5.3761961152e-03 
4.0000000000e+00 5.3762482211e-03 
4.0000000000e+00 5.3762408565e-03 
3.8374465199e+00 4.9753622822e-03 
3.6709344909e+00 4.5687153389e-03 
3.5414911548e+00 4.2558023678e-03 
3.4015189143e+00 3.9210140634e-03 
3.2335522257e+00 3.5248888474e-03 
3.0996832817e+00 3.2142775132e-03 
3.0025428069e+00 2.9921588898e-03 
2.9177117343e+00 2.8006986795e-03 
2.8340028253e+00 2.6143140937e-03 
2.7514406539e+00 2.4332610522e-03 
2.6721278300e+00 2.2622464978e-03 
2.5961494337e+00 2.1013993736e-03 
2.5227212047e+00 1.9490265443e-03 
2.4512748122e+00 1.8039796149e-03 
2.3814601361e+00 1.6656280276e-03 
2.3128228542e+00 1.5332126004e-03 
2.2447812496e+00 1.4057884645e-03 
2.1768523715e+00 1.2827558048e-03 
2.1086128292e+00 1.1637567146e-03 
2.0398141283e+00 1.0488694149e-03 
1.9703606763e+00 9.3852255342e-04 
1.8993888259e+00 8.3209107710e-04 
1.8251906552e+00 7.2818393747e-04 
1.7467470890e+00 6.2700336593e-04 
1.6637877629e+00 5.3018993078e-04 
1.5757550479e+00 4.3922405224e-04 
1.4818280087e+00 3.5546946482e-04 
1.3817846047e+00 2.8067400896e-04 
1.2770313488e+00 2.1685501023e-04 
1.1716594161e+00 1.6560575735e-04 
1.0736046586e+00 1.2761232886e-04 
9.9090475017e-01 1.0148002452e-04 
9.2956245705e-01 8.4984238508e-05 
8.8313542157e-01 7.3911434516e-05 
8.3688214542e-01 6.3952154661e-05 
7.8616377817e-01 5.4132538681e-05 
7.3484166070e-01 4.5247896308e-05 
6.8497836534e-01 3.7527534283e-05 
6.3508958302e-01 3.0611256858e-05 
5.8332681152e-01 2.4207863492e-05 
5.2835159953e-01 1.8232135337e-05 
4.6622558783e-01 1.2477799897e-05 
3.9167437380e-01 6.9652703616e-06 
3.6930900959e-01 5.6153258551e-06 
3.4247057253e-01 4.1880397576e-06 
3.1026444807e-01 2.7611114410e-06 
2.9094077339e-01 2.0582469783e-06 
2.6775236378e-01 1.3681252653e-06 
2.5383931801e-01 1.0332906466e-06 
2.3714366309e-01 7.0713386545e-07 
2.2712627013e-01 5.4900363776e-07 
2.1510539859e-01 3.9372641104e-07 
2.0068035274e-01 2.5228301579e-07 
1.9202532522e-01 1.8816649420e-07 
1.8163929221e-01 1.2880970870e-07 
1.6917605259e-01 7.8689598631e-08 
1.6169810882e-01 5.7554095395e-08 
1.5272457630e-01 3.9055105953e-08 
1.4195633727e-01 2.4301653249e-08 
1.3588382161e-01 1.8609350581e-08 
1.2859680283e-01 1.3568161070e-08 
1.1985238028e-01 9.3783218428e-09 
1.1460572676e-01 7.5663529255e-09 
1.0830974252e-01 5.8907566599e-09 
1.0453215198e-01 5.0894538177e-09 
9.9999043337e-02 4.2864632702e-09 
9.7279178149e-02 3.8742797275e-09 
9.4015339923e-02 3.4376853795e-09 
9.0098734052e-02 2.9851702332e-09 
8.7748770529e-02 2.7459620598e-09 
8.4928814302e-02 2.4866355100e-09 
8.3236840566e-02 2.3441256368e-09 
8.1206472082e-02 2.1848285064e-09 
7.8770029902e-02 2.0090321689e-09 
7.7308164593e-02 1.9109325587e-09 
7.5553926224e-02 1.7999282422e-09 
7.3448840180e-02 1.6756609732e-09 
7.0922736927e-02 1.5382778912e-09 
6.9407074976e-02 1.4614867489e-09 
6.7588280634e-02 1.3744679080e-09 
6.5405727424e-02 1.2768786291e-09 
6.2786663572e-02 1.1687452903e-09 
6.1215225260e-02 1.1081757528e-09 
5.9329499287e-02 1.0394170719e-09 
5.7066628118e-02 9.6213365874e-10 
5.4351182716e-02 8.7625958131e-10 
5.2721915475e-02 8.2803425988e-10 
5.0766794786e-02 7.7316824246e-10 
4.8420649958e-02 7.1133137689e-10 
4.5605276165e-02 6.4238590223e-10 
4.2226827614e-02 5.6644891467e-10 
4.0199758483e-02 5.2410205542e-10 
3.7767275526e-02 4.7617000076e-10 
3.4848295978e-02 4.2244123273e-10 
3.1345520520e-02 3.6286679390e-10 
2.7142189970e-02 2.9759173476e-10 
2.2098193311e-02 2.2696919864e-10 
1.6045397319e-02 1.5153538926e-10 
8.7820421294e-03 7.1942305315e-11 
6.6015901630e-05 -1.1124950787e-11 
0.0000000000e+00 -1.1700779579e-11 
