EXPORTED XY-GRAPH DATA
150 2 2
V[1]
I[ASPLIT_drain]
0.0000000000e+00 -1.2188201277e-18 
0.0000000000e+00 6.2638891440e-19 
0.0000000000e+00 3.0429873787e-21 
0.0000000000e+00 -1.4652255994e-19 
0.0000000000e+00 -1.1495933573e-19 
0.0000000000e+00 -9.6334302303e-20 
0.0000000000e+00 -8.0450777146e-20 
0.0000000000e+00 5.6350137336e-20 
0.0000000000e+00 -4.8144275850e-21 
0.0000000000e+00 -1.7018198559e-21 
0.0000000000e+00 -3.6926900196e-20 
0.0000000000e+00 -3.3165022883e-20 
0.0000000000e+00 3.0118019070e-22 
0.0000000000e+00 1.9878369643e-20 
0.0000000000e+00 5.6325912586e-22 
0.0000000000e+00 8.4356684925e-22 
0.0000000000e+00 -1.3228104333e-20 
0.0000000000e+00 -1.0410743424e-20 
0.0000000000e+00 8.0583939579e-21 
0.0000000000e+00 -7.0651756790e-21 
0.0000000000e+00 -5.8690995189e-22 
0.0000000000e+00 1.6551173608e-22 
0.0000000000e+00 -5.3442176384e-22 
0.0000000000e+00 3.3075219465e-21 
0.0000000000e+00 4.6899341056e-22 
0.0000000000e+00 -2.4212694132e-21 
0.0000000000e+00 2.1393536359e-21 
0.0000000000e+00 -1.7229837652e-21 
0.0000000000e+00 1.8430578606e-22 
0.0000000000e+00 -1.1141282123e-22 
0.0000000000e+00 -5.7017618201e-22 
0.0000000000e+00 6.0286377867e-23 
0.0000000000e+00 1.3781501792e-22 
0.0000000000e+00 -9.6169410953e-23 
0.0000000000e+00 1.7903182191e-22 
0.0000000000e+00 1.5164450022e-22 
0.0000000000e+00 -2.6404763421e-22 
0.0000000000e+00 2.5331936234e-22 
0.0000000000e+00 -2.4770410925e-22 
0.0000000000e+00 8.4610888881e-23 
0.0000000000e+00 -1.5664378872e-22 
0.0000000000e+00 1.4707166251e-22 
0.0000000000e+00 3.9310443394e-23 
0.0000000000e+00 -8.0751759094e-23 
0.0000000000e+00 1.6243471591e-22 
0.0000000000e+00 -1.4355096327e-23 
0.0000000000e+00 1.6187284198e-23 
0.0000000000e+00 -1.2367417906e-22 
0.0000000000e+00 1.7539945351e-22 
0.0000000000e+00 -2.5104095078e-23 
0.0000000000e+00 -1.2993665319e-22 
0.0000000000e+00 3.8302681183e-23 
0.0000000000e+00 -9.9995407685e-23 
0.0000000000e+00 -9.1805670762e-23 
0.0000000000e+00 2.9333529826e-23 
0.0000000000e+00 2.2604778833e-23 
0.0000000000e+00 3.3277511256e-22 
0.0000000000e+00 -1.8437748863e-23 
0.0000000000e+00 1.6962216648e-22 
0.0000000000e+00 -1.2780683225e-22 
0.0000000000e+00 1.1773474961e-22 
0.0000000000e+00 2.0258881662e-22 
0.0000000000e+00 -1.2325173436e-22 
0.0000000000e+00 7.7286821234e-23 
0.0000000000e+00 -6.7659324420e-23 
0.0000000000e+00 5.6749524596e-23 
0.0000000000e+00 6.0792925939e-24 
0.0000000000e+00 1.4890707612e-22 
0.0000000000e+00 8.5092977119e-24 
2.8693735846e-01 1.2686574517e-11 
3.8961239492e-01 8.0083373052e-12 
4.3228223809e-01 7.9864778391e-12 
4.7568882198e-01 7.9599398750e-12 
5.2777672265e-01 7.9293946583e-12 
5.9028220345e-01 7.8956682031e-12 
6.6528878042e-01 7.8616244658e-12 
7.4183405170e-01 7.8455673211e-12 
8.1718720800e-01 7.8853814240e-12 
8.9572306556e-01 8.0337578103e-12 
9.7470320266e-01 8.2361238043e-12 
1.0539990224e+00 8.3873911885e-12 
1.1403707500e+00 8.4870852215e-12 
1.2291666689e+00 8.5492807768e-12 
1.3172354723e+00 8.5900754560e-12 
1.4089010085e+00 8.6207589861e-12 
1.5073626892e+00 8.6447009638e-12 
1.6061601426e+00 8.6617009571e-12 
1.7044336559e+00 8.6736200186e-12 
1.8091272856e+00 8.6824571446e-12 
1.9186399891e+00 8.6884965939e-12 
2.0274881499e+00 8.6918355807e-12 
2.1372047006e+00 8.6932122284e-12 
2.2546546288e+00 8.6929288928e-12 
2.3761385647e+00 8.6911196914e-12 
2.4967747449e+00 8.6879930086e-12 
2.6193451311e+00 8.6837611935e-12 
2.7496205222e+00 8.6783421282e-12 
2.8841287243e+00 8.6719327904e-12 
3.0182290193e+00 8.6649476724e-12 
3.1543800736e+00 8.6575279180e-12 
3.2983265042e+00 8.6496785708e-12 
3.4490261528e+00 8.6419187678e-12 
3.6001063501e+00 8.6352470941e-12 
3.7525457910e+00 8.6293587188e-12 
3.9100089429e+00 8.6283284699e-12 
4.0000000000e+00 8.6293650934e-12 
4.0000000000e+00 -4.3434393803e-12 
4.0000000000e+00 -1.1085276737e-13 
4.0000000000e+00 2.7258042300e-14 
4.0000000000e+00 3.2713557945e-14 
3.9633999726e+00 -1.2588150073e-11 
3.9194799396e+00 -8.7405781349e-12 
3.8667759001e+00 -8.6066985269e-12 
3.8035310527e+00 -8.5621909250e-12 
3.7276372358e+00 -8.5684208554e-12 
3.6365646555e+00 -8.5812764242e-12 
3.5272775592e+00 -8.5929088317e-12 
3.3961330436e+00 -8.6050906417e-12 
3.2387596248e+00 -8.6187317447e-12 
3.0499115224e+00 -8.6338514953e-12 
2.8232937994e+00 -8.6502050291e-12 
2.5891419090e+00 -8.6645436563e-12 
2.3842570523e+00 -8.6741510867e-12 
2.2024724361e+00 -8.6797214790e-12 
2.0253305685e+00 -8.6817651956e-12 
1.8562804814e+00 -8.6792807523e-12 
1.6970883690e+00 -8.6710470936e-12 
1.5481255222e+00 -8.6554213757e-12 
1.4101186567e+00 -8.6300406415e-12 
1.2796026958e+00 -8.5900183370e-12 
1.1599050156e+00 -8.5284276268e-12 
1.0488990251e+00 -8.4295633796e-12 
9.4769396963e-01 -8.2662715423e-12 
8.5946171020e-01 -8.0323541250e-12 
7.8431485207e-01 -7.8507249742e-12 
7.2249723139e-01 -7.8276851861e-12 
6.7491209244e-01 -7.8530066376e-12 
6.3420455462e-01 -7.8729567055e-12 
5.9141572249e-01 -7.8938344250e-12 
5.4550941937e-01 -7.9182728671e-12 
4.9989140900e-01 -7.9444012442e-12 
4.5480687195e-01 -7.9717346485e-12 
4.0857845296e-01 -8.0012673171e-12 
3.6026911987e-01 -8.0338510868e-12 
3.0944275418e-01 -8.0701900042e-12 
2.5436579460e-01 -8.1121524528e-12 
1.8827344310e-01 -8.1663419338e-12 
1.0896262131e-01 -8.2378907653e-12 
1.3789635153e-02 -8.3352749837e-12 
0.0000000000e+00 -8.3548427719e-12 
