EXPORTED XY-GRAPH DATA
292 2 2
V[1]
I[ASPLIT_drain]
0.0000000000e+00 6.3409154386e-20 
0.0000000000e+00 -3.1896832329e-20 
0.0000000000e+00 3.9184326134e-22 
0.0000000000e+00 1.2484052358e-20 
0.0000000000e+00 8.7590073876e-22 
0.0000000000e+00 -9.3471267819e-21 
0.0000000000e+00 -7.7013572092e-21 
0.0000000000e+00 2.7716398648e-22 
0.0000000000e+00 -5.3785694176e-21 
0.0000000000e+00 4.4559970083e-22 
0.0000000000e+00 1.2414601357e-22 
0.0000000000e+00 -1.7020845291e-23 
0.0000000000e+00 -2.6501072232e-21 
0.0000000000e+00 -2.0705643172e-21 
0.0000000000e+00 -1.7915597971e-21 
0.0000000000e+00 1.8411943529e-22 
0.0000000000e+00 -1.2357338208e-21 
0.0000000000e+00 7.3387254320e-23 
0.0000000000e+00 -2.9943322692e-23 
0.0000000000e+00 7.8539799664e-22 
0.0000000000e+00 -5.1410707251e-22 
0.0000000000e+00 7.9943797565e-24 
0.0000000000e+00 1.7154924492e-22 
0.0000000000e+00 2.1599086082e-22 
0.0000000000e+00 9.4372237154e-23 
0.0000000000e+00 -2.5091458799e-22 
0.0000000000e+00 8.2871254605e-23 
0.0000000000e+00 2.0686523118e-23 
0.0000000000e+00 1.4213359222e-22 
0.0000000000e+00 -1.7031580318e-22 
0.0000000000e+00 1.2245112224e-22 
0.0000000000e+00 -2.7484690957e-22 
0.0000000000e+00 -9.1212682414e-11 
0.0000000000e+00 -5.9455269899e-11 
0.0000000000e+00 -5.9611051177e-11 
0.0000000000e+00 -5.9767873676e-11 
0.0000000000e+00 -5.9950590988e-11 
0.0000000000e+00 -6.0177266459e-11 
0.0000000000e+00 -6.0462607514e-11 
0.0000000000e+00 -6.0823175519e-11 
0.0000000000e+00 -6.1281490234e-11 
0.0000000000e+00 -6.1869655219e-11 
0.0000000000e+00 -6.2633617223e-11 
0.0000000000e+00 -6.3639230162e-11 
0.0000000000e+00 -6.4981163604e-11 
0.0000000000e+00 -6.6796523844e-11 
0.0000000000e+00 -6.8912289585e-11 
0.0000000000e+00 -7.1069715654e-11 
0.0000000000e+00 -7.1412229159e-11 
1.0825165025e-03 5.2523584081e-11 
2.3141615829e-03 9.5923942873e-12 
3.4222730612e-03 1.0097699115e-11 
4.7520068351e-03 1.0650729280e-11 
6.3476873639e-03 1.1235413071e-11 
8.2625039984e-03 1.1829399123e-11 
1.0560283960e-02 1.2402018450e-11 
1.3317619914e-02 1.2918908942e-11 
1.6626423058e-02 1.3347807439e-11 
2.0596986831e-02 1.3666812329e-11 
2.5361663359e-02 1.3870765834e-11 
3.1079275193e-02 1.3972442094e-11 
3.7940409393e-02 1.3997335978e-11 
4.6173770434e-02 1.3974370786e-11 
5.6053803682e-02 1.3927054732e-11 
6.7909843581e-02 1.3868942151e-11 
8.2137091458e-02 1.3804349052e-11 
9.9209788912e-02 1.3732270122e-11 
1.1969702586e-01 1.3650334329e-11 
1.4428171019e-01 1.3556894256e-11 
1.7378333139e-01 1.3451408641e-11 
2.0918527683e-01 1.3334329426e-11 
2.5166761135e-01 1.3207390574e-11 
3.0264641279e-01 1.3074606351e-11 
3.5218280803e-01 1.2967925599e-11 
4.0278979194e-01 1.2881841032e-11 
4.5426784894e-01 1.2820110346e-11 
5.0704789215e-01 1.2787824520e-11 
5.6323224265e-01 1.2794014673e-11 
6.1944503921e-01 1.2852525904e-11 
6.7771220442e-01 1.2982975536e-11 
7.3798137093e-01 1.3215198121e-11 
7.9792255848e-01 1.3578097370e-11 
8.6112667335e-01 1.4152736678e-11 
9.2545014890e-01 1.5019446014e-11 
9.8910020330e-01 1.6277317050e-11 
1.0227495976e+00 1.7163923489e-11 
1.0631288709e+00 1.8499149326e-11 
1.1115839987e+00 2.0637561196e-11 
1.1406570755e+00 2.2312006981e-11 
1.1755447675e+00 2.4867331484e-11 
1.2174099980e+00 2.9118756573e-11 
1.2425291363e+00 3.2609306786e-11 
1.2726721022e+00 3.8293201516e-11 
1.2907578818e+00 4.2896094850e-11 
1.3124608173e+00 5.0280271419e-11 
1.3385043398e+00 6.3889600207e-11 
1.3541304534e+00 7.6509360921e-11 
1.3728817896e+00 1.0096337234e-10 
1.3841325914e+00 1.2513745403e-10 
1.3976335535e+00 1.7721504779e-10 
1.4057341308e+00 2.3638077818e-10 
1.4154548235e+00 4.0677164980e-10 
1.4207947619e+00 6.7585781729e-10 
1.4239053827e+00 1.0728789725e-09 
1.4257717552e+00 1.6144253229e-09 
1.4268915787e+00 2.2644596387e-09 
1.4282353669e+00 4.4882076091e-09 
1.4288316354e+00 7.4645079167e-09 
1.4291624294e+00 1.1079343416e-08 
1.4295593821e+00 2.5668233811e-08 
1.4297174127e+00 4.3621075969e-08 
1.4298924819e+00 1.3629419927e-07 
1.4299581446e+00 2.5292479991e-07 
1.4300285647e+00 6.7968988471e-07 
1.4300870041e+00 2.8167546984e-06 
1.4301241233e+00 8.2914541426e-06 
1.4301528785e+00 1.9579391870e-05 
1.4301781641e+00 3.9988636414e-05 
1.4302027877e+00 7.2492607116e-05 
1.4302319798e+00 1.2344749977e-04 
1.4302670103e+00 1.8685277333e-04 
1.4303027951e+00 2.3977814983e-04 
1.4303448611e+00 2.8020847775e-04 
1.4303953403e+00 3.0430574609e-04 
1.4304559154e+00 3.1436883659e-04 
1.4305276062e+00 3.1634244963e-04 
1.4306136352e+00 3.1556022184e-04 
1.4307168700e+00 3.1469216281e-04 
1.4308407518e+00 3.1439442113e-04 
1.4309894099e+00 3.1446981768e-04 
1.4311677997e+00 3.1466041311e-04 
1.4313818673e+00 3.1486983688e-04 
1.4316387486e+00 3.1510008715e-04 
1.4319470060e+00 3.1537106832e-04 
1.4323169150e+00 3.1569637887e-04 
1.4327608057e+00 3.1608663683e-04 
1.4332934746e+00 3.1655378678e-04 
1.4339326773e+00 3.1711218176e-04 
1.4346997205e+00 3.1777862878e-04 
1.4356201724e+00 3.1857228867e-04 
1.4367247146e+00 3.1951455609e-04 
1.4380501653e+00 3.2062908968e-04 
1.4396407061e+00 3.2194267968e-04 
1.4415493550e+00 3.2348780311e-04 
1.4438397338e+00 3.2530755569e-04 
1.4465881883e+00 3.2746127233e-04 
1.4498863337e+00 3.3002840535e-04 
1.4538441082e+00 3.3310973637e-04 
1.4585934376e+00 3.3682806889e-04 
1.4642926329e+00 3.4133105788e-04 
1.4711316672e+00 3.4679815993e-04 
1.4793385084e+00 3.5345146726e-04 
1.4891867178e+00 3.6156905367e-04 
1.5010045691e+00 3.7150284121e-04 
1.5151859907e+00 3.8370275723e-04 
1.5322036966e+00 3.9874840972e-04 
1.5526249437e+00 4.1739090549e-04 
1.5771304401e+00 4.4061749810e-04 
1.6065370359e+00 4.6972980369e-04 
1.6418249508e+00 5.0645624525e-04 
1.6841704488e+00 5.5311274978e-04 
1.7349850463e+00 6.1279194904e-04 
1.7959625633e+00 6.8962278001e-04 
1.8691355837e+00 7.8906545439e-04 
1.9569432082e+00 9.1826272311e-04 
2.0623123575e+00 1.0863249508e-03 
2.1887553368e+00 1.3046024866e-03 
2.3130698142e+00 1.5344127245e-03 
2.4299336935e+00 1.7621556586e-03 
2.5473571425e+00 2.0007258711e-03 
2.6704858400e+00 2.2597340452e-03 
2.8004177574e+00 2.5413005059e-03 
2.9374656769e+00 2.8460564560e-03 
3.0827067064e+00 3.1763733775e-03 
3.2378569509e+00 3.5362132064e-03 
3.4062067167e+00 3.9335064634e-03 
3.5923864192e+00 4.3798301810e-03 
3.8005973070e+00 4.8862273163e-03 
4.0324131904e+00 5.4578481522e-03 
4.2882192554e+00 6.0966655513e-03 
4.5708969972e+00 6.8102015984e-03 
4.7286935713e+00 7.2110688459e-03 
4.9180494603e+00 7.6937301047e-03 
5.1452765270e+00 8.2743966270e-03 
5.4179490071e+00 8.9718115858e-03 
5.7451559832e+00 9.8069841088e-03 
6.0000000000e+00 1.0454460673e-02 
6.0000000000e+00 1.0454485485e-02 
6.0000000000e+00 1.0454483398e-02 
5.7196349440e+00 9.7419960014e-03 
5.4208622053e+00 8.9792705315e-03 
5.1085766013e+00 8.1805477572e-03 
4.7338338766e+00 7.2241627685e-03 
4.2841426069e+00 6.0864840291e-03 
4.0143278451e+00 5.4130941591e-03 
3.6905501309e+00 4.6178674561e-03 
3.3109277727e+00 3.7080988366e-03 
3.1071078936e+00 3.2327638426e-03 
2.9994084753e+00 2.9863153723e-03 
2.9207497333e+00 2.8087228252e-03 
2.8401499861e+00 2.6290961176e-03 
2.7556551473e+00 2.4436176613e-03 
2.6741666461e+00 2.2677709626e-03 
2.5971196319e+00 2.1045509750e-03 
2.5222054998e+00 1.9490214523e-03 
2.4481201808e+00 1.7986338672e-03 
2.3750207420e+00 1.6539535026e-03 
2.3029661232e+00 1.5153416688e-03 
2.2316063972e+00 1.3823483122e-03 
2.1605156488e+00 1.2545176761e-03 
2.0889861093e+00 1.1310528024e-03 
2.0166113242e+00 1.0118898335e-03 
1.9435251359e+00 8.9796649456e-04 
1.8694959663e+00 7.8968918450e-04 
1.7939102942e+00 6.8706463897e-04 
1.7160212924e+00 5.9017221457e-04 
1.6348794858e+00 4.9919134443e-04 
1.5495460828e+00 4.1465244984e-04 
1.4593795762e+00 3.3754715784e-04 
1.3642729684e+00 2.6910324108e-04 
1.2653372669e+00 2.1061113270e-04 
1.1667798087e+00 1.6353716656e-04 
1.0752514450e+00 1.2820151248e-04 
9.9715956486e-01 1.0329870023e-04 
9.3847393625e-01 8.7249640929e-05 
8.9338190647e-01 7.6264616392e-05 
8.4871625546e-01 6.6408019590e-05 
8.0020750841e-01 5.6745869338e-05 
7.5115350107e-01 4.7967189071e-05 
7.0336554021e-01 4.0278307345e-05 
6.5565687564e-01 3.3373068048e-05 
6.0657251053e-01 2.6993166840e-05 
5.5521989029e-01 2.1051496220e-05 
4.9960291143e-01 1.5444422950e-05 
4.3286253678e-01 9.8286924236e-06 
3.9281831200e-01 7.0473638737e-06 
3.4476524226e-01 4.3135708643e-06 
3.1593340041e-01 3.0027011002e-06 
2.9863429530e-01 2.3385465240e-06 
2.7787536918e-01 1.6643870373e-06 
2.6542001350e-01 1.3239202148e-06 
2.5047358669e-01 9.7757269666e-07 
2.3253787451e-01 6.4784714708e-07 
2.2177644721e-01 4.9208580149e-07 
2.0886273444e-01 3.4304348517e-07 
2.0111450678e-01 2.7161686786e-07 
1.9181663359e-01 2.0172433249e-07 
1.8065918576e-01 1.3771657713e-07 
1.7396471706e-01 1.0822668477e-07 
1.6593135462e-01 8.0212633741e-08 
1.5629131970e-01 5.5332187395e-08 
1.5050729874e-01 4.4110783630e-08 
1.4356647360e-01 3.3551473093e-08 
1.3523748342e-01 2.4175123296e-08 
1.3024008932e-01 1.9900536377e-08 
1.2424321639e-01 1.5805978155e-08 
1.1704696888e-01 1.2054996079e-08 
1.1272922037e-01 1.0282564987e-08 
1.0754792217e-01 8.5267018824e-09 
1.0443914324e-01 7.6354280882e-09 
1.0070860853e-01 6.7003220432e-09 
9.6231966879e-02 5.7423916102e-09 
9.3545981888e-02 5.2413843942e-09 
9.0322799898e-02 4.7029488906e-09 
8.8388890705e-02 4.4093298023e-09 
8.6068199672e-02 4.0831604156e-09 
8.3283370434e-02 3.7258676758e-09 
8.1612472890e-02 3.5277783568e-09 
7.9607395838e-02 3.3048011964e-09 
7.7201303376e-02 3.0567220536e-09 
7.4313992421e-02 2.7844472871e-09 
7.2581605849e-02 2.6332155887e-09 
7.0502741961e-02 2.4627049402e-09 
6.8008105296e-02 2.2726064669e-09 
6.5014541298e-02 2.0634094679e-09 
6.3218402899e-02 1.9469184050e-09 
6.1063036821e-02 1.8152910029e-09 
5.8476597527e-02 1.6681374497e-09 
5.5372870374e-02 1.5056313598e-09 
5.1648397790e-02 1.3286464315e-09 
4.9413714240e-02 1.2309081074e-09 
4.6732093980e-02 1.1211388682e-09 
4.3514149667e-02 9.9921687851e-10 
3.9652616493e-02 8.6546868531e-10 
3.5018776683e-02 7.2072396729e-10 
3.2238472797e-02 6.4112579923e-10 
2.8902108134e-02 5.5193938436e-10 
2.4898470539e-02 4.5304189596e-10 
2.0094105424e-02 3.4467206265e-10 
1.4328867286e-02 2.2711174856e-10 
7.4105815213e-03 1.0113335594e-10 
0.0000000000e+00 -1.8773236306e-11 
