EXPORTED XY-GRAPH DATA
236 2 2
V[1]
I[ASPLIT_drain]
0.0000000000e+00 6.3409154386e-20 
0.0000000000e+00 -3.1896832329e-20 
0.0000000000e+00 3.9184326134e-22 
0.0000000000e+00 1.2484052358e-20 
0.0000000000e+00 8.7590073876e-22 
0.0000000000e+00 -9.3471267819e-21 
0.0000000000e+00 -7.7013572092e-21 
0.0000000000e+00 2.7716398648e-22 
0.0000000000e+00 -5.3785694176e-21 
0.0000000000e+00 4.4559970083e-22 
0.0000000000e+00 1.2414601357e-22 
0.0000000000e+00 -1.7020845291e-23 
0.0000000000e+00 -2.6501072232e-21 
0.0000000000e+00 -2.0705643172e-21 
0.0000000000e+00 -1.7915597971e-21 
0.0000000000e+00 1.8411943529e-22 
0.0000000000e+00 -1.2357338208e-21 
0.0000000000e+00 7.3387254320e-23 
0.0000000000e+00 -2.9943322692e-23 
0.0000000000e+00 7.8539799664e-22 
0.0000000000e+00 -5.1410707251e-22 
0.0000000000e+00 7.9943797565e-24 
0.0000000000e+00 1.7154924492e-22 
0.0000000000e+00 2.1599086082e-22 
0.0000000000e+00 9.4372237154e-23 
0.0000000000e+00 -2.5091458799e-22 
0.0000000000e+00 8.2871254605e-23 
0.0000000000e+00 2.0686523118e-23 
0.0000000000e+00 1.4213359222e-22 
0.0000000000e+00 -1.7031580318e-22 
0.0000000000e+00 1.2245112224e-22 
0.0000000000e+00 -2.7484690957e-22 
0.0000000000e+00 -3.6564982810e-10 
0.0000000000e+00 -2.4030706817e-10 
0.0000000000e+00 -2.4190749121e-10 
0.0000000000e+00 -2.4384325348e-10 
0.0000000000e+00 -2.4626301315e-10 
0.0000000000e+00 -2.4935051873e-10 
0.0000000000e+00 -2.5334106054e-10 
0.0000000000e+00 -2.5856206332e-10 
0.0000000000e+00 -2.6478991634e-10 
0.0000000000e+00 -2.7115649769e-10 
0.0000000000e+00 -2.7722997006e-10 
0.0000000000e+00 -2.8284277720e-10 
0.0000000000e+00 -2.8775148672e-10 
0.0000000000e+00 -2.9199535392e-10 
0.0000000000e+00 -2.9613012166e-10 
0.0000000000e+00 -3.0065693270e-10 
0.0000000000e+00 -3.0555299264e-10 
0.0000000000e+00 -3.1053467133e-10 
0.0000000000e+00 -3.1558898483e-10 
0.0000000000e+00 -3.2189748179e-10 
0.0000000000e+00 -3.3179222507e-10 
0.0000000000e+00 -3.4928892756e-10 
0.0000000000e+00 -3.8153120174e-10 
0.0000000000e+00 -4.2701193041e-10 
0.0000000000e+00 -4.6512848001e-10 
0.0000000000e+00 -4.9069706284e-10 
0.0000000000e+00 -5.0333935207e-10 
0.0000000000e+00 -5.0621284542e-10 
0.0000000000e+00 -5.0418412417e-10 
0.0000000000e+00 -5.0055026352e-10 
0.0000000000e+00 -4.9649426061e-10 
0.0000000000e+00 -4.9378115782e-10 
4.7325707730e-03 5.5184912064e-09 
6.7394057607e-03 6.0655514019e-09 
7.8691676891e-03 6.4402320247e-09 
9.2248820033e-03 6.8643616519e-09 
1.0851739180e-02 7.3455941022e-09 
1.2803967793e-02 7.9012221623e-09 
1.5146642127e-02 8.5594281632e-09 
1.7957851329e-02 9.3612269996e-09 
2.1331302372e-02 1.0364557968e-08 
2.5379443622e-02 1.1651560256e-08 
3.0237213123e-02 1.3341640674e-08 
3.3151874823e-02 1.4452249949e-08 
3.6649468864e-02 1.5885037488e-08 
4.0846581713e-02 1.7758083348e-08 
4.3364849422e-02 1.8973236813e-08 
4.6386770673e-02 2.0530071673e-08 
5.0013076174e-02 2.2554636492e-08 
5.4364642776e-02 2.5241300879e-08 
5.6975582736e-02 2.7008097318e-08 
6.0108710689e-02 2.9302758712e-08 
6.3868464233e-02 3.2342451686e-08 
6.8380168486e-02 3.6474917381e-08 
7.1087191037e-02 3.9250872292e-08 
7.4335618099e-02 4.2925196060e-08 
7.8233730573e-02 4.7910565141e-08 
8.2911465542e-02 5.4893439680e-08 
8.5718106523e-02 5.9704843438e-08 
8.9086075701e-02 6.6211527458e-08 
9.3127638714e-02 7.5267996152e-08 
9.7977514330e-02 8.8325770280e-08 
1.0379736507e-01 1.0795807328e-07 
1.1078118596e-01 1.3884833303e-07 
1.1916177102e-01 1.8933415421e-07 
1.2921847310e-01 2.7237907973e-07 
1.4128651559e-01 4.0232198979e-07 
1.5576816658e-01 5.8835469244e-07 
1.6445715717e-01 7.1063252457e-07 
1.7488394589e-01 8.6581961467e-07 
1.8114001911e-01 9.6367299368e-07 
1.8864730699e-01 1.0865650428e-06 
1.9765605244e-01 1.2426046278e-06 
2.0846654697e-01 1.4427807476e-06 
2.2143914042e-01 1.7023083680e-06 
2.3700625255e-01 2.0426874461e-06 
2.5568678712e-01 2.4947917646e-06 
2.7810342859e-01 3.1035714539e-06 
3.0500339836e-01 3.9353137330e-06 
3.3728336208e-01 5.0888643469e-06 
3.7601931855e-01 6.7128086019e-06 
4.2250246631e-01 9.0311444986e-06 
4.7828224362e-01 1.2381629976e-05 
5.3916273675e-01 1.6788160818e-05 
6.0261660482e-01 2.2255408113e-05 
6.7099149230e-01 2.9193512446e-05 
7.4692791649e-01 3.8249631869e-05 
8.3217914859e-01 5.0269180322e-05 
9.2881665221e-01 6.6616005152e-05 
1.0392642099e+00 8.9669649542e-05 
1.1686339579e+00 1.2511098389e-04 
1.3203081238e+00 1.8717278831e-04 
1.4687254717e+00 2.8156171081e-04 
1.6074589177e+00 4.0552753858e-04 
1.7421375274e+00 5.5882804836e-04 
1.8262708247e+00 6.7011352228e-04 
1.9024523691e+00 7.8033149900e-04 
1.9925802315e+00 9.2130081025e-04 
2.0923644968e+00 1.0892362143e-03 
2.1901552942e+00 1.2643260048e-03 
2.2866668080e+00 1.4459065661e-03 
2.3866221723e+00 1.6418718097e-03 
2.4924049457e+00 1.8568953990e-03 
2.6041832163e+00 2.0914283486e-03 
2.7209884346e+00 2.3434089623e-03 
2.8418056136e+00 2.6104189129e-03 
2.9647500976e+00 2.8878548757e-03 
3.0862803966e+00 3.1669360635e-03 
3.2026620337e+00 3.4380670242e-03 
3.3128989147e+00 3.6980275480e-03 
3.4173558276e+00 3.9468650768e-03 
3.5166727659e+00 4.1854868291e-03 
3.6116383193e+00 4.4153292443e-03 
3.7032474355e+00 4.6384646018e-03 
3.7922488906e+00 4.8564739094e-03 
3.8792740731e+00 5.0707214618e-03 
3.9649069401e+00 5.2825104165e-03 
4.0496931145e+00 5.4930159573e-03 
4.1341370263e+00 5.7034711935e-03 
4.2186360625e+00 5.9148666876e-03 
4.3035955196e+00 6.1281471082e-03 
4.3893820201e+00 6.3441895433e-03 
4.4762566039e+00 6.5636147792e-03 
4.5643134135e+00 6.7866231764e-03 
4.6535679265e+00 7.0132114981e-03 
4.7441131840e+00 7.2435718454e-03 
4.8358229841e+00 7.4773316819e-03 
4.9285535676e+00 7.7140658080e-03 
5.0220583127e+00 7.9530778679e-03 
5.1159860948e+00 8.1933954946e-03 
5.2100847668e+00 8.4342951305e-03 
5.3040391989e+00 8.6748314500e-03 
5.3975169298e+00 8.9140806441e-03 
5.4902829972e+00 9.1514234418e-03 
5.5825929922e+00 9.3874608186e-03 
5.6750119014e+00 9.6235706226e-03 
5.7679783490e+00 9.8608055150e-03 
5.8617627787e+00 1.0099788520e-02 
5.9565214787e+00 1.0340797958e-02 
6.0000000000e+00 1.0451040373e-02 
6.0000000000e+00 1.0451046029e-02 
6.0000000000e+00 1.0451044344e-02 
6.0000000000e+00 1.0451044232e-02 
6.0000000000e+00 1.0451044213e-02 
6.0000000000e+00 1.0451044217e-02 
6.0000000000e+00 1.0451044218e-02 
6.0000000000e+00 1.0451044218e-02 
6.0000000000e+00 1.0451044218e-02 
5.9043060163e+00 1.0208083397e-02 
5.8168920542e+00 9.9855043537e-03 
5.7321580290e+00 9.7694410715e-03 
5.6304771988e+00 9.5098274944e-03 
5.5084602025e+00 9.1979114117e-03 
5.3629676413e+00 8.8256414900e-03 
5.2193564144e+00 8.4579883055e-03 
5.0857719102e+00 8.1159830913e-03 
4.9612490613e+00 7.7974697318e-03 
4.8476396452e+00 7.5072823888e-03 
4.7449853927e+00 7.2455384940e-03 
4.6471823084e+00 6.9966700144e-03 
4.5492595527e+00 6.7480832965e-03 
4.4502105015e+00 6.4973233077e-03 
4.3507880638e+00 6.2464067206e-03 
4.2502097051e+00 5.9934711949e-03 
4.1472142419e+00 5.7354946344e-03 
4.0412184419e+00 5.4712315158e-03 
3.9305817346e+00 5.1967309225e-03 
3.8132404420e+00 4.9072288009e-03 
3.6860564584e+00 4.5956193108e-03 
3.5334356781e+00 4.2250548481e-03 
3.3502907417e+00 3.7859907156e-03 
3.1305168180e+00 3.2688810753e-03 
2.8766190453e+00 2.6881277993e-03 
2.6046336649e+00 2.0928134149e-03 
2.3329910056e+00 1.5373725500e-03 
2.0777883285e+00 1.0670216222e-03 
1.8457423503e+00 7.0178268623e-04 
1.6244552518e+00 4.2800544641e-04 
1.4089488953e+00 2.4209074254e-04 
1.2622687819e+00 1.5946055061e-04 
1.1567434074e+00 1.1809006100e-04 
1.0698516772e+00 9.2573524140e-05 
9.9946809648e-01 7.6141834793e-05 
9.3538220838e-01 6.3713159957e-05 
8.7175375729e-01 5.3285107050e-05 
8.0814239728e-01 4.4444545012e-05 
7.4560901682e-01 3.7086954495e-05 
6.8455479413e-01 3.1036100600e-05 
6.2525192330e-01 2.6123801552e-05 
5.6870705975e-01 2.2239281950e-05 
5.1685160457e-01 1.9305692158e-05 
4.7080743016e-01 1.7185965695e-05 
4.2956369571e-01 1.5675945704e-05 
3.9096646769e-01 1.4582299004e-05 
3.5296781098e-01 1.3752180059e-05 
3.1403337366e-01 1.3062512135e-05 
2.7236671592e-01 1.2401409435e-05 
2.2510818324e-01 1.1606290368e-05 
1.7222981621e-01 1.0351994878e-05 
1.4571476225e-01 9.4436013164e-06 
1.1389669749e-01 8.0213642830e-06 
7.5715019787e-02 5.7651555333e-06 
3.5066460429e-02 2.7234011734e-06 
0.0000000000e+00 -5.5040512535e-11 
