EXPORTED XY-GRAPH DATA
344 2 2
V[1]
I[ASPLIT_drain]
0.0000000000e+00 -1.2188201277e-18 
0.0000000000e+00 6.2638891440e-19 
0.0000000000e+00 3.0429873787e-21 
0.0000000000e+00 -1.4652255994e-19 
0.0000000000e+00 -1.1495933573e-19 
0.0000000000e+00 -9.6334302303e-20 
0.0000000000e+00 -8.0450777146e-20 
0.0000000000e+00 5.6350137336e-20 
0.0000000000e+00 -4.8144275850e-21 
0.0000000000e+00 -1.7018198559e-21 
0.0000000000e+00 -3.6926900196e-20 
0.0000000000e+00 -3.3165022883e-20 
0.0000000000e+00 3.0118019070e-22 
0.0000000000e+00 1.9878369643e-20 
0.0000000000e+00 5.6325912586e-22 
0.0000000000e+00 8.4356684925e-22 
0.0000000000e+00 -1.3228104333e-20 
0.0000000000e+00 -1.0410743424e-20 
0.0000000000e+00 8.0583939579e-21 
0.0000000000e+00 -7.0651756790e-21 
0.0000000000e+00 -5.8690995189e-22 
0.0000000000e+00 1.6551173608e-22 
0.0000000000e+00 -5.3442176384e-22 
0.0000000000e+00 3.3075219465e-21 
0.0000000000e+00 4.6899341056e-22 
0.0000000000e+00 -2.4212694132e-21 
0.0000000000e+00 2.1393536359e-21 
0.0000000000e+00 -1.7229837652e-21 
0.0000000000e+00 1.8430578606e-22 
0.0000000000e+00 -1.1141282123e-22 
0.0000000000e+00 -5.7017618201e-22 
0.0000000000e+00 6.0286377867e-23 
0.0000000000e+00 1.3781501792e-22 
0.0000000000e+00 -9.6169410953e-23 
0.0000000000e+00 1.7903182191e-22 
0.0000000000e+00 1.5164450022e-22 
0.0000000000e+00 -2.6404763421e-22 
0.0000000000e+00 2.5331936234e-22 
0.0000000000e+00 -2.4770410925e-22 
0.0000000000e+00 8.4610888881e-23 
0.0000000000e+00 -1.5664378872e-22 
0.0000000000e+00 1.4707166251e-22 
0.0000000000e+00 3.9310443394e-23 
0.0000000000e+00 -8.0751759094e-23 
0.0000000000e+00 -1.1083671637e-10 
0.0000000000e+00 -7.3772221512e-11 
0.0000000000e+00 -7.4568395594e-11 
0.0000000000e+00 -7.5601539281e-11 
0.0000000000e+00 -7.6969209003e-11 
0.0000000000e+00 -7.8803658333e-11 
0.0000000000e+00 -8.1227889235e-11 
0.0000000000e+00 -8.3686835342e-11 
0.0000000000e+00 -8.5863984531e-11 
0.0000000000e+00 -8.7881604270e-11 
0.0000000000e+00 -8.9801976547e-11 
0.0000000000e+00 -8.9884445739e-11 
0.0000000000e+00 3.7255097026e-11 
0.0000000000e+00 -7.4450983168e-12 
0.0000000000e+00 -7.2828604466e-12 
0.0000000000e+00 -7.0820130673e-12 
0.0000000000e+00 -6.8446783289e-12 
0.0000000000e+00 -6.5642130896e-12 
0.0000000000e+00 -6.2345587601e-12 
0.0000000000e+00 -5.8499249791e-12 
0.0000000000e+00 -5.4056216357e-12 
0.0000000000e+00 -4.8993484415e-12 
0.0000000000e+00 -4.3330072964e-12 
0.0000000000e+00 -3.7149335659e-12 
0.0000000000e+00 -3.0620938144e-12 
0.0000000000e+00 -2.4012827691e-12 
0.0000000000e+00 -1.7679061506e-12 
0.0000000000e+00 -1.2011029258e-12 
0.0000000000e+00 -7.3532564325e-13 
0.0000000000e+00 -3.9088888441e-13 
0.0000000000e+00 -1.6784764225e-13 
0.0000000000e+00 -4.6818773716e-14 
0.0000000000e+00 3.2380236443e-15 
0.0000000000e+00 1.4213204042e-14 
0.0000000000e+00 1.0251910596e-14 
0.0000000000e+00 4.5888101577e-15 
0.0000000000e+00 1.5239115545e-15 
0.0000000000e+00 7.1802111723e-16 
0.0000000000e+00 7.9956667247e-16 
0.0000000000e+00 9.5866034776e-16 
0.0000000000e+00 1.0108550257e-15 
0.0000000000e+00 1.0053738818e-15 
0.0000000000e+00 9.9038228803e-16 
0.0000000000e+00 9.7691246339e-16 
0.0000000000e+00 9.6285649026e-16 
0.0000000000e+00 9.4629067686e-16 
0.0000000000e+00 9.2655563596e-16 
0.0000000000e+00 9.0320055088e-16 
0.0000000000e+00 8.7567191547e-16 
0.0000000000e+00 8.4333472586e-16 
0.0000000000e+00 8.0550232714e-16 
0.0000000000e+00 7.6145391504e-16 
0.0000000000e+00 7.1045883135e-16 
0.0000000000e+00 6.5181427950e-16 
0.0000000000e+00 5.8489791860e-16 
0.0000000000e+00 5.7247732757e-16 
4.9230697791e-02 9.5565407093e-12 
9.8896204150e-02 6.2564841390e-12 
1.2677997978e-01 6.2307771111e-12 
1.6024051054e-01 6.2424368426e-12 
2.0039314744e-01 6.2849196271e-12 
2.4727616844e-01 6.3620895013e-12 
2.9562718417e-01 6.5290015128e-12 
3.4193855090e-01 6.7480252832e-12 
3.9107801752e-01 7.0481101676e-12 
4.4306286306e-01 7.5227528820e-12 
4.9453428899e-01 8.1726125136e-12 
5.2215168425e-01 8.6144844174e-12 
5.5529255856e-01 9.2494017513e-12 
5.7517708314e-01 9.7864837433e-12 
5.9903851265e-01 1.0431489887e-11 
6.1335537035e-01 1.0869330535e-11 
6.3053559959e-01 1.1452116233e-11 
6.5115187468e-01 1.2246471257e-11 
6.6352163973e-01 1.2780183422e-11 
6.7836535780e-01 1.3485551573e-11 
6.9617781948e-01 1.4440139883e-11 
7.0686529648e-01 1.5078024666e-11 
7.1969026889e-01 1.5917961615e-11 
7.3508023578e-01 1.7050763146e-11 
7.4431421592e-01 1.7805306368e-11 
7.5539499208e-01 1.8797462379e-11 
7.6869192347e-01 2.0133530560e-11 
7.7667008230e-01 2.1022788010e-11 
7.8624387291e-01 2.2191638133e-11 
7.9773242163e-01 2.3765595016e-11 
8.0462555086e-01 2.4813839631e-11 
8.1289730595e-01 2.6192344074e-11 
8.2282341204e-01 2.8050759906e-11 
8.3473473936e-01 3.0642075699e-11 
8.4188153575e-01 3.2426722163e-11 
8.5045769142e-01 3.4850433451e-11 
8.6074907822e-01 3.8267443912e-11 
8.6692391030e-01 4.0646502324e-11 
8.7433370880e-01 4.3912536061e-11 
8.8322546699e-01 4.8589775877e-11 
8.8856052191e-01 5.1896208700e-11 
8.9496258781e-01 5.6505379075e-11 
9.0264506689e-01 6.3254860863e-11 
9.0725455434e-01 6.8132139421e-11 
9.1278593928e-01 7.5085659183e-11 
9.1942360121e-01 8.5616417649e-11 
9.2340619836e-01 9.3486745063e-11 
9.2818531495e-01 1.0511527665e-10 
9.3105278490e-01 1.1359620624e-10 
9.3449374884e-01 1.2580726171e-10 
9.3862290558e-01 1.4457769260e-10 
9.4357789365e-01 1.7659478048e-10 
9.4655088650e-01 2.0371209423e-10 
9.5011847792e-01 2.5014713645e-10 
9.5225903277e-01 2.8971455976e-10 
9.5482769858e-01 3.5801521213e-10 
9.5636889808e-01 4.1669114428e-10 
9.5821833747e-01 5.1895870889e-10 
9.5932800110e-01 6.0768465445e-10 
9.6065959746e-01 7.6414848838e-10 
9.6225751309e-01 1.1124297270e-09 
9.6321626247e-01 1.5186210147e-09 
9.6379151210e-01 1.9220053923e-09 
9.6448181165e-01 2.7973817856e-09 
9.6489599139e-01 3.7829598568e-09 
9.6539300707e-01 6.4408422606e-09 
9.6564741776e-01 9.5523801010e-09 
9.6595271058e-01 2.1547146050e-08 
9.6607853552e-01 3.6291075517e-08 
9.6621995746e-01 1.1023473155e-07 
9.6627347034e-01 2.0285978164e-07 
9.6633149309e-01 5.4190845288e-07 
9.6638006938e-01 2.0963051370e-06 
9.6641207415e-01 5.7502279731e-06 
9.6643826624e-01 1.2710351895e-05 
9.6646346000e-01 2.4519385999e-05 
9.6649228897e-01 4.2613618308e-05 
9.6652688374e-01 6.3672116506e-05 
9.6656057046e-01 7.8682036010e-05 
9.6660099453e-01 8.8906918298e-05 
9.6664950342e-01 9.3976949395e-05 
9.6670771408e-01 9.5515412427e-05 
9.6677469818e-01 9.5483717616e-05 
9.6685507910e-01 9.5164597571e-05 
9.6695153620e-01 9.4990798262e-05 
9.6706728473e-01 9.4971318474e-05 
9.6720618296e-01 9.5014875484e-05 
9.6737286084e-01 9.5069602039e-05 
9.6757287429e-01 9.5127051074e-05 
9.6781289043e-01 9.5192704948e-05 
9.6810090980e-01 9.5271340574e-05 
9.6844653305e-01 9.5366011063e-05 
9.6886128094e-01 9.5479782179e-05 
9.6935897842e-01 9.5616444069e-05 
9.6995621538e-01 9.5780633207e-05 
9.7067289975e-01 9.5977946595e-05 
9.7153292098e-01 9.6215136752e-05 
9.7256494646e-01 9.6500362334e-05 
9.7380337704e-01 9.6843496186e-05 
9.7528949373e-01 9.7256499633e-05 
9.7707283376e-01 9.7753863970e-05 
9.7921284180e-01 9.8353264971e-05 
9.8178085144e-01 9.9076272874e-05 
9.8486246302e-01 9.9949284533e-05 
9.8856039690e-01 1.0100474826e-04 
9.9299791757e-01 1.0228271400e-04 
9.9832294237e-01 1.0383287563e-04 
1.0047129721e+00 1.0571730211e-04 
1.0123810078e+00 1.0801402674e-04 
1.0215826507e+00 1.1082206914e-04 
1.0326246221e+00 1.1426816711e-04 
1.0458749878e+00 1.1851637567e-04 
1.0617754267e+00 1.2378173857e-04 
1.0808559533e+00 1.3035019348e-04 
1.1037525852e+00 1.3860804745e-04 
1.1312285436e+00 1.4908635304e-04 
1.1641996936e+00 1.6252936569e-04 
1.2037650736e+00 1.8000233371e-04 
1.2512435296e+00 2.0304234666e-04 
1.3082176768e+00 2.3396231444e-04 
1.3765866534e+00 2.7628466486e-04 
1.4586294254e+00 3.3534794569e-04 
1.5570807517e+00 4.1923393342e-04 
1.6752223434e+00 5.3979413194e-04 
1.8169922533e+00 7.1327530981e-04 
1.9669479724e+00 9.2882447324e-04 
2.1109870730e+00 1.1630848110e-03 
2.2684314912e+00 1.4446207201e-03 
2.4024971079e+00 1.7018047498e-03 
2.5000000000e+00 1.8973695883e-03 
2.5000000000e+00 1.8974003113e-03 
2.5000000000e+00 1.8973900234e-03 
2.5000000000e+00 1.8973897909e-03 
2.4426430026e+00 1.7815785468e-03 
2.3899625250e+00 1.6771976308e-03 
2.3508372496e+00 1.6010374762e-03 
2.3038869191e+00 1.5112479827e-03 
2.2475465225e+00 1.4059594347e-03 
2.1799380465e+00 1.2834343142e-03 
2.0988078754e+00 1.1424038529e-03 
2.0172502059e+00 1.0078834990e-03 
1.9360837353e+00 8.8200344430e-04 
1.8507250382e+00 7.5906986335e-04 
1.7587934418e+00 6.3839046229e-04 
1.6606915087e+00 5.2383473976e-04 
1.5573647392e+00 4.1954782723e-04 
1.4513275660e+00 3.2974271604e-04 
1.3456543503e+00 2.5642252213e-04 
1.2475271914e+00 2.0117296675e-04 
1.1644512041e+00 1.6265430380e-04 
1.1012945308e+00 1.3771932959e-04 
1.0531796602e+00 1.2092991460e-04 
1.0063100803e+00 1.0620986957e-04 
9.5554470974e-01 9.1896000419e-05 
9.0396379789e-01 7.8906568475e-05 
8.5363649499e-01 6.7577408265e-05 
8.0322658816e-01 5.7414700047e-05 
7.5092886357e-01 4.7990098099e-05 
6.9551153690e-01 3.9119445987e-05 
6.3378416915e-01 3.0450433106e-05 
5.5971132786e-01 2.1570178580e-05 
4.7082391831e-01 1.2936036030e-05 
4.1749147257e-01 8.7826050966e-06 
3.8549200513e-01 6.6651669491e-06 
3.4709264421e-01 4.5068687947e-06 
3.2405302765e-01 3.4184888428e-06 
2.9640548778e-01 2.3227095164e-06 
2.7981696386e-01 1.7767558286e-06 
2.5991073516e-01 1.2317514573e-06 
2.4796699793e-01 9.6130911547e-07 
2.3363451327e-01 6.9064712007e-07 
2.2503502247e-01 5.5514162442e-07 
2.1471563351e-01 4.1751424462e-07 
2.0233236675e-01 2.8557624968e-07 
1.9490240670e-01 2.2225303287e-07 
1.8598645464e-01 1.6027905558e-07 
1.7528731216e-01 1.0373337083e-07 
1.6244834120e-01 5.7394986553e-08 
1.5474495861e-01 3.8745305374e-08 
1.5012292907e-01 3.0217940568e-08 
1.4734971134e-01 2.5923716399e-08 
1.4402185006e-01 2.1492076852e-08 
1.4202513330e-01 1.9174963062e-08 
1.3962907318e-01 1.6700259313e-08 
1.3675380104e-01 1.4128360121e-08 
1.3502863775e-01 1.2772737976e-08 
1.3295844181e-01 1.1313155412e-08 
1.3171632424e-01 1.0517980394e-08 
1.3022578317e-01 9.6373013707e-09 
1.2843713387e-01 8.6783438118e-09 
1.2629075472e-01 7.6554320975e-09 
1.2500292723e-01 7.1024662676e-09 
1.2345753424e-01 6.4936508058e-09 
1.2160306265e-01 5.8350733774e-09 
1.2049037970e-01 5.4744338777e-09 
1.1915516015e-01 5.0730043486e-09 
1.1755289670e-01 4.6328582718e-09 
1.1659153863e-01 4.3888768517e-09 
1.1543790894e-01 4.1145270708e-09 
1.1405355332e-01 3.8099750905e-09 
1.1239232657e-01 3.4770454897e-09 
1.1139559053e-01 3.2929421597e-09 
1.1019950727e-01 3.0862942912e-09 
1.0876420736e-01 2.8573416773e-09 
1.0704184747e-01 2.6075667405e-09 
1.0600843153e-01 2.4696661508e-09 
1.0476833241e-01 2.3150530618e-09 
1.0328021346e-01 2.1439492601e-09 
1.0149447073e-01 1.9574938437e-09 
9.9351579447e-02 1.7579562604e-09 
9.8065844678e-02 1.6495921260e-09 
9.6522962954e-02 1.5296639618e-09 
9.4671504886e-02 1.3989265289e-09 
9.2449755205e-02 1.2589029078e-09 
8.9783655587e-02 1.1119777395e-09 
8.6584336045e-02 9.6139824177e-10 
8.2745152596e-02 8.1113755589e-10 
7.8138132456e-02 6.6558944034e-10 
7.5373920372e-02 5.9291009806e-10 
7.2056865871e-02 5.1746276947e-10 
7.0066633171e-02 4.7749160472e-10 
6.7678353931e-02 4.3404976093e-10 
6.6245386386e-02 4.1011787485e-10 
6.4525825333e-02 3.8330876288e-10 
6.2462352069e-02 3.5363060147e-10 
5.9986184153e-02 3.2124784078e-10 
5.8500483403e-02 3.0332747693e-10 
5.6717642503e-02 2.8318967676e-10 
5.4578233423e-02 2.6080997392e-10 
5.2010942527e-02 2.3625905647e-10 
4.8930193452e-02 2.0971436672e-10 
4.7081744007e-02 1.9514021184e-10 
4.4863604673e-02 1.7884242798e-10 
4.2201837473e-02 1.6082297474e-10 
3.9007716832e-02 1.4114765952e-10 
3.5174772063e-02 1.1994729319e-10 
3.2875005201e-02 1.0832032311e-10 
3.0115284967e-02 9.5309904141e-11 
2.6803620687e-02 8.0887888999e-11 
2.2829623550e-02 6.5050426428e-11 
1.8060826986e-02 4.7802898662e-11 
1.2338271109e-02 2.9127139520e-11 
5.4712040573e-03 8.9200758589e-12 
0.0000000000e+00 -5.9035662881e-12 
