EXPORTED XY-GRAPH DATA
649 2 2
V[2]
I[ASPLIT_drain]
0.0000000000e+00 6.3409154386e-20 
0.0000000000e+00 -3.1896832329e-20 
0.0000000000e+00 3.9184326134e-22 
0.0000000000e+00 1.2484052358e-20 
0.0000000000e+00 8.7590073876e-22 
0.0000000000e+00 -9.3471267819e-21 
0.0000000000e+00 -7.7013572092e-21 
0.0000000000e+00 2.7716398648e-22 
0.0000000000e+00 -5.3785694176e-21 
0.0000000000e+00 4.4559970083e-22 
0.0000000000e+00 1.2414601357e-22 
0.0000000000e+00 -1.7020845291e-23 
0.0000000000e+00 -2.6501072232e-21 
0.0000000000e+00 -2.0705643172e-21 
0.0000000000e+00 -1.7915597971e-21 
0.0000000000e+00 1.8411943529e-22 
0.0000000000e+00 -1.2357338208e-21 
0.0000000000e+00 7.3387254320e-23 
0.0000000000e+00 -2.9943322692e-23 
0.0000000000e+00 7.8539799664e-22 
0.0000000000e+00 -5.1410707251e-22 
0.0000000000e+00 7.9943797565e-24 
0.0000000000e+00 1.7154924492e-22 
0.0000000000e+00 2.1599086082e-22 
0.0000000000e+00 9.4372237154e-23 
0.0000000000e+00 -2.5091458799e-22 
0.0000000000e+00 8.2871254605e-23 
0.0000000000e+00 2.0686523118e-23 
0.0000000000e+00 1.4213359222e-22 
0.0000000000e+00 -1.7031580318e-22 
0.0000000000e+00 1.2245112224e-22 
0.0000000000e+00 -2.7484690957e-22 
0.0000000000e+00 4.0259121162e-12 
0.0000000000e+00 2.6095844909e-12 
0.0000000000e+00 2.6102354536e-12 
0.0000000000e+00 2.6114753372e-12 
0.0000000000e+00 2.6111559306e-12 
0.0000000000e+00 2.6108733381e-12 
0.0000000000e+00 2.6106321091e-12 
0.0000000000e+00 2.6103785269e-12 
0.0000000000e+00 2.6100768221e-12 
0.0000000000e+00 2.6097110509e-12 
0.0000000000e+00 2.6092710580e-12 
0.0000000000e+00 2.6087443111e-12 
0.0000000000e+00 2.6081136022e-12 
0.0000000000e+00 2.6073595554e-12 
0.0000000000e+00 2.6065381018e-12 
0.0000000000e+00 2.6054626669e-12 
0.0000000000e+00 2.6041781688e-12 
0.0000000000e+00 2.6026482930e-12 
0.0000000000e+00 2.6008272923e-12 
0.0000000000e+00 2.5986629011e-12 
0.0000000000e+00 2.5960950786e-12 
0.0000000000e+00 2.5942303546e-12 
1.6039366204e-02 -6.8575936966e-12 
2.8846463583e-02 -3.5399602295e-12 
4.2731948809e-02 -3.5500733953e-12 
5.9394531081e-02 -3.5642869789e-12 
7.9389629807e-02 -3.5820681484e-12 
1.0338374828e-01 -3.6046434548e-12 
1.3217669044e-01 -3.6337455524e-12 
1.6672822104e-01 -3.6718747473e-12 
2.0819005776e-01 -3.7227615298e-12 
2.5794426182e-01 -3.7919832574e-12 
3.1764930669e-01 -3.8876617548e-12 
3.8723707037e-01 -4.0168905356e-12 
4.5353674620e-01 -4.1570827348e-12 
5.1200368823e-01 -4.2841038589e-12 
5.6429197822e-01 -4.3564577063e-12 
6.1271039026e-01 -4.2217649294e-12 
6.5971935374e-01 -3.2611024913e-12 
6.8352861843e-01 -1.8143483854e-12 
7.1209973606e-01 2.1179117953e-12 
7.2924240664e-01 6.7310645873e-12 
7.3952800899e-01 1.0866499522e-11 
7.5187073180e-01 1.7806438995e-11 
7.5927636549e-01 2.3343721407e-11 
7.6816312592e-01 3.1761528953e-11 
7.7882723843e-01 4.5137054314e-11 
7.8522570594e-01 5.5326347162e-11 
7.9290386695e-01 7.0210665128e-11 
7.9751076356e-01 8.0773955417e-11 
8.0303903948e-01 9.5322458149e-11 
8.0967297060e-01 1.1586673582e-10 
8.1365332926e-01 1.3002741400e-10 
8.1842975966e-01 1.4905593367e-10 
8.2129561791e-01 1.6163312280e-10 
8.2473464779e-01 1.7796485594e-10 
8.2886148366e-01 1.9947408579e-10 
8.3133758518e-01 2.1344773262e-10 
8.3430890700e-01 2.3133579372e-10 
8.3787449319e-01 2.5449829104e-10 
8.4001384491e-01 2.6933821270e-10 
8.4258106696e-01 2.8809344298e-10 
8.4566173343e-01 3.1204214930e-10 
8.4751013331e-01 3.2719086559e-10 
8.4972821316e-01 3.4616318848e-10 
8.5238990899e-01 3.7010257746e-10 
8.5398692649e-01 3.8509511035e-10 
8.5590334748e-01 4.0372589071e-10 
8.5820305268e-01 4.2700213252e-10 
8.6096269891e-01 4.5629388701e-10 
8.6261848665e-01 4.7459584456e-10 
8.6460543194e-01 4.9727289416e-10 
8.6698976629e-01 5.2553341390e-10 
8.6842036689e-01 5.4304094545e-10 
8.7013708762e-01 5.6459749935e-10 
8.7219715250e-01 5.9125074401e-10 
8.7343319142e-01 6.0765464731e-10 
8.7491643813e-01 6.2774519510e-10 
8.7669633419e-01 6.5243483814e-10 
8.7883220945e-01 6.8289156306e-10 
8.8011373461e-01 7.0159609471e-10 
8.8165156479e-01 7.2446218435e-10 
8.8349696102e-01 7.5249836579e-10 
8.8460419876e-01 7.6962844244e-10 
8.8593288404e-01 7.9048459737e-10 
8.8752730638e-01 8.1593640744e-10 
8.8944061319e-01 8.4707558208e-10 
8.9058859727e-01 8.6606461620e-10 
8.9196617817e-01 8.8914601075e-10 
8.9361927526e-01 9.1725644358e-10 
8.9560299175e-01 9.5156278343e-10 
8.9679322165e-01 9.7243666011e-10 
8.9822149753e-01 9.9776157581e-10 
8.9993542859e-01 1.0285340047e-09 
9.0096378722e-01 1.0471900333e-09 
9.0219781758e-01 1.0697601205e-09 
9.0367865401e-01 1.0970968669e-09 
9.0545565773e-01 1.1302460449e-09 
9.0652185996e-01 1.1503065958e-09 
9.0780130263e-01 1.1745393072e-09 
9.0933663385e-01 1.2038364344e-09 
9.1025783257e-01 1.2215222595e-09 
9.1136327105e-01 1.2428456101e-09 
9.1268979721e-01 1.2685699635e-09 
9.1428162861e-01 1.2996211787e-09 
9.1523672745e-01 1.3183396718e-09 
9.1638284606e-01 1.3408819628e-09 
9.1775818839e-01 1.3680391555e-09 
9.1940859919e-01 1.4007654774e-09 
9.2039884567e-01 1.4204677041e-09 
9.2158714144e-01 1.4441627263e-09 
9.2301309637e-01 1.4726684637e-09 
9.2386866932e-01 1.4898038486e-09 
9.2489535687e-01 1.5103947654e-09 
9.2612738193e-01 1.5351358902e-09 
9.2760581200e-01 1.5648640921e-09 
9.2849287004e-01 1.5827156232e-09 
9.2955733969e-01 1.6041481996e-09 
9.3083470327e-01 1.6298751398e-09 
9.3236753956e-01 1.6607504714e-09 
9.3328724134e-01 1.6792713494e-09 
9.3439088347e-01 1.7014883639e-09 
9.3571525403e-01 1.7281305520e-09 
9.3730449870e-01 1.7600664877e-09 
9.3825804551e-01 1.7792039985e-09 
9.3940230167e-01 1.8021417076e-09 
9.4077540907e-01 1.8296217528e-09 
9.4242313794e-01 1.8625249676e-09 
9.4341177527e-01 1.8822230467e-09 
9.4459814006e-01 1.9058143385e-09 
9.4602177781e-01 1.9340520300e-09 
9.4773014310e-01 1.9678273206e-09 
9.4875516228e-01 1.9880295563e-09 
9.4998518530e-01 2.0122078696e-09 
9.5146121291e-01 2.0411248731e-09 
9.5323244605e-01 2.0756810952e-09 
9.5429518594e-01 2.0963344309e-09 
9.5557047380e-01 2.1210379508e-09 
9.5710081923e-01 2.1505627522e-09 
9.5893723375e-01 2.1858185181e-09 
9.6003908247e-01 2.2068765952e-09 
9.6136130092e-01 2.2320524030e-09 
9.6294796307e-01 2.2621253381e-09 
9.6485195764e-01 2.2980149078e-09 
9.6713675113e-01 2.3407957230e-09 
9.6850762722e-01 2.3663114983e-09 
9.7015267854e-01 2.3967752625e-09 
9.7212674011e-01 2.4331169932e-09 
9.7449561400e-01 2.4764221588e-09 
9.7591693834e-01 2.5022459679e-09 
9.7762252754e-01 2.5330732349e-09 
9.7966923458e-01 2.5698472740e-09 
9.8212528303e-01 2.6136705997e-09 
9.8359891210e-01 2.6398081073e-09 
9.8536726698e-01 2.6710142701e-09 
9.8748929284e-01 2.7082516510e-09 
9.9003572387e-01 2.7526482823e-09 
9.9156358249e-01 2.7791423403e-09 
9.9339701283e-01 2.8107875639e-09 
9.9559712925e-01 2.8485732473e-09 
9.9823726894e-01 2.8936632269e-09 
9.9982135276e-01 2.9205957610e-09 
1.0017222533e+00 2.9527869098e-09 
1.0040033340e+00 2.9912618879e-09 
1.0067406309e+00 3.0372323768e-09 
1.0100253871e+00 3.0921480328e-09 
1.0119962408e+00 3.1249735350e-09 
1.0143612653e+00 3.1642640128e-09 
1.0171992946e+00 3.2113001793e-09 
1.0189021122e+00 3.2394844099e-09 
1.0209454934e+00 3.2732510403e-09 
1.0233975507e+00 3.3137353940e-09 
1.0263400196e+00 3.3622955241e-09 
1.0281055009e+00 3.3914480379e-09 
1.0302240784e+00 3.4264219088e-09 
1.0327663715e+00 3.4684274455e-09 
1.0358171232e+00 3.5189206634e-09 
1.0376475742e+00 3.5492712138e-09 
1.0398441154e+00 3.5857631626e-09 
1.0424799649e+00 3.6296792098e-09 
1.0456429843e+00 3.6825934417e-09 
1.0475407959e+00 3.7144650075e-09 
1.0498181698e+00 3.7528501867e-09 
1.0525510185e+00 3.7991367371e-09 
1.0541907278e+00 3.8270339989e-09 
1.0561583788e+00 3.8606447391e-09 
1.0585195601e+00 3.9011859811e-09 
1.0613529777e+00 3.9501581299e-09 
1.0630530282e+00 3.9797193788e-09 
1.0650930889e+00 4.0153789026e-09 
1.0675411616e+00 4.0584545133e-09 
1.0704788490e+00 4.1105786819e-09 
1.0722414613e+00 4.1420909517e-09 
1.0743565962e+00 4.1801506674e-09 
1.0768947581e+00 4.2261927084e-09 
1.0799405523e+00 4.2820025022e-09 
1.0817680288e+00 4.3157943301e-09 
1.0839610006e+00 4.3566564490e-09 
1.0865925668e+00 4.4061593811e-09 
1.0897504463e+00 4.4662654910e-09 
1.0916451739e+00 4.5027129258e-09 
1.0939188471e+00 4.5468378064e-09 
1.0966472550e+00 4.6003676769e-09 
1.0999213444e+00 4.6654857210e-09 
1.1018857980e+00 4.7050196558e-09 
1.1042431424e+00 4.7529349757e-09 
1.1070719556e+00 4.8111414871e-09 
1.1087692436e+00 4.8464468423e-09 
1.1108059891e+00 4.8892247850e-09 
1.1132500838e+00 4.9411041910e-09 
1.1161829973e+00 5.0041997981e-09 
1.1179427455e+00 5.0425098381e-09 
1.1200544433e+00 5.0889421457e-09 
1.1225884806e+00 5.1453386008e-09 
1.1256293254e+00 5.2140163688e-09 
1.1274538323e+00 5.2557621002e-09 
1.1296432405e+00 5.3064029461e-09 
1.1322705304e+00 5.3679749194e-09 
1.1354232783e+00 5.4430480014e-09 
1.1373149270e+00 5.4887300708e-09 
1.1395849055e+00 5.5441950476e-09 
1.1423088797e+00 5.6117040614e-09 
1.1455776487e+00 5.6941209054e-09 
1.1475389101e+00 5.7443277781e-09 
1.1498924238e+00 5.8053428835e-09 
1.1527166402e+00 5.8796897575e-09 
1.1561056999e+00 5.9705757104e-09 
1.1581391357e+00 6.0260068574e-09 
1.1605792587e+00 6.0934366304e-09 
1.1635074063e+00 6.1756965017e-09 
1.1670211834e+00 6.2763997296e-09 
1.1691294496e+00 6.3378949806e-09 
1.1716593691e+00 6.4127794563e-09 
1.1746952726e+00 6.5042486275e-09 
1.1765168146e+00 6.5599935971e-09 
1.1787026651e+00 6.6277615991e-09 
1.1813256856e+00 6.7103683505e-09 
1.1844733103e+00 6.8113955951e-09 
1.1863618851e+00 6.8730331217e-09 
1.1886281748e+00 6.9480332235e-09 
1.1913477225e+00 7.0395572104e-09 
1.1946111798e+00 7.1516412440e-09 
1.1965692541e+00 7.2201058144e-09 
1.1989189433e+00 7.3034957663e-09 
1.2017385704e+00 7.4053806600e-09 
1.2051221229e+00 7.5303363811e-09 
1.2071522544e+00 7.6067619836e-09 
1.2095884121e+00 7.6999494104e-09 
1.2125118015e+00 7.8139552145e-09 
1.2160198687e+00 7.9539989839e-09 
1.2181247090e+00 8.0397723610e-09 
1.2206505174e+00 8.1444800170e-09 
1.2236814875e+00 8.2727622801e-09 
1.2255000695e+00 8.3511480451e-09 
1.2276823679e+00 8.4466492617e-09 
1.2303011261e+00 8.5633726266e-09 
1.2334436358e+00 8.7065861436e-09 
1.2353291417e+00 8.7942090570e-09 
1.2375917487e+00 8.9010806004e-09 
1.2403068772e+00 9.0318746199e-09 
1.2435650313e+00 9.1926121896e-09 
1.2455199238e+00 9.2910975871e-09 
1.2478657947e+00 9.4113623643e-09 
1.2506808399e+00 9.5587670105e-09 
1.2540588941e+00 9.7402384109e-09 
1.2560857266e+00 9.8515981815e-09 
1.2585179256e+00 9.9877595009e-09 
1.2614365644e+00 1.0154923943e-08 
1.2649389310e+00 1.0361107166e-08 
1.2670403510e+00 1.0487851178e-08 
1.2695620549e+00 1.0643051757e-08 
1.2725880997e+00 1.0833972047e-08 
1.2744037265e+00 1.0950989354e-08 
1.2765824787e+00 1.1093952732e-08 
1.2791969814e+00 1.1269277700e-08 
1.2823343845e+00 1.1485288882e-08 
1.2842168265e+00 1.1617935359e-08 
1.2864757567e+00 1.1780220264e-08 
1.2891864731e+00 1.1979574142e-08 
1.2924393327e+00 1.2225690064e-08 
1.2943910485e+00 1.2377093428e-08 
1.2967331074e+00 1.2562606591e-08 
1.2995435781e+00 1.2790911677e-08 
1.3029161430e+00 1.3073401753e-08 
1.3049396819e+00 1.3247524557e-08 
1.3073679286e+00 1.3461232821e-08 
1.3102818246e+00 1.3724765571e-08 
1.3137784998e+00 1.4051649418e-08 
1.3158765050e+00 1.4253574140e-08 
1.3183941111e+00 1.4501850867e-08 
1.3214152385e+00 1.4808703121e-08 
1.3250405914e+00 1.5190357736e-08 
1.3272158032e+00 1.5426680260e-08 
1.3298260572e+00 1.5717834720e-08 
1.3329583621e+00 1.6078559768e-08 
1.3367171280e+00 1.6528557044e-08 
1.3389723875e+00 1.6807925688e-08 
1.3416786989e+00 1.7152866969e-08 
1.3449262727e+00 1.7581366808e-08 
1.3468748169e+00 1.7846399184e-08 
1.3492130700e+00 1.8172609625e-08 
1.3520189736e+00 1.8576276725e-08 
1.3553860581e+00 1.9079060035e-08 
1.3574063087e+00 1.9390759046e-08 
1.3598306095e+00 1.9775157307e-08 
1.3627397705e+00 2.0251950682e-08 
1.3662307636e+00 2.0847522375e-08 
1.3683253595e+00 2.1217667084e-08 
1.3708388745e+00 2.1675099812e-08 
1.3738550926e+00 2.2243925137e-08 
1.3774745543e+00 2.2956656346e-08 
1.3796462313e+00 2.3400816956e-08 
1.3822522437e+00 2.3950965438e-08 
1.3853794586e+00 2.4636972025e-08 
1.3891321164e+00 2.5499409030e-08 
1.3913837112e+00 2.6038444920e-08 
1.3940856248e+00 2.6707751658e-08 
1.3973279212e+00 2.7544834211e-08 
1.4012186769e+00 2.8601043067e-08 
1.4035531303e+00 2.9263310794e-08 
1.4063544744e+00 3.0087841189e-08 
1.4097160873e+00 3.1122442717e-08 
1.4137500228e+00 3.2433080145e-08 
1.4161703841e+00 3.3257746283e-08 
1.4190748176e+00 3.4287475727e-08 
1.4225601379e+00 3.5584173179e-08 
1.4246513301e+00 3.6395773674e-08 
1.4271607607e+00 3.7404659860e-08 
1.4301720774e+00 3.8668147856e-08 
1.4337856574e+00 4.0264872062e-08 
1.4359538054e+00 4.1267355589e-08 
1.4385555831e+00 4.2516750687e-08 
1.4416777162e+00 4.4086317867e-08 
1.4454242760e+00 4.6077367204e-08 
1.4499201478e+00 4.8633148795e-08 
1.4526176708e+00 5.0259830850e-08 
1.4558546985e+00 5.2310573025e-08 
1.4597391317e+00 5.4922996049e-08 
1.4644004515e+00 5.8293363384e-08 
1.4699940353e+00 6.2708941082e-08 
1.4733501856e+00 6.5569349376e-08 
1.4773775659e+00 6.9228896892e-08 
1.4822104223e+00 7.3973560273e-08 
1.4851101362e+00 7.7018664117e-08 
1.4885897928e+00 8.0883100861e-08 
1.4927653807e+00 8.5843168149e-08 
1.4952707335e+00 8.8998190352e-08 
1.4982771568e+00 9.2971574230e-08 
1.5018848647e+00 9.8023604870e-08 
1.5062141143e+00 1.0451976750e-07 
1.5088116640e+00 1.0865701337e-07 
1.5119287237e+00 1.1387109879e-07 
1.5156691954e+00 1.2050369021e-07 
1.5201577613e+00 1.2903195663e-07 
1.5228509009e+00 1.3446083429e-07 
1.5260826684e+00 1.4129714711e-07 
1.5299607894e+00 1.4998026827e-07 
1.5322876619e+00 1.5544930803e-07 
1.5350799090e+00 1.6227549919e-07 
1.5384306056e+00 1.7085468077e-07 
1.5424514414e+00 1.8172097992e-07 
1.5448639429e+00 1.8854625143e-07 
1.5477589447e+00 1.9704318207e-07 
1.5512329469e+00 2.0768556804e-07 
1.5554017495e+00 2.2110419968e-07 
1.5579030310e+00 2.2949736786e-07 
1.5609045689e+00 2.3990765097e-07 
1.5645064143e+00 2.5288579586e-07 
1.5688286289e+00 2.6915449677e-07 
1.5740152863e+00 2.8966543175e-07 
1.5771272807e+00 3.0248402071e-07 
1.5808616741e+00 3.1836252819e-07 
1.5853429461e+00 3.3811495286e-07 
1.5907204725e+00 3.6279537846e-07 
1.5939469884e+00 3.7810322910e-07 
1.5978188074e+00 3.9695162043e-07 
1.6024649903e+00 4.2023870977e-07 
1.6080404097e+00 4.4911321824e-07 
1.6147309129e+00 4.8504652158e-07 
1.6187452149e+00 5.0725356271e-07 
1.6235623773e+00 5.3451617864e-07 
1.6293429721e+00 5.6808242421e-07 
1.6362796859e+00 6.0953411183e-07 
1.6446037425e+00 6.6087632296e-07 
1.6495981764e+00 6.9247760497e-07 
1.6555914971e+00 7.3114728114e-07 
1.6627834820e+00 7.7857660289e-07 
1.6714138638e+00 8.3688586700e-07 
1.6817703220e+00 9.0872423942e-07 
1.6941980719e+00 9.9738956589e-07 
1.7091113717e+00 1.1069582011e-06 
1.7180593516e+00 1.1741872634e-06 
1.7287969275e+00 1.2561835484e-06 
1.7416820185e+00 1.3562953142e-06 
1.7571441278e+00 1.4786044809e-06 
1.7756986589e+00 1.6280537550e-06 
1.7979640962e+00 1.8105739466e-06 
1.8113233586e+00 1.9214668978e-06 
1.8273544735e+00 2.0556714714e-06 
1.8465918113e+00 2.2180761541e-06 
1.8696766168e+00 2.4145249248e-06 
1.8973783833e+00 2.6519612031e-06 
1.9306205031e+00 2.9385779634e-06 
1.9505657750e+00 3.1111511384e-06 
1.9745001012e+00 3.3186067482e-06 
2.0032212927e+00 3.5678236412e-06 
2.0376867225e+00 3.8669132497e-06 
2.0790452383e+00 4.2253610381e-06 
2.1038603478e+00 4.4399952883e-06 
2.1336384792e+00 4.6969470799e-06 
2.1693722368e+00 5.0042004535e-06 
2.1908124914e+00 5.1879020766e-06 
2.2165407969e+00 5.4076220348e-06 
2.2474147635e+00 5.6701575283e-06 
2.2844635234e+00 5.9834557525e-06 
2.3289220353e+00 6.3567563596e-06 
2.3555971424e+00 6.5793093097e-06 
2.3876072710e+00 6.8449322144e-06 
2.4260194252e+00 7.1615930138e-06 
2.4721140104e+00 7.5385951199e-06 
2.4997707615e+00 7.7632528288e-06 
2.5329588628e+00 8.0313321913e-06 
2.5727845843e+00 8.3508766540e-06 
2.6205754502e+00 8.7312782280e-06 
2.6492499697e+00 8.9579489063e-06 
2.6836593931e+00 9.2284202561e-06 
2.7249507012e+00 9.5508040265e-06 
2.7745002710e+00 9.9345777497e-06 
2.8042300128e+00 1.0163261453e-05 
2.8399057030e+00 1.0436154718e-05 
2.8827165313e+00 1.0761487877e-05 
2.9340895252e+00 1.1148939368e-05 
2.9957371178e+00 1.1609922842e-05 
3.0000000000e+00 1.1641645540e-05 
3.0000000000e+00 1.1668659735e-05 
3.0000000000e+00 1.1700836158e-05 
3.0000000000e+00 1.1738873188e-05 
3.0000000000e+00 1.1783311396e-05 
3.0000000000e+00 1.1834391026e-05 
3.0000000000e+00 1.1891679483e-05 
3.0000000000e+00 1.1953453169e-05 
3.0000000000e+00 1.2015952516e-05 
3.0000000000e+00 1.2073208819e-05 
3.0000000000e+00 1.2118651857e-05 
3.0000000000e+00 1.2136991467e-05 
2.9793486765e+00 1.2073170498e-05 
2.9545670884e+00 1.1939705118e-05 
2.9270023390e+00 1.1750160675e-05 
2.8939246397e+00 1.1502293244e-05 
2.8542314006e+00 1.1198304234e-05 
2.8065995136e+00 1.0831948973e-05 
2.7494412493e+00 1.0389986475e-05 
2.7151462906e+00 1.0123017059e-05 
2.6739923403e+00 9.8004666597e-06 
2.6246075999e+00 9.4100769041e-06 
2.5949767556e+00 9.1740569202e-06 
2.5594197425e+00 8.8890287105e-06 
2.5167513268e+00 8.5443438134e-06 
2.4911502774e+00 8.3361157283e-06 
2.4604290181e+00 8.0848105480e-06 
2.4235635069e+00 7.7811422474e-06 
2.3793248935e+00 7.4136394560e-06 
2.3527817255e+00 7.1914753436e-06 
2.3209299238e+00 6.9231982620e-06 
2.2827077618e+00 6.5988082233e-06 
2.2597744646e+00 6.4028683543e-06 
2.2322545080e+00 6.1664515989e-06 
2.1992305600e+00 5.8808970687e-06 
2.1596018225e+00 5.5356059447e-06 
2.1120473374e+00 5.1176322105e-06 
2.0835146464e+00 4.8650609186e-06 
2.0492754172e+00 4.5603647129e-06 
2.0287318796e+00 4.3767730145e-06 
2.0040796346e+00 4.1557780690e-06 
1.9744969405e+00 3.8897233619e-06 
1.9389977076e+00 3.5694696145e-06 
1.8963986282e+00 3.1842821015e-06 
1.8708391805e+00 2.9530487064e-06 
1.8401678433e+00 2.6759055169e-06 
1.8217650410e+00 2.5100283617e-06 
1.7996816782e+00 2.3116697962e-06 
1.7864316605e+00 2.1931580768e-06 
1.7705316393e+00 2.0516055798e-06 
1.7514516138e+00 1.8829633430e-06 
1.7400035986e+00 1.7825727202e-06 
1.7262659802e+00 1.6630671987e-06 
1.7097808383e+00 1.5213301004e-06 
1.6998897531e+00 1.4373219290e-06 
1.6880204508e+00 1.3377112799e-06 
1.6737772882e+00 1.2201760580e-06 
1.6652313906e+00 1.1508497702e-06 
1.6549763134e+00 1.0689991293e-06 
1.6426702209e+00 9.7294473745e-07 
1.6352865653e+00 9.1657210070e-07 
1.6264261787e+00 8.5030179789e-07 
1.6157937147e+00 7.7294670149e-07 
1.6094142364e+00 7.2776606777e-07 
1.6017588623e+00 6.7486689307e-07 
1.5971656379e+00 6.4385607047e-07 
1.5916537685e+00 6.0740208471e-07 
1.5850395254e+00 5.6480335422e-07 
1.5810709794e+00 5.3987001764e-07 
1.5763087244e+00 5.1059413662e-07 
1.5705940182e+00 4.7642593405e-07 
1.5671651946e+00 4.5644552590e-07 
1.5630506062e+00 4.3300005711e-07 
1.5581131001e+00 4.0565116001e-07 
1.5551505964e+00 3.8966328526e-07 
1.5515955921e+00 3.7090458782e-07 
1.5473295868e+00 3.4902111005e-07 
1.5422103805e+00 3.2368405207e-07 
1.5391388567e+00 3.0897456677e-07 
1.5354530282e+00 2.9181957975e-07 
1.5310300339e+00 2.7195898735e-07 
1.5283762374e+00 2.6042708072e-07 
1.5251916815e+00 2.4697345007e-07 
1.5213702145e+00 2.3138768663e-07 
1.5167844541e+00 2.1349554413e-07 
1.5140329978e+00 2.0318703366e-07 
1.5107312503e+00 1.9124079773e-07 
1.5067691533e+00 1.7751654269e-07 
1.5043918951e+00 1.6960171306e-07 
1.5015391852e+00 1.6041966726e-07 
1.4981159334e+00 1.4985401118e-07 
1.4940080312e+00 1.3782245930e-07 
1.4915432899e+00 1.3093920243e-07 
1.4885856003e+00 1.2300790323e-07 
1.4850363728e+00 1.1395748890e-07 
1.4807772999e+00 1.0375743332e-07 
1.4782218561e+00 9.7976165216e-08 
1.4751553235e+00 9.1366548231e-08 
1.4714754845e+00 8.3896175121e-08 
1.4670596776e+00 7.5574836162e-08 
1.4617607093e+00 6.6475978875e-08 
1.4585813284e+00 6.1459837481e-08 
1.4547660713e+00 5.5858013775e-08 
1.4501877627e+00 4.9707536500e-08 
1.4474407776e+00 4.6301307572e-08 
1.4441443954e+00 4.2480307436e-08 
1.4401887368e+00 3.8258951071e-08 
1.4354419465e+00 3.3682827262e-08 
1.4325938723e+00 3.1176454840e-08 
1.4291761832e+00 2.8389846633e-08 
1.4250749564e+00 2.5343292389e-08 
1.4226142203e+00 2.3660943830e-08 
1.4196613370e+00 2.1776913626e-08 
1.4161178770e+00 1.9698025991e-08 
1.4118657250e+00 1.7445319084e-08 
1.4067631426e+00 1.5057951642e-08 
1.4037015932e+00 1.3775631450e-08 
1.4000277339e+00 1.2371873607e-08 
1.3956191027e+00 1.0864788322e-08 
1.3903287453e+00 9.2847884553e-09 
1.3839803164e+00 7.6757575170e-09 
1.3801712591e+00 6.8415028513e-09 
1.3756003903e+00 5.9545047715e-09 
1.3701153477e+00 5.0349945621e-09 
1.3635332966e+00 4.1108248006e-09 
1.3556348353e+00 3.2163808345e-09 
1.3461566818e+00 2.3896826806e-09 
1.3404697896e+00 1.9969758432e-09 
1.3336455191e+00 1.6081009267e-09 
1.3254563944e+00 1.2382047295e-09 
1.3156294448e+00 9.0313537949e-10 
1.3038371053e+00 6.1710681799e-10 
1.2896862978e+00 3.8993182746e-10 
1.2727053289e+00 2.2462625013e-10 
1.2526780173e+00 1.1775030285e-10 
1.2329971672e+00 6.3343249951e-11 
1.2137089964e+00 3.5536672976e-11 
1.1937277677e+00 2.0629724616e-11 
1.1724423121e+00 1.2694803348e-11 
1.1493488402e+00 8.6140717062e-12 
1.1248195339e+00 6.6684089187e-12 
1.1000386645e+00 5.8046253366e-12 
1.0754043487e+00 5.4187688383e-12 
1.0508390116e+00 5.2244155268e-12 
1.0262176111e+00 5.1297856307e-12 
1.0016892448e+00 5.0517951314e-12 
9.7745294242e-01 4.9726619522e-12 
9.5344481078e-01 4.8858303200e-12 
9.2967685036e-01 4.8001981021e-12 
9.0634869885e-01 4.7263438157e-12 
8.8356289514e-01 4.6661915064e-12 
8.6110121540e-01 4.6152954609e-12 
8.3869181700e-01 4.5692412157e-12 
8.1622500154e-01 4.5259199630e-12 
7.9370191105e-01 4.4846309837e-12 
7.7114017432e-01 4.4450752877e-12 
7.4852806657e-01 4.4070023206e-12 
7.2584386156e-01 4.3702112283e-12 
7.0287524802e-01 4.3342493341e-12 
6.7964175110e-01 4.2990640972e-12 
6.5639436163e-01 4.2649382285e-12 
6.3347090262e-01 4.2322331947e-12 
6.1109355542e-01 4.2011368596e-12 
5.8931677266e-01 4.1716458122e-12 
5.6807991613e-01 4.1436413813e-12 
5.4729382074e-01 4.1169803479e-12 
5.2682060125e-01 4.0914557591e-12 
5.0648052102e-01 4.0668102373e-12 
4.8606345362e-01 4.0427664371e-12 
4.6534649447e-01 4.0190579902e-12 
4.4409732232e-01 3.9954339451e-12 
4.2203779987e-01 3.9716208400e-12 
3.9882415074e-01 3.9473082764e-12 
3.7408450137e-01 3.9221890534e-12 
3.4749617301e-01 3.8960799915e-12 
3.1881834697e-01 3.8688947022e-12 
2.8785035210e-01 3.8405950182e-12 
2.5444867186e-01 3.8112200190e-12 
2.1842219595e-01 3.7807896321e-12 
1.7957025872e-01 3.7493321980e-12 
1.3788887514e-01 3.7170480816e-12 
9.3336080416e-02 3.6840939033e-12 
4.5792561657e-02 3.6505662756e-12 
0.0000000000e+00 3.6198257910e-12 
