EXPORTED XY-GRAPH DATA
248 2 2
V[2]
I[ASPLIT_drain]
0.0000000000e+00 6.3409154386e-20 
0.0000000000e+00 -3.1896832329e-20 
0.0000000000e+00 3.9184326134e-22 
0.0000000000e+00 1.2484052358e-20 
0.0000000000e+00 8.7590073876e-22 
0.0000000000e+00 -9.3471267819e-21 
0.0000000000e+00 -7.7013572092e-21 
0.0000000000e+00 2.7716398648e-22 
0.0000000000e+00 -5.3785694176e-21 
0.0000000000e+00 4.4559970083e-22 
0.0000000000e+00 1.2414601357e-22 
0.0000000000e+00 -1.7020845291e-23 
0.0000000000e+00 -2.6501072232e-21 
0.0000000000e+00 -2.0705643172e-21 
0.0000000000e+00 -1.7915597971e-21 
0.0000000000e+00 1.8411943529e-22 
0.0000000000e+00 -1.2357338208e-21 
0.0000000000e+00 7.3387254320e-23 
0.0000000000e+00 -2.9943322692e-23 
0.0000000000e+00 7.8539799664e-22 
0.0000000000e+00 -5.1410707251e-22 
0.0000000000e+00 7.9943797565e-24 
0.0000000000e+00 1.7154924492e-22 
0.0000000000e+00 2.1599086082e-22 
0.0000000000e+00 9.4372237154e-23 
0.0000000000e+00 -2.5091458799e-22 
0.0000000000e+00 8.2871254605e-23 
0.0000000000e+00 2.0686523118e-23 
0.0000000000e+00 1.4213359222e-22 
0.0000000000e+00 -1.7031580318e-22 
0.0000000000e+00 1.2245112224e-22 
0.0000000000e+00 -2.7484690957e-22 
0.0000000000e+00 4.0276801226e-11 
0.0000000000e+00 2.6096812264e-11 
0.0000000000e+00 2.6094393204e-11 
0.0000000000e+00 2.6086270912e-11 
0.0000000000e+00 2.6073837336e-11 
0.0000000000e+00 2.6059415415e-11 
0.0000000000e+00 2.6042984975e-11 
0.0000000000e+00 2.6023833735e-11 
0.0000000000e+00 2.6001166125e-11 
0.0000000000e+00 2.5974265048e-11 
0.0000000000e+00 2.5942414808e-11 
0.0000000000e+00 2.5904839924e-11 
0.0000000000e+00 2.5860647029e-11 
0.0000000000e+00 2.5808865611e-11 
0.0000000000e+00 2.5748420009e-11 
0.0000000000e+00 2.5678208367e-11 
0.0000000000e+00 2.5597093357e-11 
0.0000000000e+00 2.5503954282e-11 
0.0000000000e+00 2.5397744305e-11 
0.0000000000e+00 2.5277566127e-11 
0.0000000000e+00 2.5142778072e-11 
0.0000000000e+00 2.4995469479e-11 
0.0000000000e+00 2.4864377367e-11 
0.0000000000e+00 2.4830489069e-11 
5.7425162841e-03 -1.8596477454e-11 
1.1078799702e-02 -3.2712992765e-12 
1.6435611430e-02 -3.2731280519e-12 
2.2863785504e-02 -3.2756485244e-12 
3.0577594393e-02 -3.2786677330e-12 
3.9834165059e-02 -3.2823354036e-12 
5.0942049858e-02 -3.2867878989e-12 
6.4271511617e-02 -3.2923891482e-12 
8.0266865729e-02 -3.2988495146e-12 
9.9461290662e-02 -3.3070098927e-12 
1.2249460058e-01 -3.3170900466e-12 
1.5013457249e-01 -3.3296292089e-12 
1.8330253877e-01 -3.3453693273e-12 
2.2310409831e-01 -3.3653495412e-12 
2.7086596976e-01 -3.3909774924e-12 
3.2818021550e-01 -3.4234873787e-12 
3.9557036094e-01 -3.4566679443e-12 
4.5954218766e-01 -3.4385546451e-12 
5.1553292565e-01 -3.1904073830e-12 
5.6571583185e-01 -2.0683854183e-12 
6.1246861015e-01 2.1102138681e-12 
6.2382265197e-01 4.4611499727e-12 
6.3744750216e-01 8.4063796783e-12 
6.4562241227e-01 1.1681155352e-11 
6.5543230441e-01 1.6873852592e-11 
6.6720417497e-01 2.5674752875e-11 
6.7426729731e-01 3.2842190368e-11 
6.8274304411e-01 4.4091779358e-11 
6.9291394028e-01 6.3109049244e-11 
6.9901647798e-01 7.8695750785e-11 
7.0267800060e-01 9.0106957729e-11 
7.0707182774e-01 1.0644565685e-10 
7.1234442032e-01 1.3104932602e-10 
7.1867153140e-01 1.7088960513e-10 
7.2246779805e-01 2.0253159618e-10 
7.2474555805e-01 2.2532090981e-10 
7.2747887004e-01 2.5759217719e-10 
7.3075884442e-01 3.0571055349e-10 
7.3272682906e-01 3.4102005050e-10 
7.3508841061e-01 3.9198287776e-10 
7.3792230849e-01 4.7023162126e-10 
7.3962264721e-01 5.2940254438e-10 
7.4166305367e-01 6.1763048450e-10 
7.4411154144e-01 7.6025452876e-10 
7.4558063409e-01 8.7401959219e-10 
7.4734354528e-01 1.0541534708e-09 
7.4945903870e-01 1.3762061723e-09 
7.5072833476e-01 1.6625097536e-09 
7.5148991239e-01 1.8873826070e-09 
7.5240380555e-01 2.2384135411e-09 
7.5350047734e-01 2.8504933783e-09 
7.5415848042e-01 3.3776995785e-09 
7.5494808411e-01 4.2903680775e-09 
7.5542184632e-01 5.0701756923e-09 
7.5599036098e-01 6.4046480707e-09 
7.5667257857e-01 9.1267408247e-09 
7.5708190912e-01 1.1887685683e-08 
7.5757310578e-01 1.7797522605e-08 
7.5786782378e-01 2.4102489599e-08 
7.5822148538e-01 3.8534108638e-08 
7.5842479370e-01 5.3989014574e-08 
7.5866876368e-01 9.0515184385e-08 
7.5893889689e-01 2.1206833462e-07 
7.5915056628e-01 5.6354162751e-07 
7.5931527208e-01 1.3950056009e-06 
7.5945205497e-01 2.9233806377e-06 
7.5958488192e-01 5.3720882422e-06 
7.5971157579e-01 8.2546916370e-06 
7.5983252551e-01 1.0876171614e-05 
7.5996809092e-01 1.3096107339e-05 
7.6013076942e-01 1.4661541156e-05 
7.6032598361e-01 1.5479244647e-05 
7.6056024064e-01 1.5754370995e-05 
7.6084134908e-01 1.5768783248e-05 
7.6117867920e-01 1.5719354421e-05 
7.6158347535e-01 1.5686041670e-05 
7.6206923073e-01 1.5676446445e-05 
7.6265213719e-01 1.5677231310e-05 
7.6335162493e-01 1.5679335800e-05 
7.6419101023e-01 1.5680628511e-05 
7.6519827258e-01 1.5681576925e-05 
7.6640698741e-01 1.5682648927e-05 
7.6785744520e-01 1.5683968513e-05 
7.6959799455e-01 1.5685560417e-05 
7.7168665377e-01 1.5687463516e-05 
7.7419304484e-01 1.5689735390e-05 
7.7720071411e-01 1.5692445499e-05 
7.8080991724e-01 1.5695674158e-05 
7.8514096100e-01 1.5699512631e-05 
7.9033821351e-01 1.5704067171e-05 
7.9657491652e-01 1.5709456831e-05 
8.0405896014e-01 1.5715811458e-05 
8.1303981248e-01 1.5723266300e-05 
8.2381683528e-01 1.5731963289e-05 
8.3674926265e-01 1.5742036946e-05 
8.5226817549e-01 1.5753595559e-05 
8.7089087089e-01 1.5766694741e-05 
8.9323810538e-01 1.5781400217e-05 
9.2005478677e-01 1.5798006655e-05 
9.5223480443e-01 1.5818082459e-05 
9.8970918425e-01 1.5847270580e-05 
1.0306536169e+00 1.5899748939e-05 
1.0769140980e+00 1.6005299300e-05 
1.1324266753e+00 1.6204803876e-05 
1.1990417680e+00 1.6500458829e-05 
1.2789798793e+00 1.6786601709e-05 
1.3749056128e+00 1.6761053129e-05 
1.4900164931e+00 1.5950734949e-05 
1.5590830212e+00 1.5179536297e-05 
1.6419628550e+00 1.4377839898e-05 
1.7266485155e+00 1.4100988516e-05 
1.7947761751e+00 1.4363721496e-05 
1.8499310951e+00 1.4866399161e-05 
1.9001649911e+00 1.5527667966e-05 
1.9494966182e+00 1.6354842895e-05 
1.9976659791e+00 1.7331235008e-05 
2.0440593578e+00 1.8435783519e-05 
2.0891899077e+00 1.9676966178e-05 
2.1345370041e+00 2.1105587025e-05 
2.1806678022e+00 2.2763039284e-05 
2.2276660852e+00 2.4678438772e-05 
2.2758449369e+00 2.6887075509e-05 
2.3257957241e+00 2.9435415302e-05 
2.3781431208e+00 3.2373185752e-05 
2.4335160692e+00 3.5753264976e-05 
2.4925669975e+00 3.9633218997e-05 
2.5557447860e+00 4.4055368206e-05 
2.6233902728e+00 4.9039497844e-05 
2.6957944942e+00 5.4575557555e-05 
2.7735687475e+00 6.0654472849e-05 
2.8578710912e+00 6.7303328004e-05 
2.9504284458e+00 7.4602294704e-05 
3.0000000000e+00 7.8497370426e-05 
3.0000000000e+00 8.1065038048e-05 
3.0000000000e+00 8.2475412292e-05 
3.0000000000e+00 8.2681676141e-05 
2.9701534516e+00 8.1401202952e-05 
2.9343375936e+00 7.8977456425e-05 
2.8983246836e+00 7.6142813011e-05 
2.8551091916e+00 7.2641076809e-05 
2.8032506012e+00 6.8448185187e-05 
2.7410202928e+00 6.3445820336e-05 
2.6663439226e+00 5.7492918133e-05 
2.5767322784e+00 5.0501404261e-05 
2.4691983054e+00 4.2546729255e-05 
2.3401575377e+00 3.4004156699e-05 
2.2734239058e+00 3.0136915213e-05 
2.1933435475e+00 2.6073126255e-05 
2.0972471175e+00 2.2085403924e-05 
2.0010200756e+00 1.9017190231e-05 
1.9068680317e+00 1.6777472662e-05 
1.8099089539e+00 1.5158968398e-05 
1.7585318222e+00 1.4584820861e-05 
1.6968792642e+00 1.4184000209e-05 
1.6228961946e+00 1.4174280608e-05 
1.5341165110e+00 1.4853737325e-05 
1.4275808908e+00 1.6120398267e-05 
1.2997381465e+00 1.6950541789e-05 
1.1964136669e+00 1.6749128632e-05 
1.1469129154e+00 1.6480660574e-05 
1.1141758093e+00 1.6287869315e-05 
1.0820719097e+00 1.6114577968e-05 
1.0503131268e+00 1.5979928456e-05 
1.0227415877e+00 1.5901821598e-05 
9.9873798540e-01 1.5860218831e-05 
9.7649347054e-01 1.5835820906e-05 
9.5660256784e-01 1.5820035199e-05 
9.3846072543e-01 1.5807932899e-05 
9.2014327872e-01 1.5796561291e-05 
9.0103325484e-01 1.5784770038e-05 
8.8186724808e-01 1.5772500700e-05 
8.6303411882e-01 1.5759738353e-05 
8.4427968018e-01 1.5746207086e-05 
8.2540735190e-01 1.5731730572e-05 
8.0642610604e-01 1.5716318558e-05 
7.8734836349e-01 1.5699994753e-05 
7.6813978214e-01 1.5682784191e-05 
7.4812898493e-01 1.5664122429e-05 
7.2513746201e-01 1.5641916100e-05 
6.9754763452e-01 1.5614457361e-05 
6.6443984153e-01 1.5580895285e-05 
6.2471048994e-01 1.5540929984e-05 
5.7703526803e-01 1.5496361799e-05 
5.1982500174e-01 1.5456970764e-05 
4.5117268219e-01 1.5292316058e-05 
3.6878989874e-01 1.4897270263e-05 
2.7193455160e-01 1.4487398135e-05 
1.7890580115e-01 1.4129727473e-05 
1.1154322340e-01 1.3902860917e-05 
5.5788894313e-02 1.3742454996e-05 
5.5608519203e-03 1.3607780592e-05 
0.0000000000e+00 1.3592357493e-05 
