EXPORTED XY-GRAPH DATA
255 2 2
V[2]
I[ASPLIT_drain]
0.0000000000e+00 6.3409154386e-20 
0.0000000000e+00 -3.1896832329e-20 
0.0000000000e+00 3.9184326134e-22 
0.0000000000e+00 1.2484052358e-20 
0.0000000000e+00 8.7590073876e-22 
0.0000000000e+00 -9.3471267819e-21 
0.0000000000e+00 -7.7013572092e-21 
0.0000000000e+00 2.7716398648e-22 
0.0000000000e+00 -5.3785694176e-21 
0.0000000000e+00 4.4559970083e-22 
0.0000000000e+00 1.2414601357e-22 
0.0000000000e+00 -1.7020845291e-23 
0.0000000000e+00 -2.6501072232e-21 
0.0000000000e+00 -2.0705643172e-21 
0.0000000000e+00 -1.7915597971e-21 
0.0000000000e+00 1.8411943529e-22 
0.0000000000e+00 -1.2357338208e-21 
0.0000000000e+00 7.3387254320e-23 
0.0000000000e+00 -2.9943322692e-23 
0.0000000000e+00 7.8539799664e-22 
0.0000000000e+00 -5.1410707251e-22 
0.0000000000e+00 7.9943797565e-24 
0.0000000000e+00 1.7154924492e-22 
0.0000000000e+00 2.1599086082e-22 
0.0000000000e+00 9.4372237154e-23 
0.0000000000e+00 -2.5091458799e-22 
0.0000000000e+00 8.2871254605e-23 
0.0000000000e+00 2.0686523118e-23 
0.0000000000e+00 1.4213359222e-22 
0.0000000000e+00 -1.7031580318e-22 
0.0000000000e+00 1.2245112224e-22 
0.0000000000e+00 -2.7484690957e-22 
0.0000000000e+00 8.0543450964e-11 
0.0000000000e+00 5.2163681542e-11 
0.0000000000e+00 5.2144847828e-11 
0.0000000000e+00 5.2108482975e-11 
0.0000000000e+00 5.2061474868e-11 
0.0000000000e+00 5.2006694812e-11 
0.0000000000e+00 5.1943488573e-11 
0.0000000000e+00 5.1869701151e-11 
0.0000000000e+00 5.1783034938e-11 
0.0000000000e+00 5.1681382730e-11 
0.0000000000e+00 5.1562674639e-11 
0.0000000000e+00 5.1424710148e-11 
0.0000000000e+00 5.1265243364e-11 
0.0000000000e+00 5.1082025021e-11 
0.0000000000e+00 5.0872931746e-11 
0.0000000000e+00 5.0636107331e-11 
0.0000000000e+00 5.0370155143e-11 
0.0000000000e+00 5.0074431503e-11 
0.0000000000e+00 4.9802801289e-11 
0.0000000000e+00 4.9567712915e-11 
0.0000000000e+00 4.9345925773e-11 
0.0000000000e+00 4.9148911864e-11 
0.0000000000e+00 4.9036790689e-11 
0.0000000000e+00 4.9133370299e-11 
0.0000000000e+00 4.9587529179e-11 
0.0000000000e+00 5.0249037176e-11 
0.0000000000e+00 5.0713013283e-11 
7.6888160418e-03 -3.0411456311e-11 
1.3848160558e-02 -3.2444695822e-12 
2.0450353073e-02 -3.5727015298e-12 
2.8372984090e-02 -3.6223784104e-12 
3.7880141312e-02 -3.5707084642e-12 
4.9288729977e-02 -3.5153530643e-12 
6.2979036376e-02 -3.4761224646e-12 
7.9407404054e-02 -3.4414213025e-12 
9.9121445269e-02 -3.3997146498e-12 
1.2277829473e-01 -3.3477024973e-12 
1.5116651407e-01 -3.2888245587e-12 
1.8523237729e-01 -3.2330700522e-12 
2.2611141315e-01 -3.1942209544e-12 
2.7516625619e-01 -3.1763967626e-12 
3.1997499125e-01 -3.1627965318e-12 
3.5899492798e-01 -3.1110125930e-12 
3.9709964642e-01 -2.9355922922e-12 
4.3595059336e-01 -2.3735098938e-12 
4.7391566273e-01 -7.1445079845e-13 
4.9222677071e-01 1.0083604421e-12 
5.1420010029e-01 4.7269911524e-12 
5.2738409803e-01 8.4427745847e-12 
5.4320489533e-01 1.5502585652e-11 
5.5269737370e-01 2.1936583429e-11 
5.6408834776e-01 3.3369237677e-11 
5.7092293219e-01 4.3309834171e-11 
5.7912443351e-01 6.0388070670e-11 
5.8404533430e-01 7.4859365700e-11 
5.8995041525e-01 9.9282456870e-11 
5.9349346382e-01 1.1968053384e-10 
5.9774512210e-01 1.5371621808e-10 
6.0284711204e-01 2.2065172196e-10 
6.0590830600e-01 2.8756050361e-10 
6.0958173876e-01 4.3286049205e-10 
6.1178579841e-01 5.9894915479e-10 
6.1310823421e-01 7.6182578310e-10 
6.1469515716e-01 1.1085707793e-09 
6.1564731093e-01 1.4920609296e-09 
6.1678989545e-01 2.4984367998e-09 
6.1740770396e-01 3.7599073969e-09 
6.1777838907e-01 5.1884785231e-09 
6.1822321120e-01 9.1551313859e-09 
6.1844337772e-01 1.3692444663e-08 
6.1870757755e-01 3.0490386612e-08 
6.1881831162e-01 5.0261599811e-08 
6.1894559412e-01 1.3250092036e-07 
6.1899644597e-01 2.2486740891e-07 
6.1905513953e-01 5.2656213496e-07 
6.1910660976e-01 1.6503348994e-06 
6.1914234413e-01 4.2676470004e-06 
6.1917122199e-01 9.3948219226e-06 
6.1919760690e-01 1.8426323010e-05 
6.1922450240e-01 3.2628188716e-05 
6.1925677701e-01 5.3055732498e-05 
6.1929468715e-01 7.4513664934e-05 
6.1933252817e-01 8.9351689122e-05 
6.1937793740e-01 9.9054852234e-05 
6.1943242847e-01 1.0367779925e-04 
6.1949781775e-01 1.0497703519e-04 
6.1957433270e-01 1.0486424259e-04 
6.1966615064e-01 1.0452020668e-04 
6.1977633216e-01 1.0433118159e-04 
6.1990854999e-01 1.0428677272e-04 
6.2006721139e-01 1.0429370981e-04 
6.2025760507e-01 1.0430228460e-04 
6.2048607748e-01 1.0430437914e-04 
6.2076024437e-01 1.0430387503e-04 
6.2108924465e-01 1.0430316515e-04 
6.2148404498e-01 1.0430255157e-04 
6.2195780537e-01 1.0430187884e-04 
6.2252631784e-01 1.0430106996e-04 
6.2320853281e-01 1.0430009735e-04 
6.2402719077e-01 1.0429893248e-04 
6.2500958032e-01 1.0429753752e-04 
6.2618844779e-01 1.0429586893e-04 
6.2760308875e-01 1.0429387481e-04 
6.2930065789e-01 1.0429149066e-04 
6.3133774087e-01 1.0428864083e-04 
6.3378224044e-01 1.0428523661e-04 
6.3671563993e-01 1.0428117166e-04 
6.4023571932e-01 1.0427631058e-04 
6.4445981458e-01 1.0427049222e-04 
6.4952872889e-01 1.0426351923e-04 
6.5561142607e-01 1.0425513408e-04 
6.6291066268e-01 1.0424500806e-04 
6.7166974662e-01 1.0423268879e-04 
6.8218064734e-01 1.0421760190e-04 
6.9479372821e-01 1.0419890922e-04 
7.0992942525e-01 1.0417544209e-04 
7.2809226170e-01 1.0414547604e-04 
7.4988766544e-01 1.0410642079e-04 
7.7604214993e-01 1.0405459355e-04 
8.0742753131e-01 1.0398444809e-04 
8.4508998897e-01 1.0388763861e-04 
8.8493349563e-01 1.0376889995e-04 
9.2527428243e-01 1.0363116106e-04 
9.6589832517e-01 1.0347544877e-04 
1.0066542419e+00 1.0330653676e-04 
1.0479127447e+00 1.0313699978e-04 
1.0908964122e+00 1.0299342067e-04 
1.1387705953e+00 1.0292004935e-04 
1.1962196150e+00 1.0298168653e-04 
1.2651584387e+00 1.0320293959e-04 
1.3476409469e+00 1.0342129114e-04 
1.4416900425e+00 1.0313307658e-04 
1.5503956151e+00 1.0139632831e-04 
1.6789463669e+00 9.6669464670e-05 
1.8321204428e+00 8.7713583556e-05 
1.9680187744e+00 7.9653086419e-05 
2.0424216305e+00 7.6427612006e-05 
2.0979534335e+00 7.4698735821e-05 
2.1520749090e+00 7.3506876786e-05 
2.2031860266e+00 7.2763618164e-05 
2.2493270833e+00 7.2372878483e-05 
2.2919983945e+00 7.2228574447e-05 
2.3329844550e+00 7.2277847576e-05 
2.3728330224e+00 7.2500840988e-05 
2.4116296481e+00 7.2885953203e-05 
2.4506951514e+00 7.3445646360e-05 
2.4906258569e+00 7.4202210915e-05 
2.5311784120e+00 7.5168781016e-05 
2.5721649948e+00 7.6356133427e-05 
2.6136515435e+00 7.7779723966e-05 
2.6557555083e+00 7.9456961340e-05 
2.6985242013e+00 8.1401966295e-05 
2.7419191931e+00 8.3622225074e-05 
2.7859676103e+00 8.6124979093e-05 
2.8306344188e+00 8.8911003676e-05 
2.8759207270e+00 9.1980516125e-05 
2.9218072281e+00 9.5331096528e-05 
2.9682639048e+00 9.8960410136e-05 
3.0000000000e+00 1.0157455039e-04 
3.0000000000e+00 1.0347969982e-04 
3.0000000000e+00 1.0482660304e-04 
3.0000000000e+00 1.0541277607e-04 
3.0000000000e+00 1.0567682496e-04 
2.9557762801e+00 1.0311050080e-04 
2.9184253575e+00 1.0018319921e-04 
2.8760951191e+00 9.6779208218e-05 
2.8252988331e+00 9.2935740071e-05 
2.7643432898e+00 8.8749725603e-05 
2.6911966379e+00 8.4346317736e-05 
2.6048104696e+00 8.0043053774e-05 
2.5132168473e+00 7.6560825912e-05 
2.4195162107e+00 7.4111648344e-05 
2.3253014341e+00 7.2696307316e-05 
2.2328212826e+00 7.2249064021e-05 
2.1395131453e+00 7.2732160639e-05 
2.0425128488e+00 7.4374868821e-05 
1.9388048702e+00 7.7826779439e-05 
1.8239832742e+00 8.4067194820e-05 
1.6894275462e+00 9.2936685383e-05 
1.5794015428e+00 9.8965602997e-05 
1.5196377129e+00 1.0127166379e-04 
1.4747496193e+00 1.0251450020e-04 
1.4292164056e+00 1.0336814031e-04 
1.3840787679e+00 1.0385223562e-04 
1.3435999519e+00 1.0402558810e-04 
1.3071047856e+00 1.0401122478e-04 
1.2719918540e+00 1.0388246787e-04 
1.2372809191e+00 1.0368284576e-04 
1.2034193657e+00 1.0345842534e-04 
1.1711811331e+00 1.0325656382e-04 
1.1410070990e+00 1.0311268137e-04 
1.1128959102e+00 1.0304297060e-04 
1.0867673576e+00 1.0304397841e-04 
1.0624804447e+00 1.0309546643e-04 
1.0398102706e+00 1.0317242453e-04 
1.0193710663e+00 1.0325355698e-04 
1.0009503540e+00 1.0333005369e-04 
9.8282296357e-01 1.0340545680e-04 
9.6397852114e-01 1.0348212454e-04 
9.4486328297e-01 1.0355701955e-04 
9.2604009262e-01 1.0362731091e-04 
9.0736918794e-01 1.0369330196e-04 
8.8860581419e-01 1.0375603521e-04 
8.6972306477e-01 1.0381523905e-04 
8.5073285777e-01 1.0387085399e-04 
8.3161246079e-01 1.0392297226e-04 
8.1198020875e-01 1.0397253788e-04 
7.9040642334e-01 1.0402268440e-04 
7.6451788084e-01 1.0407719685e-04 
7.3345162984e-01 1.0413529423e-04 
6.9617212865e-01 1.0419594390e-04 
6.5143672722e-01 1.0426003763e-04 
5.9775424549e-01 1.0433788148e-04 
5.3333526743e-01 1.0436329354e-04 
4.5618223448e-01 1.0381709458e-04 
3.7358392993e-01 1.0341791753e-04 
2.8867400636e-01 1.0319213862e-04 
2.1411421665e-01 1.0306289171e-04 
1.5536364501e-01 1.0297059042e-04 
1.0407410844e-01 1.0287499951e-04 
5.6541846144e-02 1.0273995873e-04 
1.0304733240e-02 1.0250799119e-04 
0.0000000000e+00 1.0243609948e-04 
