EXPORTED XY-GRAPH DATA
277 2 2
V[2]
I[ASPLIT_drain]
0.0000000000e+00 6.3409154386e-20 
0.0000000000e+00 -3.1896832329e-20 
0.0000000000e+00 3.9184326134e-22 
0.0000000000e+00 1.2484052358e-20 
0.0000000000e+00 8.7590073876e-22 
0.0000000000e+00 -9.3471267819e-21 
0.0000000000e+00 -7.7013572092e-21 
0.0000000000e+00 2.7716398648e-22 
0.0000000000e+00 -5.3785694176e-21 
0.0000000000e+00 4.4559970083e-22 
0.0000000000e+00 1.2414601357e-22 
0.0000000000e+00 -1.7020845291e-23 
0.0000000000e+00 -2.6501072232e-21 
0.0000000000e+00 -2.0705643172e-21 
0.0000000000e+00 -1.7915597971e-21 
0.0000000000e+00 1.8411943529e-22 
0.0000000000e+00 -1.2357338208e-21 
0.0000000000e+00 7.3387254320e-23 
0.0000000000e+00 -2.9943322692e-23 
0.0000000000e+00 7.8539799664e-22 
0.0000000000e+00 -5.1410707251e-22 
0.0000000000e+00 7.9943797565e-24 
0.0000000000e+00 1.7154924492e-22 
0.0000000000e+00 2.1599086082e-22 
0.0000000000e+00 9.4372237154e-23 
0.0000000000e+00 -2.5091458799e-22 
0.0000000000e+00 8.2871254605e-23 
0.0000000000e+00 2.0686523118e-23 
0.0000000000e+00 1.4213359222e-22 
0.0000000000e+00 -1.7031580318e-22 
0.0000000000e+00 1.2245112224e-22 
0.0000000000e+00 -2.7484690957e-22 
0.0000000000e+00 1.2079997338e-10 
0.0000000000e+00 7.8200791694e-11 
0.0000000000e+00 7.8149713477e-11 
0.0000000000e+00 7.8067647617e-11 
0.0000000000e+00 7.7964902678e-11 
0.0000000000e+00 7.7845464976e-11 
0.0000000000e+00 7.7707678462e-11 
0.0000000000e+00 7.7547605692e-11 
0.0000000000e+00 7.7361185083e-11 
0.0000000000e+00 7.7144839518e-11 
0.0000000000e+00 7.6895194970e-11 
0.0000000000e+00 7.6608980054e-11 
0.0000000000e+00 7.6283107933e-11 
0.0000000000e+00 7.5914936650e-11 
0.0000000000e+00 7.5502589537e-11 
0.0000000000e+00 7.5061312859e-11 
0.0000000000e+00 7.4662943402e-11 
0.0000000000e+00 7.4314736814e-11 
0.0000000000e+00 7.3982585536e-11 
0.0000000000e+00 7.3695109492e-11 
0.0000000000e+00 7.3544703666e-11 
0.0000000000e+00 7.3697729495e-11 
0.0000000000e+00 7.4265965279e-11 
0.0000000000e+00 7.4981947858e-11 
0.0000000000e+00 7.5324664379e-11 
0.0000000000e+00 7.5669106402e-11 
0.0000000000e+00 7.5994126776e-11 
0.0000000000e+00 7.6148016596e-11 
0.0000000000e+00 7.6298085146e-11 
0.0000000000e+00 7.6437599551e-11 
0.0000000000e+00 7.6504245452e-11 
0.0000000000e+00 7.6569424231e-11 
0.0000000000e+00 7.6619619616e-11 
0.0000000000e+00 7.6684404537e-11 
0.0000000000e+00 7.6709015997e-11 
0.0000000000e+00 7.6731389644e-11 
0.0000000000e+00 7.6750653891e-11 
0.0000000000e+00 7.6757491139e-11 
1.8371740569e-03 -3.7635693121e-11 
3.4222531629e-03 2.6189908130e-12 
5.0827515736e-03 2.5380566232e-12 
7.0753496665e-03 2.4236896412e-12 
9.4664673779e-03 2.2567104568e-12 
1.2335808632e-02 2.0002951368e-12 
1.5779018136e-02 1.5864154339e-12 
1.9910869542e-02 9.1108612229e-13 
2.4869091228e-02 -1.3066335777e-13 
3.0818957252e-02 -1.4847755735e-12 
3.7958796480e-02 -2.7857916715e-12 
4.6526603554e-02 -3.6141043153e-12 
5.6807972044e-02 -3.9170285159e-12 
6.9145614230e-02 -3.9292712346e-12 
8.3950784855e-02 -3.8689251958e-12 
1.0171698960e-01 -3.8265264260e-12 
1.2303643530e-01 -3.8091120810e-12 
1.4861977014e-01 -3.8004035346e-12 
1.7931977195e-01 -3.7883637339e-12 
2.1615977412e-01 -3.7644996626e-12 
2.6036777672e-01 -3.7024315125e-12 
3.1341737984e-01 -3.4445550543e-12 
3.7707690358e-01 -1.6730245049e-12 
4.0714949451e-01 1.5365627908e-12 
4.4323660361e-01 1.4423694330e-11 
4.6182023011e-01 3.5231641304e-11 
4.7297040601e-01 6.4684800085e-11 
4.7966051155e-01 1.0003893871e-10 
4.8768863819e-01 2.1153168289e-10 
4.9193392125e-01 4.0790051874e-10 
4.9423721618e-01 7.1784500805e-10 
4.9561919313e-01 1.2176097948e-09 
4.9644837931e-01 1.9742704934e-09 
4.9694589101e-01 3.0092689615e-09 
4.9724439804e-01 4.2460721080e-09 
4.9760260646e-01 8.3160010967e-09 
4.9776230255e-01 1.3357727913e-08 
4.9785424554e-01 1.9220420785e-08 
4.9796457713e-01 3.7480671433e-08 
4.9801422616e-01 5.7281453690e-08 
4.9807380499e-01 1.2434351112e-07 
4.9809978669e-01 1.9493990409e-07 
4.9813096473e-01 4.0804203824e-07 
4.9815971556e-01 1.2189435897e-06 
4.9817991223e-01 3.5361529893e-06 
4.9819512196e-01 9.0018783547e-06 
4.9820766183e-01 2.0405892985e-05 
4.9821864941e-01 4.0895761208e-05 
4.9822941330e-01 7.4527845947e-05 
4.9824183204e-01 1.2821931298e-04 
4.9825673452e-01 1.9942813462e-04 
4.9827257390e-01 2.6545024539e-04 
4.9829038333e-01 3.1717607262e-04 
4.9831175464e-01 3.5097887856e-04 
4.9833740022e-01 3.6711029375e-04 
4.9836817492e-01 3.7164784137e-04 
4.9840472411e-01 3.7124656163e-04 
4.9844858314e-01 3.7002187342e-04 
4.9850121397e-01 3.6935764575e-04 
4.9856437097e-01 3.6921856521e-04 
4.9864015937e-01 3.6927060963e-04 
4.9873110546e-01 3.6933471188e-04 
4.9884024075e-01 3.6938173372e-04 
4.9897120311e-01 3.6942665791e-04 
4.9912835794e-01 3.6947951418e-04 
4.9931694374e-01 3.6954283232e-04 
4.9954324669e-01 3.6961749703e-04 
4.9981481023e-01 3.6970458038e-04 
5.0014068649e-01 3.6980493352e-04 
5.0053173799e-01 3.6991838572e-04 
5.0100099980e-01 3.7004315930e-04 
5.0156411397e-01 3.7017478873e-04 
5.0223985097e-01 3.7030488217e-04 
5.0305073537e-01 3.7042153614e-04 
5.0402379665e-01 3.7051206319e-04 
5.0519147018e-01 3.7056767584e-04 
5.0659267843e-01 3.7058722409e-04 
5.0827412832e-01 3.7057673433e-04 
5.1029186819e-01 3.7054522048e-04 
5.1271315603e-01 3.7049976011e-04 
5.1561870145e-01 3.7044410718e-04 
5.1910535594e-01 3.7037863670e-04 
5.2328934134e-01 3.7030152242e-04 
5.2831012381e-01 3.7020999747e-04 
5.3433506278e-01 3.7009982180e-04 
5.4156498955e-01 3.6996916808e-04 
5.5024090166e-01 3.6981456213e-04 
5.6065199620e-01 3.6963232492e-04 
5.7314530965e-01 3.6941759622e-04 
5.8813728579e-01 3.6916988478e-04 
6.0612765715e-01 3.6889029287e-04 
6.2771610279e-01 3.6856133602e-04 
6.5362223755e-01 3.6817267023e-04 
6.8470959927e-01 3.6769243451e-04 
7.2201443333e-01 3.6719564691e-04 
7.5885804754e-01 3.6677273335e-04 
7.9073603047e-01 3.6642866053e-04 
8.1879254147e-01 3.6612417575e-04 
8.4547189544e-01 3.6582537221e-04 
8.7257202240e-01 3.6550865025e-04 
9.0003557875e-01 3.6517323305e-04 
9.2726166649e-01 3.6482499645e-04 
9.5455287676e-01 3.6445898414e-04 
9.8243933925e-01 3.6406801655e-04 
1.0111904536e+00 3.6364735229e-04 
1.0409780979e+00 3.6319537663e-04 
1.0721040536e+00 3.6271072387e-04 
1.1052143366e+00 3.6219443859e-04 
1.1414375333e+00 3.6165760992e-04 
1.1835814502e+00 3.6112389850e-04 
1.2341541504e+00 3.6067708333e-04 
1.2948413907e+00 3.6042715866e-04 
1.3676660791e+00 3.6036728907e-04 
1.4532147242e+00 3.6016808990e-04 
1.5523482189e+00 3.5896910896e-04 
1.6657137297e+00 3.5518091158e-04 
1.7910414772e+00 3.4656954896e-04 
1.9319510638e+00 3.2978239773e-04 
2.0965580767e+00 2.9953342816e-04 
2.2774077169e+00 2.5614494846e-04 
2.3820562246e+00 2.3160844195e-04 
2.4448683548e+00 2.1913294436e-04 
2.4969609037e+00 2.1039119349e-04 
2.5463823364e+00 2.0336728842e-04 
2.5916549113e+00 1.9788143054e-04 
2.6326640746e+00 1.9358173380e-04 
2.6712074215e+00 1.9004505763e-04 
2.7082756169e+00 1.8705478732e-04 
2.7441044282e+00 1.8451601067e-04 
2.7788579272e+00 1.8236474898e-04 
2.8128017522e+00 1.8054442438e-04 
2.8463096850e+00 1.7901062392e-04 
2.8803879108e+00 1.7771083654e-04 
2.9153365429e+00 1.7664615016e-04 
2.9509246353e+00 1.7583728728e-04 
2.9870050357e+00 1.7529790933e-04 
3.0000000000e+00 1.7517315212e-04 
3.0000000000e+00 1.7510209241e-04 
3.0000000000e+00 1.7505423294e-04 
3.0000000000e+00 1.7503259900e-04 
3.0000000000e+00 1.7503148070e-04 
3.0000000000e+00 1.7503880532e-04 
3.0000000000e+00 1.7504448987e-04 
2.9565833584e+00 1.7506936994e-04 
2.9173107278e+00 1.7534754966e-04 
2.8748682434e+00 1.7601724704e-04 
2.8239372622e+00 1.7731702458e-04 
2.7628200847e+00 1.7957973588e-04 
2.6894829223e+00 1.8334056278e-04 
2.6111006465e+00 1.8873687937e-04 
2.5290215623e+00 1.9616706769e-04 
2.4421764735e+00 2.0659387001e-04 
2.3485495294e+00 2.2183148400e-04 
2.2441924044e+00 2.4441410169e-04 
2.1198171576e+00 2.7586661089e-04 
1.9828259659e+00 3.0828610407e-04 
1.9001867680e+00 3.2433520341e-04 
1.8439325563e+00 3.3347584423e-04 
1.7914284070e+00 3.4069603625e-04 
1.7385368875e+00 3.4672944956e-04 
1.6896833881e+00 3.5125211108e-04 
1.6456466695e+00 3.5451997560e-04 
1.6035218625e+00 3.5698213392e-04 
1.5616557065e+00 3.5884176458e-04 
1.5200486968e+00 3.6016976677e-04 
1.4792677896e+00 3.6103066731e-04 
1.4397909750e+00 3.6151028656e-04 
1.4017458036e+00 3.6170361303e-04 
1.3653020796e+00 3.6169956720e-04 
1.3306191892e+00 3.6157971121e-04 
1.2977548271e+00 3.6141609840e-04 
1.2666493634e+00 3.6126812419e-04 
1.2372853462e+00 3.6118190903e-04 
1.2096167518e+00 3.6118740653e-04 
1.1835241103e+00 3.6129561492e-04 
1.1588870150e+00 3.6149810940e-04 
1.1355634691e+00 3.6176995036e-04 
1.1134958738e+00 3.6207729990e-04 
1.0931123180e+00 3.6238464272e-04 
1.0743544413e+00 3.6267576158e-04 
1.0560600451e+00 3.6296099772e-04 
1.0373407544e+00 3.6325031945e-04 
1.0183437015e+00 3.6353905355e-04 
9.9950347078e-01 3.6381922203e-04 
9.8079528075e-01 3.6409038217e-04 
9.6203111347e-01 3.6435466931e-04 
9.4315342862e-01 3.6461273135e-04 
9.2415434963e-01 3.6486446702e-04 
9.0498104082e-01 3.6511010607e-04 
8.8530708265e-01 3.6535368103e-04 
8.6413579886e-01 3.6560767953e-04 
8.3968467132e-01 3.6589013579e-04 
8.1034331827e-01 3.6621553565e-04 
7.7513369460e-01 3.6659471961e-04 
7.3288214621e-01 3.6706093623e-04 
6.8218028813e-01 3.6771024199e-04 
6.2133805844e-01 3.6861404537e-04 
5.4832738281e-01 3.6979056610e-04 
4.6071457206e-01 3.7142427456e-04 
3.6916696635e-01 3.7318046368e-04 
2.9084191083e-01 3.7469735183e-04 
2.2978761477e-01 3.7587975515e-04 
1.7697607430e-01 3.7684743904e-04 
1.2836018889e-01 3.7758935003e-04 
8.0940284494e-02 3.7804211534e-04 
3.0150549519e-02 3.7813039809e-04 
0.0000000000e+00 3.7798801777e-04 
