EXPORTED XY-GRAPH DATA
147 2 2
V[4]
I[ASPLIT_drain]
0.0000000000e+00 6.2707514638e-20 
0.0000000000e+00 -2.9567466653e-20 
0.0000000000e+00 -1.6245504013e-21 
0.0000000000e+00 1.3317080810e-20 
0.0000000000e+00 1.0005657973e-21 
0.0000000000e+00 -9.8690806613e-21 
0.0000000000e+00 -7.1527499797e-21 
0.0000000000e+00 4.3583276955e-22 
0.0000000000e+00 -5.0603118521e-21 
0.0000000000e+00 3.8921170086e-22 
0.0000000000e+00 2.6784642248e-22 
0.0000000000e+00 1.6268744892e-22 
0.0000000000e+00 -2.8622699684e-21 
0.0000000000e+00 -1.9740840202e-21 
0.0000000000e+00 -1.9384768308e-21 
0.0000000000e+00 1.6769086482e-22 
0.0000000000e+00 -1.1085669009e-21 
0.0000000000e+00 2.9611456777e-22 
0.0000000000e+00 -3.6184701064e-23 
0.0000000000e+00 6.3209470986e-22 
0.0000000000e+00 -5.1301390660e-22 
0.0000000000e+00 1.0824480815e-22 
0.0000000000e+00 7.2678842901e-23 
0.0000000000e+00 3.3809468237e-24 
0.0000000000e+00 6.2824363679e-23 
0.0000000000e+00 -2.1202869079e-22 
0.0000000000e+00 2.7198126269e-22 
0.0000000000e+00 5.1488732811e-23 
0.0000000000e+00 -8.1828299490e-23 
0.0000000000e+00 -1.8514334811e-22 
0.0000000000e+00 7.0806211856e-23 
0.0000000000e+00 -3.2923839289e-22 
0.0000000000e+00 -3.6529665672e-10 
0.0000000000e+00 -2.4023659654e-10 
0.0000000000e+00 -2.4123683955e-10 
0.0000000000e+00 -2.4276463865e-10 
0.0000000000e+00 -2.4461072062e-10 
0.0000000000e+00 -2.4692794833e-10 
0.0000000000e+00 -2.4987460740e-10 
0.0000000000e+00 -2.5366430395e-10 
0.0000000000e+00 -2.5811694076e-10 
0.0000000000e+00 -2.6270487540e-10 
0.0000000000e+00 -2.6710817252e-10 
0.0000000000e+00 -2.7116357013e-10 
0.0000000000e+00 -2.7488570888e-10 
0.0000000000e+00 -2.7836401196e-10 
0.0000000000e+00 -2.8165948535e-10 
0.0000000000e+00 -2.8478948580e-10 
0.0000000000e+00 -2.8775943532e-10 
0.0000000000e+00 -2.9061587321e-10 
0.0000000000e+00 -2.9347096777e-10 
0.0000000000e+00 -2.9645938553e-10 
0.0000000000e+00 -2.9965679506e-10 
0.0000000000e+00 -3.0299632359e-10 
0.0000000000e+00 -3.0629280440e-10 
0.0000000000e+00 -3.0947870942e-10 
0.0000000000e+00 -3.1258693771e-10 
0.0000000000e+00 -3.1588974892e-10 
0.0000000000e+00 -3.1995128883e-10 
0.0000000000e+00 -3.2562771586e-10 
0.0000000000e+00 -3.3443317441e-10 
0.0000000000e+00 -3.4987227160e-10 
0.0000000000e+00 -3.7546255195e-10 
0.0000000000e+00 -4.0846135058e-10 
0.0000000000e+00 -4.3508756021e-10 
0.0000000000e+00 -4.5536994392e-10 
0.0000000000e+00 -4.6862624062e-10 
0.0000000000e+00 -4.7437258605e-10 
0.0000000000e+00 -4.7415454831e-10 
0.0000000000e+00 -4.7051585042e-10 
0.0000000000e+00 -4.6435863443e-10 
0.0000000000e+00 -4.5533738889e-10 
0.0000000000e+00 -4.4171657037e-10 
0.0000000000e+00 -4.3573864427e-10 
4.3582063584e-02 5.7194168717e-08 
5.8456782586e-02 6.5650209031e-08 
6.5043117973e-02 6.9123254566e-08 
7.2946720438e-02 7.3077015672e-08 
8.2431043395e-02 7.7658932294e-08 
9.3812230944e-02 8.3154811294e-08 
1.0746965600e-01 9.0100236868e-08 
1.2385856607e-01 9.9513625300e-08 
1.4352525816e-01 1.1343925586e-07 
1.6540033804e-01 1.3437097984e-07 
1.8883839079e-01 1.6729217059e-07 
2.0129167621e-01 1.9119955117e-07 
2.1623561871e-01 2.2867721661e-07 
2.3416834972e-01 2.9200279392e-07 
2.5568762692e-01 4.0747373347e-07 
2.7996467552e-01 6.1057211892e-07 
3.0583593610e-01 9.2076337682e-07 
3.3688144880e-01 1.3718388748e-06 
3.7394717032e-01 1.9132437836e-06 
4.0936656415e-01 2.3907085057e-06 
4.5186983675e-01 2.9339029986e-06 
5.0287376386e-01 3.5877082934e-06 
5.6407847640e-01 4.3973929561e-06 
6.3752413145e-01 5.4042346453e-06 
7.2565891751e-01 6.6547399137e-06 
8.3142066077e-01 8.2055918788e-06 
9.5833475269e-01 1.0125115617e-05 
1.1106316630e+00 1.2495196468e-05 
1.2933879554e+00 1.5414075038e-05 
1.5126955062e+00 1.8999846048e-05 
1.7758645672e+00 2.3394813623e-05 
2.0916674404e+00 2.8770754383e-05 
2.4644011506e+00 3.5226621539e-05 
2.9057201553e+00 4.2991365793e-05 
3.4347896060e+00 5.2435708397e-05 
4.0696729470e+00 6.3922370638e-05 
4.8315329561e+00 7.7879163634e-05 
5.7457649670e+00 9.4819817207e-05 
6.8428433801e+00 1.1536000788e-04 
8.1593374759e+00 1.4023555794e-04 
9.7391303908e+00 1.7032633304e-04 
1.1634881889e+01 2.0668351537e-04 
1.2000000000e+01 2.1371011810e-04 
1.2000000000e+01 2.1368949127e-04 
1.2000000000e+01 2.1366134101e-04 
1.2000000000e+01 2.1364817644e-04 
1.1716694177e+01 2.0816541652e-04 
1.1376727189e+01 2.0158897912e-04 
1.1010184549e+01 1.9450453769e-04 
1.0570333381e+01 1.8601177141e-04 
1.0042511980e+01 1.7583418500e-04 
9.4091262977e+00 1.6364376806e-04 
8.6490634795e+00 1.4905408190e-04 
7.7369880976e+00 1.3161685379e-04 
6.6424976394e+00 1.1082859971e-04 
5.3291090896e+00 8.6174941911e-05 
3.7530428298e+00 5.7302132583e-05 
2.5020871236e+00 3.5385541333e-05 
1.9097256021e+00 2.5586053016e-05 
1.5711855874e+00 2.0293022148e-05 
1.2991304745e+00 1.6307544711e-05 
1.0665072931e+00 1.3232445977e-05 
8.9715987515e-01 1.1359546399e-05 
7.8482027063e-01 1.0318209867e-05 
6.9773528990e-01 9.5436658110e-06 
6.1759619102e-01 8.7535468938e-06 
5.3654842131e-01 7.8281262294e-06 
4.5026291494e-01 6.7203392603e-06 
3.6185348897e-01 5.4901881568e-06 
2.6359554709e-01 4.0457835767e-06 
1.5088121650e-01 2.3276892818e-06 
4.4209689593e-02 6.7948784459e-07 
0.0000000000e+00 -5.5796966996e-11 
