EXPORTED XY-GRAPH DATA
270 2 2
V[4]
I[ASPLIT_drain]
0.0000000000e+00 6.2707514638e-20 
0.0000000000e+00 -2.9567466653e-20 
0.0000000000e+00 -1.6245504013e-21 
0.0000000000e+00 1.3317080810e-20 
0.0000000000e+00 1.0005657973e-21 
0.0000000000e+00 -9.8690806613e-21 
0.0000000000e+00 -7.1527499797e-21 
0.0000000000e+00 4.3583276955e-22 
0.0000000000e+00 -5.0603118521e-21 
0.0000000000e+00 3.8921170086e-22 
0.0000000000e+00 2.6784642248e-22 
0.0000000000e+00 1.6268744892e-22 
0.0000000000e+00 -2.8622699684e-21 
0.0000000000e+00 -1.9740840202e-21 
0.0000000000e+00 -1.9384768308e-21 
0.0000000000e+00 1.6769086482e-22 
0.0000000000e+00 -1.1085669009e-21 
0.0000000000e+00 2.9611456777e-22 
0.0000000000e+00 -3.6184701064e-23 
0.0000000000e+00 6.3209470986e-22 
0.0000000000e+00 -5.1301390660e-22 
0.0000000000e+00 1.0824480815e-22 
0.0000000000e+00 7.2678842901e-23 
0.0000000000e+00 3.3809468237e-24 
0.0000000000e+00 6.2824363679e-23 
0.0000000000e+00 -2.1202869079e-22 
0.0000000000e+00 2.7198126269e-22 
0.0000000000e+00 5.1488732811e-23 
0.0000000000e+00 -8.1828299490e-23 
0.0000000000e+00 -1.8514334811e-22 
0.0000000000e+00 7.0806211856e-23 
0.0000000000e+00 -3.2923839289e-22 
0.0000000000e+00 -3.6529665672e-10 
0.0000000000e+00 -2.4023659654e-10 
0.0000000000e+00 -2.4123683955e-10 
0.0000000000e+00 -2.4276463865e-10 
0.0000000000e+00 -2.4461072062e-10 
0.0000000000e+00 -2.4692794833e-10 
0.0000000000e+00 -2.4987460740e-10 
0.0000000000e+00 -2.5366430395e-10 
0.0000000000e+00 -2.5811694076e-10 
0.0000000000e+00 -2.6270487540e-10 
0.0000000000e+00 -2.6710817252e-10 
0.0000000000e+00 -2.7116357013e-10 
0.0000000000e+00 -2.7488570888e-10 
0.0000000000e+00 -2.7836401196e-10 
0.0000000000e+00 -2.8165948535e-10 
0.0000000000e+00 -2.8478948580e-10 
0.0000000000e+00 -2.8775943532e-10 
0.0000000000e+00 -2.9061587321e-10 
0.0000000000e+00 -2.9347096777e-10 
0.0000000000e+00 -2.9645938553e-10 
0.0000000000e+00 -2.9965679506e-10 
0.0000000000e+00 -3.0299632359e-10 
0.0000000000e+00 -3.0629280440e-10 
0.0000000000e+00 -3.0947870942e-10 
0.0000000000e+00 -3.1258693771e-10 
0.0000000000e+00 -3.1588974892e-10 
0.0000000000e+00 -3.1995128883e-10 
0.0000000000e+00 -3.2562771586e-10 
0.0000000000e+00 -3.3443317441e-10 
0.0000000000e+00 -3.4987227160e-10 
0.0000000000e+00 -3.7546255195e-10 
0.0000000000e+00 -4.0846135058e-10 
0.0000000000e+00 -4.3508756021e-10 
0.0000000000e+00 -4.5536994392e-10 
0.0000000000e+00 -4.6862624062e-10 
0.0000000000e+00 -4.7437258605e-10 
0.0000000000e+00 -4.7415454831e-10 
0.0000000000e+00 -4.7051585042e-10 
0.0000000000e+00 -4.6435863443e-10 
0.0000000000e+00 -4.5533738889e-10 
0.0000000000e+00 -4.4171657037e-10 
0.0000000000e+00 -4.3573864427e-10 
4.3582063584e-04 7.3442192473e-10 
6.5393213528e-04 7.6985647379e-10 
7.7910832793e-04 8.5829783343e-10 
9.2931975911e-04 9.4810784565e-10 
1.1095734765e-03 1.0389116293e-09 
1.3258779374e-03 1.1309260047e-09 
1.5854432905e-03 1.2251926892e-09 
1.8969217142e-03 1.3238363325e-09 
2.2706958226e-03 1.4302186616e-09 
2.7192247527e-03 1.5490872207e-09 
3.2574594689e-03 1.6867874687e-09 
3.8914013581e-03 1.8486054205e-09 
4.6418302990e-03 2.0447212257e-09 
5.5423450281e-03 2.2902527340e-09 
6.6229627029e-03 2.6020473727e-09 
7.9197039128e-03 3.0022553656e-09 
9.4757933646e-03 3.5205019213e-09 
1.1343100707e-02 4.1978162081e-09 
1.3583869517e-02 5.0943330061e-09 
1.4928330804e-02 5.6833939285e-09 
1.6541684347e-02 6.4439757530e-09 
1.7509696473e-02 6.9312219818e-09 
1.8671311025e-02 7.5485878131e-09 
2.0065248487e-02 8.3402007649e-09 
2.1737973441e-02 9.3715055405e-09 
2.2741608413e-02 1.0038212818e-08 
2.3945970380e-02 1.0890547735e-08 
2.5391204740e-02 1.1995954968e-08 
2.7125485973e-02 1.3456038842e-08 
2.8166054712e-02 1.4410744894e-08 
2.9414737199e-02 1.5643009382e-08 
3.0913156184e-02 1.7259670123e-08 
3.2711258966e-02 1.9424777126e-08 
3.3790120635e-02 2.0857027853e-08 
3.5084754638e-02 2.2723817112e-08 
3.6638315441e-02 2.5202384409e-08 
3.7570451923e-02 2.6828476256e-08 
3.8689015701e-02 2.8932365746e-08 
4.0031292235e-02 3.1699626167e-08 
4.1642024076e-02 3.5413899217e-08 
4.2608463181e-02 3.7872968716e-08 
4.3768190106e-02 4.1078287263e-08 
4.5159862417e-02 4.5330656597e-08 
4.6829869190e-02 5.1093345728e-08 
4.7831873253e-02 5.4937048705e-08 
4.9034278130e-02 5.9974191084e-08 
5.0477163981e-02 6.6691590259e-08 
5.1342895492e-02 7.1106009319e-08 
5.2381773305e-02 7.6814315374e-08 
5.3628426681e-02 8.4297594631e-08 
5.5124410732e-02 9.4257831334e-08 
5.6022001163e-02 1.0078043551e-07 
5.7099109679e-02 1.0917455293e-07 
5.8391639899e-02 1.2009045480e-07 
5.9167158031e-02 1.2709339718e-07 
6.0097779790e-02 1.3594984970e-07 
6.1214525900e-02 1.4722746620e-07 
6.2554621232e-02 1.6168128496e-07 
6.3358678431e-02 1.7082715457e-07 
6.4323547070e-02 1.8225115387e-07 
6.5481389437e-02 1.9657201780e-07 
6.6870800278e-02 2.1457440147e-07 
6.7704446782e-02 2.2577516046e-07 
6.8704822587e-02 2.3957528196e-07 
6.9905273553e-02 2.5660488773e-07 
7.1345814712e-02 2.7764362829e-07 
7.2210139408e-02 2.9055292410e-07 
7.3247329042e-02 3.0629846748e-07 
7.4491956604e-02 3.2552767619e-07 
7.5985509678e-02 3.4904188045e-07 
7.7777773367e-02 3.7783661698e-07 
7.8853131580e-02 3.9539314543e-07 
8.0143561436e-02 4.1672433386e-07 
8.1692077263e-02 4.4268777894e-07 
8.3550296255e-02 4.7435135649e-07 
8.5780159046e-02 5.1304616343e-07 
8.8455994395e-02 5.6043380688e-07 
9.0061495605e-02 5.8933420089e-07 
9.1988097056e-02 6.2445792759e-07 
9.4300018798e-02 6.6721275061e-07 
9.7074324888e-02 7.1933165842e-07 
1.0040349220e-01 7.8293786636e-07 
1.0439849297e-01 8.6062378979e-07 
1.0679549343e-01 9.0785938801e-07 
1.0967189398e-01 9.6509214159e-07 
1.1312357465e-01 1.0344731274e-06 
1.1726559144e-01 1.1185866265e-06 
1.2223601160e-01 1.2205208791e-06 
1.2820051579e-01 1.3439244732e-06 
1.3535792082e-01 1.4930573660e-06 
1.3965236383e-01 1.5828725745e-06 
1.4480569545e-01 1.6908348760e-06 
1.5098969340e-01 1.8204831364e-06 
1.5841049093e-01 1.9759798558e-06 
1.6731544797e-01 2.1622003723e-06 
1.7800139641e-01 2.3848541574e-06 
1.8441296548e-01 2.5179490885e-06 
1.9210684836e-01 2.6771376804e-06 
2.0133950782e-01 2.8673872138e-06 
2.1241869916e-01 3.0945429983e-06 
2.2571372878e-01 3.3653586595e-06 
2.4166776432e-01 3.6870241764e-06 
2.6081260697e-01 4.0642118419e-06 
2.8378641816e-01 4.4917218729e-06 
3.1135499157e-01 4.9630549753e-06 
3.3904281308e-01 5.4076163744e-06 
3.7226819889e-01 5.9250810495e-06 
4.0775190038e-01 6.4689809645e-06 
4.5033234217e-01 7.1123394798e-06 
5.0142887232e-01 7.8679338393e-06 
5.6274470850e-01 8.7441829652e-06 
5.9953421021e-01 9.2502225265e-06 
6.4368161225e-01 9.8336813451e-06 
6.9665849471e-01 1.0492685373e-05 
7.2844462419e-01 1.0862873306e-05 
7.6658797955e-01 1.1279519693e-05 
8.1236000600e-01 1.1739951459e-05 
8.6728643773e-01 1.2247116151e-05 
9.2761480130e-01 1.2778905516e-05 
9.7909002081e-01 1.3238125934e-05 
1.0264075825e+00 1.3679093138e-05 
1.0763578612e+00 1.4174206720e-05 
1.1318589484e+00 1.4767256417e-05 
1.1937650899e+00 1.5482420240e-05 
1.2632673153e+00 1.6343731623e-05 
1.3434979744e+00 1.7398138125e-05 
1.4395330243e+00 1.8723411055e-05 
1.5547750841e+00 2.0380812754e-05 
1.6930655560e+00 2.2442178943e-05 
1.8590141222e+00 2.4996106407e-05 
2.0581524016e+00 2.8151127094e-05 
2.2971183369e+00 3.2038777054e-05 
2.5838774593e+00 3.6817388920e-05 
2.9279884062e+00 4.2677357297e-05 
3.3409215425e+00 4.9848439734e-05 
3.8364413060e+00 5.8609030456e-05 
4.4310650222e+00 6.9296665514e-05 
5.1446134816e+00 8.2320128729e-05 
6.0008716329e+00 9.8170814843e-05 
7.0283814145e+00 1.1743460844e-04 
8.2613931524e+00 1.4080605402e-04 
9.7410072379e+00 1.6910915782e-04 
1.1453510950e+01 2.0210685237e-04 
1.2000000000e+01 2.1267702717e-04 
1.2000000000e+01 2.1267749691e-04 
1.2000000000e+01 2.1267735369e-04 
1.1448350647e+01 2.0200779598e-04 
1.0906041775e+01 1.9153595967e-04 
1.0392640072e+01 1.8164052831e-04 
9.7765580287e+00 1.6979245511e-04 
9.0372595768e+00 1.5561901340e-04 
8.1501014346e+00 1.3868794906e-04 
7.0855116639e+00 1.1851260212e-04 
5.8080039390e+00 9.4582924357e-05 
4.2749946692e+00 6.6475702368e-05 
2.9819376371e+00 4.3606497834e-05 
2.3132416437e+00 3.2304209142e-05 
1.9014195172e+00 2.5659648149e-05 
1.5735051201e+00 2.0653895984e-05 
1.4396191775e+00 1.8721790456e-05 
1.2789560464e+00 1.6540773389e-05 
1.0966188397e+00 1.4376940038e-05 
9.6909096722e-01 1.3136229023e-05 
9.2216322638e-01 1.2718462508e-05 
8.6584993737e-01 1.2220497140e-05 
8.3206196396e-01 1.1912154887e-05 
7.9151639587e-01 1.1521080154e-05 
7.4286171417e-01 1.1010586593e-05 
6.8447609612e-01 1.0334077034e-05 
6.1441335446e-01 9.4410076642e-06 
5.3033806448e-01 8.2794020438e-06 
4.2944771649e-01 6.7934691033e-06 
3.6891350770e-01 5.8669751879e-06 
3.3259298243e-01 5.3013570265e-06 
3.1080066726e-01 4.9590097646e-06 
2.8464988906e-01 4.5455940972e-06 
2.5326895523e-01 4.0462281208e-06 
2.1561183462e-01 3.4431151738e-06 
1.7042328990e-01 2.7153511909e-06 
1.4331016306e-01 2.2774892843e-06 
1.2704228696e-01 2.0146582307e-06 
1.1728156130e-01 1.8570002511e-06 
1.0556869051e-01 1.6679190273e-06 
9.8540968031e-02 1.5545606687e-06 
9.0107701060e-02 1.4186608766e-06 
8.5047740878e-02 1.3372021443e-06 
7.8975788659e-02 1.2395544688e-06 
7.1689445996e-02 1.1225473797e-06 
6.2945834800e-02 9.8244541725e-07 
5.2453501366e-02 8.1488962732e-07 
4.6158101305e-02 7.1474405343e-07 
3.8603621233e-02 5.9505246438e-07 
2.9538245145e-02 4.5231397958e-07 
1.8659793840e-02 2.8281951518e-07 
5.6056522746e-03 8.3487492742e-08 
0.0000000000e+00 -9.8249924913e-13 
