EXPORTED XY-GRAPH DATA
182 2 2
V[4]
I[ASPLIT_drain]
0.0000000000e+00 6.2707514638e-20 
0.0000000000e+00 -2.9567466653e-20 
0.0000000000e+00 -1.6245504013e-21 
0.0000000000e+00 1.3317080810e-20 
0.0000000000e+00 1.0005657973e-21 
0.0000000000e+00 -9.8690806613e-21 
0.0000000000e+00 -7.1527499797e-21 
0.0000000000e+00 4.3583276955e-22 
0.0000000000e+00 -5.0603118521e-21 
0.0000000000e+00 3.8921170086e-22 
0.0000000000e+00 2.6784642248e-22 
0.0000000000e+00 1.6268744892e-22 
0.0000000000e+00 -2.8622699684e-21 
0.0000000000e+00 -1.9740840202e-21 
0.0000000000e+00 -1.9384768308e-21 
0.0000000000e+00 1.6769086482e-22 
0.0000000000e+00 -1.1085669009e-21 
0.0000000000e+00 2.9611456777e-22 
0.0000000000e+00 -3.6184701064e-23 
0.0000000000e+00 6.3209470986e-22 
0.0000000000e+00 -5.1301390660e-22 
0.0000000000e+00 1.0824480815e-22 
0.0000000000e+00 7.2678842901e-23 
0.0000000000e+00 3.3809468237e-24 
0.0000000000e+00 6.2824363679e-23 
0.0000000000e+00 -2.1202869079e-22 
0.0000000000e+00 2.7198126269e-22 
0.0000000000e+00 5.1488732811e-23 
0.0000000000e+00 -8.1828299490e-23 
0.0000000000e+00 -1.8514334811e-22 
0.0000000000e+00 7.0806211856e-23 
0.0000000000e+00 -3.2923839289e-22 
0.0000000000e+00 -3.6529665672e-10 
0.0000000000e+00 -2.4023659654e-10 
0.0000000000e+00 -2.4123683955e-10 
0.0000000000e+00 -2.4276463865e-10 
0.0000000000e+00 -2.4461072062e-10 
0.0000000000e+00 -2.4692794833e-10 
0.0000000000e+00 -2.4987460740e-10 
0.0000000000e+00 -2.5366430395e-10 
0.0000000000e+00 -2.5811694076e-10 
0.0000000000e+00 -2.6270487540e-10 
0.0000000000e+00 -2.6710817252e-10 
0.0000000000e+00 -2.7116357013e-10 
0.0000000000e+00 -2.7488570888e-10 
0.0000000000e+00 -2.7836401196e-10 
0.0000000000e+00 -2.8165948535e-10 
0.0000000000e+00 -2.8478948580e-10 
0.0000000000e+00 -2.8775943532e-10 
0.0000000000e+00 -2.9061587321e-10 
0.0000000000e+00 -2.9347096777e-10 
0.0000000000e+00 -2.9645938553e-10 
0.0000000000e+00 -2.9965679506e-10 
0.0000000000e+00 -3.0299632359e-10 
0.0000000000e+00 -3.0629280440e-10 
0.0000000000e+00 -3.0947870942e-10 
0.0000000000e+00 -3.1258693771e-10 
0.0000000000e+00 -3.1588974892e-10 
0.0000000000e+00 -3.1995128883e-10 
0.0000000000e+00 -3.2562771586e-10 
0.0000000000e+00 -3.3443317441e-10 
0.0000000000e+00 -3.4987227160e-10 
0.0000000000e+00 -3.7546255195e-10 
0.0000000000e+00 -4.0846135058e-10 
0.0000000000e+00 -4.3508756021e-10 
0.0000000000e+00 -4.5536994392e-10 
0.0000000000e+00 -4.6862624062e-10 
0.0000000000e+00 -4.7437258605e-10 
0.0000000000e+00 -4.7415454831e-10 
0.0000000000e+00 -4.7051585042e-10 
0.0000000000e+00 -4.6435863443e-10 
0.0000000000e+00 -4.5533738889e-10 
0.0000000000e+00 -4.4171657037e-10 
0.0000000000e+00 -4.3573864427e-10 
4.3582063584e-03 6.8346721144e-09 
6.5170128202e-03 8.4203747659e-09 
7.7420344573e-03 9.2121076090e-09 
9.2120604219e-03 1.0027546247e-08 
1.0976091579e-02 1.0865388197e-08 
1.3092928968e-02 1.1732473534e-08 
1.5633133835e-02 1.2646046573e-08 
1.8681379676e-02 1.3636433329e-08 
2.2339274684e-02 1.4750328662e-08 
2.6728748694e-02 1.6055686346e-08 
3.1996117506e-02 1.7650196393e-08 
3.8311307000e-02 1.9674670305e-08 
4.5889534392e-02 2.2346936424e-08 
5.0436470828e-02 2.4127008247e-08 
5.5892794551e-02 2.6459869404e-08 
6.2440383018e-02 2.9582108683e-08 
6.6368936099e-02 3.1655422483e-08 
7.1083199796e-02 3.4371594257e-08 
7.6740316231e-02 3.8012212695e-08 
8.0134586093e-02 4.0427975377e-08 
8.4207709927e-02 4.3592273490e-08 
8.9095458527e-02 4.7831843377e-08 
9.4960756848e-02 5.3682264408e-08 
9.8479935840e-02 5.7663162971e-08 
1.0270295063e-01 6.2993027482e-08 
1.0777056838e-01 7.0328725558e-08 
1.1385170968e-01 8.0780176126e-08 
1.1750039446e-01 8.8076695775e-08 
1.2187881619e-01 9.8042607442e-08 
1.2713292228e-01 1.1204838888e-07 
1.3343784957e-01 1.3236670882e-07 
1.4100376233e-01 1.6278144405e-07 
1.5008285764e-01 2.0927774358e-07 
1.6097777202e-01 2.7982634002e-07 
1.7405166926e-01 3.8131916087e-07 
1.8974034596e-01 5.1515131449e-07 
2.0856675799e-01 6.7986353096e-07 
2.3115845244e-01 8.8060477865e-07 
2.4471346910e-01 1.0041549404e-06 
2.6097948910e-01 1.1571507894e-06 
2.8049871310e-01 1.3475806397e-06 
3.0392178189e-01 1.5850981508e-06 
3.1797562317e-01 1.7319686361e-06 
3.3484023271e-01 1.9122639247e-06 
3.5507776415e-01 2.1341052868e-06 
3.7936280188e-01 2.4076615274e-06 
4.0850484715e-01 2.7456424034e-06 
4.4347530148e-01 3.1638793731e-06 
4.8543984668e-01 3.6820080696e-06 
5.3579730092e-01 4.3242651027e-06 
5.9622624600e-01 5.1203996881e-06 
6.6874098010e-01 6.1067470563e-06 
7.5575866102e-01 7.3274890158e-06 
8.6017987812e-01 8.8361844370e-06 
9.8548533864e-01 1.0697693860e-05 
1.1315562745e+00 1.2924150562e-05 
1.2888594138e+00 1.5376481463e-05 
1.4583659028e+00 1.8070568182e-05 
1.6434790940e+00 2.1062789925e-05 
1.8440359107e+00 2.4353400084e-05 
2.0551285370e+00 2.7862214781e-05 
2.2759111166e+00 3.1572284726e-05 
2.5121890390e+00 3.5574447125e-05 
2.7625159151e+00 3.9838903078e-05 
3.0019786423e+00 4.3951731175e-05 
3.2705532445e+00 4.8615948563e-05 
3.5865000305e+00 5.4169665030e-05 
3.9404911373e+00 6.0464986131e-05 
4.3652804655e+00 6.8104535781e-05 
4.8750276592e+00 7.7375508799e-05 
5.4867242918e+00 8.8625124712e-05 
6.2207602508e+00 1.0227103307e-04 
7.1016034017e+00 1.1881298062e-04 
8.1586151827e+00 1.3884666179e-04 
9.4270293200e+00 1.6308172005e-04 
1.0949126285e+01 1.9236414539e-04 
1.2000000000e+01 2.1267467748e-04 
1.2000000000e+01 2.1267822098e-04 
1.1070796740e+01 1.9471866851e-04 
9.9557528284e+00 1.7323837741e-04 
9.1714559183e+00 1.5819048241e-04 
8.2302996261e+00 1.4021722997e-04 
7.1009120755e+00 1.1880577851e-04 
5.7456470148e+00 9.3427140291e-05 
4.1193289419e+00 6.3674191085e-05 
2.8827615300e+00 4.1900849047e-05 
2.2555019476e+00 3.1353409835e-05 
1.8574881010e+00 2.4967887651e-05 
1.5362144631e+00 2.0099540169e-05 
1.4052730895e+00 1.8228905446e-05 
1.2481434412e+00 1.6126730914e-05 
1.1617424232e+00 1.5071731100e-05 
1.0580612016e+00 1.3940521206e-05 
1.0017650482e+00 1.3390588675e-05 
9.3420966401e-01 1.2773611835e-05 
8.5314320304e-01 1.2051105466e-05 
7.6857358312e-01 1.1233712295e-05 
6.8438708199e-01 1.0287327165e-05 
5.9533838202e-01 9.1487051176e-06 
5.0094092389e-01 7.8284575239e-06 
3.9950213016e-01 6.3198942791e-06 
3.3863885392e-01 5.3827080892e-06 
2.6560292243e-01 4.2347913009e-06 
2.2178136353e-01 3.5370996135e-06 
1.6919549286e-01 2.6941186084e-06 
1.0609244806e-01 1.6796520613e-06 
3.6521105998e-02 5.6991833691e-07 
0.0000000000e+00 -5.6911730765e-12 
