EXPORTED XY-GRAPH DATA
308 2 2
V[1]
I[ASPLIT_drain]
0.0000000000e+00 -1.2188201277e-18 
0.0000000000e+00 6.2638891440e-19 
0.0000000000e+00 3.0429873787e-21 
0.0000000000e+00 -1.4652255994e-19 
0.0000000000e+00 -1.1495933573e-19 
0.0000000000e+00 -9.6334302303e-20 
0.0000000000e+00 -8.0450777146e-20 
0.0000000000e+00 5.6350137336e-20 
0.0000000000e+00 -4.8144275850e-21 
0.0000000000e+00 -1.7018198559e-21 
0.0000000000e+00 -3.6926900196e-20 
0.0000000000e+00 -3.3165022883e-20 
0.0000000000e+00 3.0118019070e-22 
0.0000000000e+00 1.9878369643e-20 
0.0000000000e+00 5.6325912586e-22 
0.0000000000e+00 8.4356684925e-22 
0.0000000000e+00 -1.3228104333e-20 
0.0000000000e+00 -1.0410743424e-20 
0.0000000000e+00 8.0583939579e-21 
0.0000000000e+00 -7.0651756790e-21 
0.0000000000e+00 -5.8690995189e-22 
0.0000000000e+00 1.6551173608e-22 
0.0000000000e+00 -5.3442176384e-22 
0.0000000000e+00 3.3075219465e-21 
0.0000000000e+00 4.6899341056e-22 
0.0000000000e+00 -2.4212694132e-21 
0.0000000000e+00 2.1393536359e-21 
0.0000000000e+00 -1.7229837652e-21 
0.0000000000e+00 1.8430578606e-22 
0.0000000000e+00 -1.1141282123e-22 
0.0000000000e+00 -5.7017618201e-22 
0.0000000000e+00 6.0286377867e-23 
0.0000000000e+00 1.3781501792e-22 
0.0000000000e+00 -9.6169410953e-23 
0.0000000000e+00 1.7903182191e-22 
0.0000000000e+00 1.5164450022e-22 
0.0000000000e+00 -2.6404763421e-22 
0.0000000000e+00 2.5331936234e-22 
0.0000000000e+00 -2.4770410925e-22 
0.0000000000e+00 8.4610888881e-23 
0.0000000000e+00 -1.5664378872e-22 
0.0000000000e+00 1.4707166251e-22 
0.0000000000e+00 3.9310443394e-23 
0.0000000000e+00 -8.0751759094e-23 
0.0000000000e+00 -7.3653933899e-11 
0.0000000000e+00 -4.8647415271e-11 
0.0000000000e+00 -4.9066950791e-11 
0.0000000000e+00 -4.9628920433e-11 
0.0000000000e+00 -5.0377813019e-11 
0.0000000000e+00 -5.1383829353e-11 
0.0000000000e+00 -5.2753212001e-11 
0.0000000000e+00 -5.4459275421e-11 
0.0000000000e+00 2.3267281135e-11 
0.0000000000e+00 -2.6411033696e-13 
0.0000000000e+00 -5.1857319996e-15 
0.0000000000e+00 5.5239165663e-14 
0.0000000000e+00 3.8863273406e-14 
0.0000000000e+00 1.4292032969e-14 
0.0000000000e+00 2.1337391653e-15 
0.0000000000e+00 -3.5854652245e-16 
0.0000000000e+00 2.8788010293e-16 
0.0000000000e+00 9.0467303350e-16 
0.0000000000e+00 1.0608453227e-15 
0.0000000000e+00 1.0486390302e-15 
0.0000000000e+00 1.0312397161e-15 
0.0000000000e+00 1.0277352864e-15 
0.0000000000e+00 1.0278671493e-15 
0.0000000000e+00 1.0277531372e-15 
0.0000000000e+00 1.0273264772e-15 
0.0000000000e+00 1.0267857419e-15 
0.0000000000e+00 1.0261455579e-15 
0.0000000000e+00 1.0253800616e-15 
0.0000000000e+00 1.0244627008e-15 
0.0000000000e+00 1.0233636795e-15 
0.0000000000e+00 1.0220475321e-15 
0.0000000000e+00 1.0204720131e-15 
0.0000000000e+00 1.0185869190e-15 
0.0000000000e+00 1.0163327217e-15 
0.0000000000e+00 1.0154535807e-15 
9.2445828145e-02 8.6771926010e-12 
1.6137770158e-01 5.4641198674e-12 
1.9736367237e-01 5.4178302822e-12 
2.4054683732e-01 5.3709262547e-12 
2.9236663526e-01 5.3193029631e-12 
3.4989110522e-01 5.2686625578e-12 
4.0904137217e-01 5.2236023509e-12 
4.6606642419e-01 5.1863326489e-12 
5.2520184075e-01 5.1533718977e-12 
5.8890066898e-01 5.1243781969e-12 
6.5201205348e-01 5.1027481177e-12 
7.1671768664e-01 5.0892525657e-12 
7.8530004937e-01 5.0859252780e-12 
8.5311035422e-01 5.0972266177e-12 
9.2183016464e-01 5.1281095426e-12 
9.9526567027e-01 5.1917585755e-12 
1.0680933099e+00 5.2987661766e-12 
1.1401042094e+00 5.4697742919e-12 
1.2178540922e+00 5.7730802424e-12 
1.2964801048e+00 6.2882296229e-12 
1.3350804150e+00 6.6482498855e-12 
1.3814007874e+00 7.1519244878e-12 
1.4369852342e+00 7.9119671833e-12 
1.4703359023e+00 8.4836288588e-12 
1.5103567040e+00 9.3475883709e-12 
1.5583816660e+00 1.0787523489e-11 
1.5871966433e+00 1.1982428255e-11 
1.6217746159e+00 1.3977405784e-11 
1.6425213995e+00 1.5634446287e-11 
1.6674175399e+00 1.8399549968e-11 
1.6972929083e+00 2.3895577207e-11 
1.7152181293e+00 2.9496232907e-11 
1.7367283945e+00 4.2217279068e-11 
1.7496345537e+00 5.7887489007e-11 
1.7573782492e+00 7.4604317626e-11 
1.7666706837e+00 1.1706426559e-10 
1.7722461445e+00 1.8013109617e-10 
1.7755914209e+00 2.6442422301e-10 
1.7775985868e+00 3.6404733009e-10 
1.7800071859e+00 7.0012141174e-10 
1.7811405984e+00 1.2311725261e-09 
1.7817463271e+00 1.9892688403e-09 
1.7821097644e+00 3.0594769372e-09 
1.7823278267e+00 4.4031728597e-09 
1.7825895015e+00 9.8425793642e-09 
1.7826935911e+00 1.7304819660e-08 
1.7827483898e+00 2.6135844490e-08 
1.7828141481e+00 6.0665024100e-08 
1.7828405101e+00 9.9327582122e-08 
1.7828712842e+00 2.4500449272e-07 
1.7828841146e+00 3.9769759168e-07 
1.7828995111e+00 8.5767874619e-07 
1.7829137692e+00 2.4600269937e-06 
1.7829240297e+00 6.4969888808e-06 
1.7829322783e+00 1.6002790217e-05 
1.7829393254e+00 3.6540092940e-05 
1.7829456334e+00 7.4974298068e-05 
1.7829519857e+00 1.4101664372e-04 
1.7829595616e+00 2.4985922424e-04 
1.7829685770e+00 3.8808007856e-04 
1.7829774810e+00 5.0208253752e-04 
1.7829875856e+00 5.8920880620e-04 
1.7829979047e+00 6.3835539635e-04 
1.7830102877e+00 6.6469503028e-04 
1.7830251472e+00 6.7452352802e-04 
1.7830429052e+00 6.7582210447e-04 
1.7830642148e+00 6.7452941000e-04 
1.7830897863e+00 6.7341588963e-04 
1.7831204721e+00 6.7303444304e-04 
1.7831572951e+00 6.7308017519e-04 
1.7832014827e+00 6.7323965643e-04 
1.7832545077e+00 6.7340202148e-04 
1.7833181378e+00 6.7357020599e-04 
1.7833944939e+00 6.7376546188e-04 
1.7834861213e+00 6.7399983773e-04 
1.7835960741e+00 6.7428064766e-04 
1.7837280174e+00 6.7461571120e-04 
1.7838863494e+00 6.7501431021e-04 
1.7840763479e+00 6.7548656062e-04 
1.7843043460e+00 6.7604256728e-04 
1.7845779437e+00 6.7669085113e-04 
1.7849062610e+00 6.7743581829e-04 
1.7853002417e+00 6.7827483515e-04 
1.7857730186e+00 6.7919757949e-04 
1.7863403509e+00 6.8019239993e-04 
1.7870211496e+00 6.8126040366e-04 
1.7878381081e+00 6.8242816358e-04 
1.7888184583e+00 6.8374837135e-04 
1.7899948784e+00 6.8528959559e-04 
1.7914065827e+00 6.8712556049e-04 
1.7931006278e+00 6.8933135888e-04 
1.7951334818e+00 6.9198689070e-04 
1.7975729068e+00 6.9518380052e-04 
1.8005002166e+00 6.9903238528e-04 
1.8040129885e+00 7.0366730336e-04 
1.8082283148e+00 7.0925296573e-04 
1.8132867063e+00 7.1598998320e-04 
1.8193567761e+00 7.2412356323e-04 
1.8266408598e+00 7.3395434347e-04 
1.8353817603e+00 7.4585219699e-04 
1.8458708409e+00 7.6027395248e-04 
1.8584577376e+00 7.7778612569e-04 
1.8735620137e+00 7.9909432463e-04 
1.8916871450e+00 8.2508166145e-04 
1.9134373025e+00 8.5686238222e-04 
1.9395374916e+00 8.9583323171e-04 
1.9708577184e+00 9.4376644021e-04 
2.0084419907e+00 1.0029126715e-03 
2.0535431174e+00 1.0761327247e-03 
2.1076644694e+00 1.1670572408e-03 
2.1726100918e+00 1.2802835998e-03 
2.2505448387e+00 1.4215982079e-03 
2.3440665350e+00 1.5982282093e-03 
2.4562925705e+00 1.8191360515e-03 
2.5000000000e+00 1.9075254638e-03 
2.5000000000e+00 1.9075956988e-03 
2.5000000000e+00 1.9075790887e-03 
2.5000000000e+00 1.9075757524e-03 
2.5000000000e+00 1.9075757194e-03 
2.5000000000e+00 1.9075758233e-03 
2.4596515957e+00 1.8260010463e-03 
2.4185061335e+00 1.7438378741e-03 
2.3835996635e+00 1.6750767215e-03 
2.3417118994e+00 1.5937728353e-03 
2.2914465826e+00 1.4980244261e-03 
2.2311282023e+00 1.3859321636e-03 
2.1587461461e+00 1.2558127644e-03 
2.0834308060e+00 1.1259989940e-03 
2.0136011961e+00 1.0112180454e-03 
1.9465064581e+00 9.0643888504e-04 
1.8789472631e+00 8.0681550033e-04 
1.8103439180e+00 7.1211184430e-04 
1.7408256142e+00 6.2314466480e-04 
1.6699358551e+00 5.3998658398e-04 
1.5968810905e+00 4.6247636145e-04 
1.5205750636e+00 3.9041873583e-04 
1.4390022918e+00 3.2319757213e-04 
1.3506789631e+00 2.6121154297e-04 
1.2551873459e+00 2.0565529935e-04 
1.1529020795e+00 1.5758955214e-04 
1.0460287914e+00 1.1787488312e-04 
9.4107559139e-01 8.7237704978e-05 
8.4856331853e-01 6.5653908705e-05 
7.7674360790e-01 5.1712858200e-05 
7.2768813798e-01 4.3391282388e-05 
6.8343191629e-01 3.6628741148e-05 
6.3425171958e-01 2.9870412320e-05 
5.8267280301e-01 2.3574316738e-05 
5.3275358554e-01 1.8206065746e-05 
4.8393939746e-01 1.3617944212e-05 
4.3418868218e-01 9.6054315404e-06 
3.8198848008e-01 6.1249466952e-06 
3.5308291626e-01 4.5294772224e-06 
3.1839623968e-01 2.9400151167e-06 
2.9758423373e-01 2.1612841944e-06 
2.7260982660e-01 1.4022169003e-06 
2.5762518231e-01 1.0373769372e-06 
2.3964360918e-01 6.8466995439e-07 
2.2885466529e-01 5.1685624611e-07 
2.1590793263e-01 3.5573826347e-07 
2.0813989304e-01 2.7842800143e-07 
1.9881824552e-01 2.0288176683e-07 
1.8763226850e-01 1.3419083432e-07 
1.8092068229e-01 1.0301236004e-07 
1.7286677884e-01 7.3972277499e-08 
1.6320209469e-01 4.8984638061e-08 
1.5740328421e-01 3.8095399169e-08 
1.5044471162e-01 2.8154965458e-08 
1.4209442452e-01 1.9652114155e-08 
1.3708425226e-01 1.5903341447e-08 
1.3107204555e-01 1.2400758906e-08 
1.2746472152e-01 1.0715564401e-08 
1.2313593269e-01 9.0223145073e-09 
1.1794138609e-01 7.3746303270e-09 
1.1482465813e-01 6.5511686863e-09 
1.1108458458e-01 5.6975260071e-09 
1.0659649632e-01 4.8350468442e-09 
1.0390364336e-01 4.3893906424e-09 
1.0067221981e-01 3.9146864033e-09 
9.8733365685e-02 3.6578411298e-09 
9.6406740730e-02 3.3743202947e-09 
9.3614790784e-02 3.0660090590e-09 
9.1939620816e-02 2.8961648090e-09 
8.9929416855e-02 2.7059735638e-09 
8.7517172102e-02 2.4956397351e-09 
8.6069825250e-02 2.3780681654e-09 
8.4333009028e-02 2.2448629378e-09 
8.2248829561e-02 2.0955244631e-09 
8.0998321881e-02 2.0110535541e-09 
7.9497712665e-02 1.9144339056e-09 
7.7696981605e-02 1.8048976236e-09 
7.5536104334e-02 1.6820135002e-09 
7.4239577971e-02 1.6124602408e-09 
7.2683746336e-02 1.5328559733e-09 
7.0816748374e-02 1.4425448314e-09 
6.9696549596e-02 1.3909303304e-09 
6.8352311064e-02 1.3313992317e-09 
6.6739224824e-02 1.2632343630e-09 
6.5771373080e-02 1.2239674432e-09 
6.4609950988e-02 1.1783851753e-09 
6.3216244477e-02 1.1258008647e-09 
6.1543796664e-02 1.0655841001e-09 
6.0540327976e-02 1.0308895213e-09 
5.9336165551e-02 9.9061159437e-10 
5.7891170640e-02 9.4413166579e-10 
5.6157176748e-02 8.9089061810e-10 
5.5116780412e-02 8.6020669893e-10 
5.3868304810e-02 8.2457150825e-10 
5.2370134086e-02 7.8344002542e-10 
5.0572329219e-02 7.3630359683e-10 
4.8414963377e-02 6.8273500045e-10 
4.7120543872e-02 6.5206850602e-10 
4.5567240467e-02 6.1664367218e-10 
4.3703276380e-02 5.7600739666e-10 
4.1466519475e-02 5.2976955139e-10 
4.0124465333e-02 5.0327001707e-10 
3.8514000361e-02 4.7262963583e-10 
3.6581442396e-02 4.3743951573e-10 
3.4262372838e-02 3.9733934644e-10 
3.1479489368e-02 3.5205414539e-10 
2.9809759285e-02 3.2626302636e-10 
2.7806083187e-02 2.9658719789e-10 
2.5401671869e-02 2.6270773613e-10 
2.2516378287e-02 2.2432485021e-10 
1.9054025989e-02 1.8129280577e-10 
1.4899203231e-02 1.3357217114e-10 
9.9134159215e-03 8.1302497913e-11 
3.9304711503e-03 2.4836959479e-11 
0.0000000000e+00 -8.9797317086e-12 
