EXPORTED XY-GRAPH DATA
147 2 2
V[1]
I[ASPLIT_drain]
0.0000000000e+00 -3.0027890627e-20 
0.0000000000e+00 1.4304317520e-20 
0.0000000000e+00 1.0088978393e-20 
0.0000000000e+00 -1.5333068052e-19 
0.0000000000e+00 -1.1846823207e-19 
0.0000000000e+00 -1.0470592406e-19 
0.0000000000e+00 -8.0851918980e-20 
0.0000000000e+00 5.5054911367e-20 
0.0000000000e+00 -4.4988822155e-21 
0.0000000000e+00 -2.5687051853e-21 
0.0000000000e+00 -4.1552311470e-20 
0.0000000000e+00 -3.3376686782e-20 
0.0000000000e+00 2.5504950459e-21 
0.0000000000e+00 2.0160615269e-20 
0.0000000000e+00 -4.9923891885e-22 
0.0000000000e+00 1.5655571888e-21 
0.0000000000e+00 -1.3928095479e-20 
0.0000000000e+00 -9.8432831873e-21 
0.0000000000e+00 8.1072918458e-21 
0.0000000000e+00 -8.2065869549e-21 
0.0000000000e+00 2.7140317228e-22 
0.0000000000e+00 -2.0874082101e-22 
0.0000000000e+00 -6.7287213668e-23 
0.0000000000e+00 3.3800566828e-21 
0.0000000000e+00 -2.1685526848e-22 
0.0000000000e+00 -2.3198959365e-21 
0.0000000000e+00 1.7620477721e-21 
0.0000000000e+00 -1.7721944695e-21 
0.0000000000e+00 -6.3847940244e-23 
0.0000000000e+00 9.5880667195e-23 
0.0000000000e+00 -1.1886449173e-21 
0.0000000000e+00 5.2273303030e-23 
0.0000000000e+00 1.6934265513e-22 
0.0000000000e+00 3.9390196623e-23 
0.0000000000e+00 1.1247585387e-22 
0.0000000000e+00 4.2950208049e-22 
0.0000000000e+00 -3.0256329197e-22 
0.0000000000e+00 2.4564679308e-22 
0.0000000000e+00 -2.2939473557e-22 
0.0000000000e+00 3.6570377039e-22 
0.0000000000e+00 -3.2073589992e-22 
0.0000000000e+00 -1.5990583462e-22 
0.0000000000e+00 9.0610923537e-23 
0.0000000000e+00 -1.4674936697e-22 
0.0000000000e+00 -3.5995987343e-11 
0.0000000000e+00 -2.3591578056e-11 
0.0000000000e+00 -2.3734478273e-11 
0.0000000000e+00 -2.3939365001e-11 
0.0000000000e+00 -2.4216297706e-11 
0.0000000000e+00 -2.4585941199e-11 
0.0000000000e+00 -2.4743884113e-11 
0.0000000000e+00 1.2737231340e-11 
0.0000000000e+00 -1.6511844101e-14 
0.0000000000e+00 4.4598667236e-14 
0.0000000000e+00 2.9410909610e-14 
0.0000000000e+00 8.5783294106e-15 
0.0000000000e+00 -9.0369266268e-17 
0.0000000000e+00 -1.1141714249e-15 
0.0000000000e+00 -4.0964558747e-16 
0.0000000000e+00 -3.7468307590e-17 
0.0000000000e+00 1.0185272744e-17 
0.0000000000e+00 -8.4491585028e-18 
0.0000000000e+00 -1.6232364396e-17 
0.0000000000e+00 -1.6618321876e-17 
0.0000000000e+00 -1.6272954331e-17 
0.0000000000e+00 -1.6206423655e-17 
0.0000000000e+00 -1.6211322057e-17 
0.0000000000e+00 -1.6213962588e-17 
0.0000000000e+00 -1.6214019904e-17 
0.0000000000e+00 -1.6213958471e-17 
0.0000000000e+00 -1.6213927619e-17 
0.0000000000e+00 -1.6213895434e-17 
0.0000000000e+00 -1.6213850551e-17 
0.0000000000e+00 -1.6213808888e-17 
0.0000000000e+00 -1.6213753024e-17 
0.0000000000e+00 -1.6213692952e-17 
0.0000000000e+00 -1.6213656753e-17 
1.2342863676e-01 8.6426315089e-12 
2.0333861269e-01 5.4412858937e-12 
2.4107194857e-01 5.4095853931e-12 
2.8124176396e-01 5.3758339712e-12 
3.2944554243e-01 5.3370680312e-12 
3.8729007660e-01 5.2936315969e-12 
4.4789028961e-01 5.2516081347e-12 
5.0983626266e-01 5.2118272812e-12 
5.7167656720e-01 5.1748930094e-12 
6.3279758479e-01 5.1408030820e-12 
6.9869864806e-01 5.1063537069e-12 
7.6680013449e-01 5.0732292960e-12 
8.3303460841e-01 5.0436055037e-12 
9.0215801575e-01 5.0163592458e-12 
9.7508659409e-01 4.9966983423e-12 
1.0468456296e+00 5.0032534469e-12 
1.1186534834e+00 5.0626898598e-12 
1.1971571229e+00 5.1721947543e-12 
1.2765674240e+00 5.2665712243e-12 
1.3545724426e+00 5.3220128142e-12 
1.3965675858e+00 5.3382039604e-12 
1.4469617576e+00 5.3561285745e-12 
1.5074347638e+00 5.3742114242e-12 
1.5800023713e+00 5.3903419437e-12 
1.6670835002e+00 5.4038509574e-12 
1.7695890854e+00 5.4143370300e-12 
1.8716857092e+00 5.4207152968e-12 
1.9203392225e+00 5.4222975291e-12 
1.9787234385e+00 5.4240555919e-12 
2.0487844977e+00 5.4257723433e-12 
2.1328577688e+00 5.4270259010e-12 
2.2337456940e+00 5.4274723213e-12 
2.3548112043e+00 5.4269043417e-12 
2.4698675378e+00 5.4254507126e-12 
2.5000000000e+00 5.4248721656e-12 
2.5000000000e+00 -2.6212362679e-12 
2.5000000000e+00 -1.0803461003e-13 
2.5000000000e+00 -2.2580505980e-14 
2.5000000000e+00 3.1770359400e-15 
2.5000000000e+00 2.8961913405e-15 
2.4329215222e+00 -8.1847817965e-12 
2.3524273487e+00 -5.5005437206e-12 
2.2582946457e+00 -5.4196976212e-12 
2.1453354022e+00 -5.4154992397e-12 
2.0097843099e+00 -5.4180509650e-12 
1.8471229991e+00 -5.4151787766e-12 
1.6956039698e+00 -5.4063274619e-12 
1.5668368643e+00 -5.3908983319e-12 
1.4461354478e+00 -5.3650028058e-12 
1.3320027863e+00 -5.3208669822e-12 
1.2257661882e+00 -5.2437044438e-12 
1.1315346785e+00 -5.1219929050e-12 
1.0513085513e+00 -5.0056407142e-12 
9.8430765963e-01 -4.9789411527e-12 
9.3130373271e-01 -4.9987178506e-12 
8.8805843679e-01 -5.0171146925e-12 
8.4496430590e-01 -5.0349474360e-12 
7.9853497119e-01 -5.0553456918e-12 
7.5138030247e-01 -5.0773871378e-12 
7.0475011715e-01 -5.1003371423e-12 
6.5737267447e-01 -5.1247917895e-12 
6.0807775424e-01 -5.1515179954e-12 
5.5628647509e-01 -5.1811273116e-12 
5.0056185416e-01 -5.2148893506e-12 
4.3550010901e-01 -5.2570008064e-12 
3.5742601483e-01 -5.3118996223e-12 
2.6373710181e-01 -5.3852153928e-12 
1.5131040620e-01 -5.4863410959e-12 
1.6398371457e-02 -5.6323202938e-12 
0.0000000000e+00 -5.6625706023e-12 
