EXPORTED XY-GRAPH DATA
176 2 2
V[1]
I[ASPLIT_drain]
0.0000000000e+00 -3.0032699844e-22 
0.0000000000e+00 -1.6352450480e-21 
0.0000000000e+00 -1.4958129902e-20 
0.0000000000e+00 -1.4655817580e-19 
0.0000000000e+00 -1.1607745404e-19 
0.0000000000e+00 -1.0325503643e-19 
0.0000000000e+00 -7.8294755534e-20 
0.0000000000e+00 5.9032645281e-20 
0.0000000000e+00 -5.3615852910e-21 
0.0000000000e+00 1.2300324508e-21 
0.0000000000e+00 -3.8410803132e-20 
0.0000000000e+00 -3.2790876593e-20 
0.0000000000e+00 -2.1472983922e-23 
0.0000000000e+00 2.0119473277e-20 
0.0000000000e+00 4.4788149182e-22 
0.0000000000e+00 7.4821939686e-22 
0.0000000000e+00 -1.3674498942e-20 
0.0000000000e+00 -1.0441394877e-20 
0.0000000000e+00 7.5612748572e-21 
0.0000000000e+00 -7.1545485887e-21 
0.0000000000e+00 1.4948174825e-22 
0.0000000000e+00 2.0126902383e-22 
0.0000000000e+00 8.7581232100e-23 
0.0000000000e+00 3.1026529995e-21 
0.0000000000e+00 -1.1455321028e-23 
0.0000000000e+00 -2.4506333116e-21 
0.0000000000e+00 1.8646074828e-21 
0.0000000000e+00 -1.7129516111e-21 
0.0000000000e+00 2.2505113582e-23 
0.0000000000e+00 4.7723709167e-23 
0.0000000000e+00 -9.8772207287e-22 
0.0000000000e+00 7.9532874955e-24 
0.0000000000e+00 9.1284979883e-23 
0.0000000000e+00 4.3936770469e-24 
0.0000000000e+00 -1.8831089461e-23 
0.0000000000e+00 3.9437543646e-22 
0.0000000000e+00 -3.1720340818e-22 
0.0000000000e+00 2.9455599378e-23 
0.0000000000e+00 -2.2478349357e-22 
0.0000000000e+00 8.7301558091e-23 
0.0000000000e+00 -1.6198168066e-22 
0.0000000000e+00 1.2278595069e-23 
0.0000000000e+00 9.6690285446e-23 
0.0000000000e+00 -1.8567139372e-22 
0.0000000000e+00 -8.8440171854e-11 
0.0000000000e+00 -5.7935074739e-11 
0.0000000000e+00 -5.8276517891e-11 
0.0000000000e+00 -5.8724667968e-11 
0.0000000000e+00 -5.9394163277e-11 
0.0000000000e+00 -6.0511267783e-11 
0.0000000000e+00 -6.2443646761e-11 
0.0000000000e+00 -6.5503368822e-11 
0.0000000000e+00 -7.0103783792e-11 
0.0000000000e+00 -7.7464415420e-11 
0.0000000000e+00 -8.9791011452e-11 
0.0000000000e+00 -1.1021511445e-10 
0.0000000000e+00 -1.4169307023e-10 
0.0000000000e+00 -1.8424930443e-10 
0.0000000000e+00 -2.2684241716e-10 
0.0000000000e+00 -2.4672425056e-10 
0.0000000000e+00 1.2768513612e-10 
0.0000000000e+00 1.7604351248e-14 
0.0000000000e+00 -1.3336247583e-14 
0.0000000000e+00 -3.9934100441e-15 
0.0000000000e+00 -1.7058737494e-15 
0.0000000000e+00 -4.6271560679e-16 
0.0000000000e+00 3.6725893364e-17 
0.0000000000e+00 -6.6042914342e-16 
0.0000000000e+00 3.7484223759e-18 
0.0000000000e+00 8.6073860392e-18 
0.0000000000e+00 1.7605501721e-18 
0.0000000000e+00 3.5828412858e-19 
0.0000000000e+00 7.3174911163e-20 
0.0000000000e+00 1.4941193570e-20 
0.0000000000e+00 2.9160284883e-21 
0.0000000000e+00 7.0648098698e-22 
0.0000000000e+00 3.7631566482e-22 
0.0000000000e+00 1.6893327562e-22 
0.0000000000e+00 1.6520625614e-22 
0.0000000000e+00 5.6834930094e-23 
0.0000000000e+00 3.3468659172e-23 
0.0000000000e+00 2.5502572188e-22 
0.0000000000e+00 9.2336564972e-23 
0.0000000000e+00 5.1706946175e-25 
0.0000000000e+00 -2.2506003913e-22 
0.0000000000e+00 -4.9229060761e-23 
0.0000000000e+00 -3.3307833840e-22 
0.0000000000e+00 1.2787404932e-22 
0.0000000000e+00 -2.2250284520e-22 
0.0000000000e+00 3.1367312584e-24 
0.0000000000e+00 1.5766726666e-22 
0.0000000000e+00 -6.1102073508e-23 
0.0000000000e+00 -1.5379946131e-22 
0.0000000000e+00 -1.3687945714e-22 
1.4213371685e-01 1.9003886230e-06 
2.0976235940e-01 2.2309214974e-06 
2.4250811557e-01 2.3559673456e-06 
2.6587637092e-01 2.4452299565e-06 
2.9285669369e-01 2.5504251814e-06 
3.2523308101e-01 2.6819894828e-06 
3.6408474580e-01 2.8509280587e-06 
4.1070674354e-01 3.0752586136e-06 
4.6665314083e-01 3.3872576233e-06 
5.3378881758e-01 3.8508647603e-06 
6.1435162968e-01 4.6041693995e-06 
7.1102700420e-01 5.9616813700e-06 
8.1551483436e-01 8.3209499956e-06 
9.2029368626e-01 1.2142707415e-05 
1.0243786280e+00 1.8179995651e-05 
1.1286424112e+00 2.7771480878e-05 
1.2344776165e+00 4.2909361636e-05 
1.3462004702e+00 6.7525622071e-05 
1.4672988158e+00 1.1082525066e-04 
1.5945022638e+00 1.9433787669e-04 
1.7189568409e+00 3.5691198523e-04 
1.7766944435e+00 4.6832844307e-04 
1.8459795666e+00 6.2117878926e-04 
1.9232924068e+00 8.0409471232e-04 
1.9926307358e+00 9.7241341758e-04 
2.0744637457e+00 1.1726853932e-03 
2.1380028790e+00 1.3283819369e-03 
2.1969621664e+00 1.4727052981e-03 
2.2629985283e+00 1.6343480205e-03 
2.3376795529e+00 1.8172153839e-03 
2.4181500132e+00 2.0143849777e-03 
2.5000000000e+00 2.2151260937e-03 
2.5000000000e+00 2.2151797934e-03 
2.5000000000e+00 2.2151629489e-03 
2.5000000000e+00 2.2151623009e-03 
2.5000000000e+00 2.2151623906e-03 
2.4613497514e+00 2.1203924512e-03 
2.4230095767e+00 2.0263748654e-03 
2.3937390606e+00 1.9546440944e-03 
2.3586144413e+00 1.8685920785e-03 
2.3164648981e+00 1.7653361194e-03 
2.2658854463e+00 1.6415135029e-03 
2.2051901041e+00 1.4929554341e-03 
2.1372780282e+00 1.3267369430e-03 
2.0678333748e+00 1.1565918466e-03 
1.9946347875e+00 9.7747987993e-04 
1.9135774732e+00 7.8092421322e-04 
1.8214765025e+00 5.6557043679e-04 
1.7170854398e+00 3.5386484068e-04 
1.6738477783e+00 2.8586626968e-04 
1.6219625845e+00 2.2183189595e-04 
1.5908314683e+00 1.9143605690e-04 
1.5534741288e+00 1.6135753695e-04 
1.5086453214e+00 1.3249007061e-04 
1.4548507525e+00 1.0554116798e-04 
1.3950584904e+00 8.2576220206e-05 
1.3355584221e+00 6.4899828914e-05 
1.2755908931e+00 5.0902701976e-05 
1.2138911575e+00 3.9558679366e-05 
1.1825779780e+00 3.4774173629e-05 
1.1450021627e+00 2.9776084386e-05 
1.0999111843e+00 2.4725176406e-05 
1.0458020101e+00 1.9834534731e-05 
9.8087100119e-01 1.5331442387e-05 
9.1898157923e-01 1.2097325820e-05 
8.6746385106e-01 1.0005304845e-05 
8.2904390935e-01 8.7311763973e-06 
7.9361297291e-01 7.7383757011e-06 
7.5597621147e-01 6.8477775211e-06 
7.1747602975e-01 6.0857051328e-06 
6.7995879025e-01 5.4651973244e-06 
6.4287921033e-01 4.9508410788e-06 
6.0465054724e-01 4.5056537403e-06 
5.6335841984e-01 4.1035872307e-06 
5.1380786696e-01 3.7056789113e-06 
4.5434720350e-01 3.3183123788e-06 
3.8299440735e-01 2.9424784680e-06 
2.9737105196e-01 2.5715217963e-06 
1.9765040574e-01 2.1832704364e-06 
1.0664720548e-01 1.6379865001e-06 
3.6979388607e-02 5.8921113324e-07 
0.0000000000e+00 -1.4400648921e-11 
