EXPORTED XY-GRAPH DATA
346 2 2
V[2]
I[ASPLIT_drain]
0.0000000000e+00 2.6356662315e-19 
0.0000000000e+00 -1.2678197193e-19 
0.0000000000e+00 1.6616565672e-20 
0.0000000000e+00 -1.4523878014e-19 
0.0000000000e+00 -1.1627065818e-19 
0.0000000000e+00 -9.6607656027e-20 
0.0000000000e+00 -7.6755695718e-20 
0.0000000000e+00 5.9782479848e-20 
0.0000000000e+00 -4.5245158080e-21 
0.0000000000e+00 -4.3587484712e-22 
0.0000000000e+00 -3.7726636434e-20 
0.0000000000e+00 -3.3544089738e-20 
0.0000000000e+00 1.8821455321e-21 
0.0000000000e+00 2.0366927739e-20 
0.0000000000e+00 6.4712623306e-22 
0.0000000000e+00 1.1689174977e-21 
0.0000000000e+00 -1.3795599875e-20 
0.0000000000e+00 -1.0309021547e-20 
0.0000000000e+00 8.4662014041e-21 
0.0000000000e+00 -7.1214183956e-21 
0.0000000000e+00 4.7673383751e-23 
0.0000000000e+00 -3.8515177581e-22 
0.0000000000e+00 2.4318124868e-23 
0.0000000000e+00 3.2005276735e-21 
0.0000000000e+00 2.2354569248e-22 
0.0000000000e+00 -2.3207520785e-21 
0.0000000000e+00 1.9074918748e-21 
0.0000000000e+00 -1.8379863318e-21 
0.0000000000e+00 1.1049420879e-22 
0.0000000000e+00 -2.1675812273e-23 
0.0000000000e+00 -1.0396583299e-21 
0.0000000000e+00 6.8046485428e-23 
0.0000000000e+00 -4.7710701793e-24 
0.0000000000e+00 -4.5956374470e-23 
0.0000000000e+00 -2.1773803813e-23 
0.0000000000e+00 3.3245895967e-22 
0.0000000000e+00 -2.8759548671e-22 
0.0000000000e+00 8.2236281864e-23 
0.0000000000e+00 -1.0978247532e-22 
0.0000000000e+00 -4.8400698828e-24 
0.0000000000e+00 -2.0606439252e-22 
0.0000000000e+00 7.3362663487e-23 
0.0000000000e+00 6.5957307249e-23 
0.0000000000e+00 -1.0575370557e-22 
-1.4212447106e-01 1.6812854719e-10 
-2.1776982222e-01 1.0647780188e-10 
-2.5959422236e-01 1.0593051596e-10 
-3.0978350252e-01 1.0531434964e-10 
-3.7001063873e-01 1.0463111824e-10 
-4.3658327171e-01 1.0398794659e-10 
-5.0518036017e-01 1.0360432054e-10 
-5.7412240952e-01 1.0386135612e-10 
-6.4424193341e-01 1.0478029712e-10 
-7.1768370807e-01 1.0571712272e-10 
-7.9400782149e-01 1.0626207617e-10 
-8.7486077513e-01 1.0647267343e-10 
-9.5951826456e-01 1.0650762418e-10 
-1.0000000000e+00 1.0650779180e-10 
-1.0000000000e+00 -4.7388366384e-11 
-1.0000000000e+00 6.8541221165e-12 
-1.0000000000e+00 6.7760847825e-12 
-1.0000000000e+00 6.6624144808e-12 
-1.0000000000e+00 6.4938239286e-12 
-1.0000000000e+00 6.2230833822e-12 
-1.0000000000e+00 5.7628727730e-12 
-1.0000000000e+00 4.9714858899e-12 
-1.0000000000e+00 3.7216095161e-12 
-1.0000000000e+00 2.1502754675e-12 
-1.0000000000e+00 7.8535527197e-13 
-1.0000000000e+00 5.2851166677e-14 
-1.0000000000e+00 -1.3504432656e-13 
-1.0000000000e+00 -9.4355912949e-14 
-1.0000000000e+00 -3.0539416185e-14 
-1.0000000000e+00 -1.3039490457e-15 
-1.0000000000e+00 3.4725039689e-15 
-1.0000000000e+00 1.5234156705e-15 
-1.0000000000e+00 1.7576683334e-16 
-1.0000000000e+00 -7.4544542135e-17 
-1.0000000000e+00 -2.4143947718e-17 
-1.0000000000e+00 8.3073418458e-18 
-1.0000000000e+00 1.1917854246e-17 
-1.0000000000e+00 1.0712600695e-17 
-1.0000000000e+00 1.0350285559e-17 
-1.0000000000e+00 1.0348977305e-17 
-1.0000000000e+00 1.0359737519e-17 
-1.0000000000e+00 1.0358001785e-17 
-1.0000000000e+00 1.0362417403e-17 
-1.0000000000e+00 1.0354560332e-17 
-1.0000000000e+00 1.0368513038e-17 
-9.3238632827e-01 -7.1138167657e-12 
-8.5124992219e-01 -4.8014955521e-12 
-7.9118220914e-01 -4.5734050120e-12 
-7.1910095347e-01 -4.3816654137e-12 
-6.4358363047e-01 -4.1156476014e-12 
-5.8102250663e-01 -3.8645021721e-12 
-5.2904089289e-01 -3.7634824820e-12 
-4.8637240471e-01 -3.7581711069e-12 
-4.5032288608e-01 -3.7657094592e-12 
-4.1456838345e-01 -3.7742230059e-12 
-3.7685919661e-01 -3.7855922024e-12 
-3.3876833106e-01 -3.7989960606e-12 
-3.0112638860e-01 -3.8134157581e-12 
-2.6312286898e-01 -3.8288710106e-12 
-2.2388551311e-01 -3.8457328845e-12 
-1.8307541275e-01 -3.8643039361e-12 
-1.4026474579e-01 -3.8850394476e-12 
-9.3372119061e-02 -3.9094157206e-12 
-3.7100966984e-02 -3.9413182335e-12 
3.0424415508e-02 -3.9844159056e-12 
1.1145487450e-01 -4.0452779335e-12 
2.0869142529e-01 -4.1364748063e-12 
3.2535523138e-01 -4.2825585596e-12 
4.4876259077e-01 -4.4955564081e-12 
5.7176160218e-01 -4.6885157982e-12 
6.8840759184e-01 -1.4283438020e-12 
7.4284128624e-01 1.4780814549e-11 
7.7550150288e-01 4.9614477931e-11 
7.9509763287e-01 9.4593107703e-11 
8.0685531086e-01 1.3711888519e-10 
8.2096452445e-01 2.1113953755e-10 
8.2943005260e-01 2.7156004809e-10 
8.3958868638e-01 3.6425631854e-10 
8.5177904692e-01 5.1079622991e-10 
8.5909326325e-01 6.2039033921e-10 
8.6787032284e-01 7.7560490667e-10 
8.7313655859e-01 8.8174848281e-10 
8.7945604150e-01 1.0220253152e-09 
8.8703942098e-01 1.2082296937e-09 
8.9158944867e-01 1.3287510140e-09 
8.9704948190e-01 1.4811547567e-09 
9.0360152178e-01 1.6736220905e-09 
9.0753274570e-01 1.7932360228e-09 
9.1225021441e-01 1.9399275212e-09 
9.1791117687e-01 2.1192235878e-09 
9.2470433181e-01 2.3369814215e-09 
9.2878022478e-01 2.4679472383e-09 
9.3367129633e-01 2.6246304079e-09 
9.3954058220e-01 2.8111430473e-09 
9.4306215373e-01 2.9218219395e-09 
9.4728803955e-01 3.0532170688e-09 
9.5235910255e-01 3.2087062788e-09 
9.5844437814e-01 3.3920116475e-09 
9.6209554349e-01 3.5001438184e-09 
9.6647694192e-01 3.6281937523e-09 
9.7173462003e-01 3.7796452763e-09 
9.7488922689e-01 3.8693956855e-09 
9.7867475513e-01 3.9761511711e-09 
9.8321738902e-01 4.1031369597e-09 
9.8866854968e-01 4.2542733356e-09 
9.9520994248e-01 4.4344744375e-09 
9.9913477816e-01 4.5421923602e-09 
1.0038445810e+00 4.6714261467e-09 
1.0094963444e+00 4.8269642382e-09 
1.0162784604e+00 5.0150180039e-09 
1.0203477300e+00 5.1288553898e-09 
1.0252308536e+00 5.2668383998e-09 
1.0310906019e+00 5.4349085371e-09 
1.0381222998e+00 5.6409654131e-09 
1.0423413185e+00 5.7672048767e-09 
1.0474041410e+00 5.9216719985e-09 
1.0534795281e+00 6.1118651758e-09 
1.0607699925e+00 6.3479436956e-09 
1.0651442711e+00 6.4940959089e-09 
1.0703934055e+00 6.6744074009e-09 
1.0766923667e+00 6.8985345837e-09 
1.0842511202e+00 7.1797926307e-09 
1.0887863723e+00 7.3555405553e-09 
1.0942286748e+00 7.5739888385e-09 
1.1007594379e+00 7.8479099755e-09 
1.1085963535e+00 8.1952340329e-09 
1.1180006522e+00 8.6419611014e-09 
1.1236432315e+00 8.9273047516e-09 
1.1304143266e+00 9.2887418738e-09 
1.1385396407e+00 9.7527372009e-09 
1.1482900177e+00 1.0358625132e-08 
1.1541402438e+00 1.0750804161e-08 
1.1611605152e+00 1.1253211317e-08 
1.1695848409e+00 1.1907181208e-08 
1.1796940317e+00 1.2775804018e-08 
1.1857595462e+00 1.3346462577e-08 
1.1930381636e+00 1.4086800870e-08 
1.2017725045e+00 1.5065390553e-08 
1.2122537135e+00 1.6389645555e-08 
1.2185424389e+00 1.7273722628e-08 
1.2260889094e+00 1.8436244740e-08 
1.2351446740e+00 1.9998141123e-08 
1.2460115916e+00 2.2153596221e-08 
1.2590518926e+00 2.5230377692e-08 
1.2668760732e+00 2.7382334160e-08 
1.2762650900e+00 3.0328119472e-08 
1.2875319101e+00 3.4486751562e-08 
1.3010520942e+00 4.0584348881e-08 
1.3091642047e+00 4.4942999618e-08 
1.3188987372e+00 5.1015660460e-08 
1.3305801763e+00 5.9762509376e-08 
1.3445979032e+00 7.2866600905e-08 
1.3614191755e+00 9.3410948339e-08 
1.3816047022e+00 1.2720340283e-07 
1.3937160182e+00 1.5338709564e-07 
1.4082495975e+00 1.9175553314e-07 
1.4256898926e+00 2.4876342228e-07 
1.4466182467e+00 3.3291598614e-07 
1.4717322716e+00 4.5303404984e-07 
1.4868006865e+00 5.3274346309e-07 
1.5048827845e+00 6.3318631033e-07 
1.5265813020e+00 7.5824421836e-07 
1.5526195231e+00 9.1296829261e-07 
1.5838653883e+00 1.1039057172e-06 
1.6026129075e+00 1.2207631013e-06 
1.6251099305e+00 1.3629297058e-06 
1.6521063580e+00 1.5358415350e-06 
1.6845020711e+00 1.7459381736e-06 
1.7233769269e+00 2.0008208100e-06 
1.7467018403e+00 2.1548597918e-06 
1.7746917364e+00 2.3405094927e-06 
1.8082796117e+00 2.5641123412e-06 
1.8485850621e+00 2.8331835997e-06 
1.8969516026e+00 3.1565702477e-06 
1.9259715269e+00 3.3506736707e-06 
1.9607954361e+00 3.5834762157e-06 
2.0025841271e+00 3.8624349880e-06 
2.0527305562e+00 4.1962962113e-06 
2.1129062712e+00 4.5952440295e-06 
2.1490117003e+00 4.8336098889e-06 
2.1923382151e+00 5.1185491245e-06 
2.2443300328e+00 5.4588061881e-06 
2.3067202142e+00 5.8646601391e-06 
2.3815884317e+00 6.3481691170e-06 
2.4265093623e+00 6.6364729235e-06 
2.4804144790e+00 6.9806801303e-06 
2.5451006190e+00 7.3912061949e-06 
2.6227239870e+00 7.8802043683e-06 
2.7158720286e+00 8.4617510876e-06 
2.7717608535e+00 8.8079283436e-06 
2.8388274435e+00 9.2206192574e-06 
2.9193073514e+00 9.7119571242e-06 
3.0000000000e+00 1.0200403598e-05 
3.0000000000e+00 1.0600158669e-05 
3.0000000000e+00 1.0941654332e-05 
3.0000000000e+00 1.1319956987e-05 
3.0000000000e+00 1.1500460109e-05 
3.0000000000e+00 1.1629263151e-05 
2.9649678415e+00 1.1552854837e-05 
2.9229292514e+00 1.1350248710e-05 
2.8757725504e+00 1.1047056172e-05 
2.8191845093e+00 1.0654293904e-05 
2.7512788599e+00 1.0177867126e-05 
2.7105354703e+00 9.8916207356e-06 
2.6616434027e+00 9.5474009452e-06 
2.6029729216e+00 9.1322383661e-06 
2.5677706330e+00 8.8818537574e-06 
2.5255278866e+00 8.5800521967e-06 
2.4748365910e+00 8.2159964828e-06 
2.4140070362e+00 7.7764828630e-06 
2.3775093033e+00 7.5114209159e-06 
2.3337120239e+00 7.1920399100e-06 
2.2811552886e+00 6.8069328398e-06 
2.2180872062e+00 6.3421683919e-06 
2.1424055073e+00 5.7806448175e-06 
2.0969964880e+00 5.4417080347e-06 
2.0425056648e+00 5.0329568288e-06 
2.0098111709e+00 4.7866536094e-06 
1.9705777782e+00 4.4900889853e-06 
1.9234977070e+00 4.1328909572e-06 
1.8952496642e+00 3.9179606464e-06 
1.8613520129e+00 3.6595550173e-06 
1.8206748314e+00 3.3489559286e-06 
1.7962685225e+00 3.1624297027e-06 
1.7669809518e+00 2.9385629595e-06 
1.7318358669e+00 2.6700777731e-06 
1.7107488160e+00 2.5091794075e-06 
1.6854443549e+00 2.3164389014e-06 
1.6550790016e+00 2.0858884208e-06 
1.6368597896e+00 1.9480909482e-06 
1.6149967352e+00 1.7834567409e-06 
1.5887610699e+00 1.5872813544e-06 
1.5572782716e+00 1.3546479100e-06 
1.5383885926e+00 1.2170280084e-06 
1.5157209779e+00 1.0545251913e-06 
1.5021204090e+00 9.5875508533e-07 
1.4857997263e+00 8.4598355726e-07 
1.4662149072e+00 7.1450568074e-07 
1.4427131241e+00 5.6390734516e-07 
1.4286120543e+00 4.7832546158e-07 
1.4116907706e+00 3.8163922506e-07 
1.3913852300e+00 2.7644241810e-07 
1.3792019057e+00 2.2021467403e-07 
1.3645819166e+00 1.6091987287e-07 
1.3470379295e+00 1.0323419978e-07 
1.3259851451e+00 5.4752330906e-08 
1.3007218038e+00 2.2839453617e-08 
1.2722862066e+00 8.0699485845e-09 
1.2584237400e+00 4.8830761383e-09 
1.2483101377e+00 3.3970773349e-09 
1.2367711919e+00 2.2497705742e-09 
1.2231804016e+00 1.3871861224e-09 
1.2090125750e+00 8.3975939542e-10 
1.1948976025e+00 5.1063851793e-10 
1.1805909207e+00 3.0948706222e-10 
1.1658536068e+00 1.8576511862e-10 
1.1506813555e+00 1.1083480204e-10 
1.1351166259e+00 6.6265961200e-11 
1.1190925391e+00 4.0057460063e-11 
1.1024248467e+00 2.4774712337e-11 
1.0848093433e+00 1.5957636015e-11 
1.0656375745e+00 1.0926565550e-11 
1.0429705451e+00 8.0404428940e-12 
1.0157701099e+00 6.5436817872e-12 
9.8342803270e-01 5.8458934959e-12 
9.4729603403e-01 5.5287081155e-12 
9.0933053205e-01 5.3517757710e-12 
8.6978508369e-01 5.2184492060e-12 
8.2768953274e-01 5.0981146846e-12 
7.8332934310e-01 4.9855755178e-12 
7.3802919002e-01 4.8828881929e-12 
6.9077217179e-01 4.7869269938e-12 
6.4437676544e-01 4.7025865274e-12 
5.9808328315e-01 4.6265445523e-12 
5.5259387053e-01 4.5585841936e-12 
5.0822758807e-01 4.4978649510e-12 
4.6442160285e-01 4.4425431169e-12 
4.2008814641e-01 4.3906311783e-12 
3.7378910319e-01 4.3402764574e-12 
3.2497740060e-01 4.2910175885e-12 
2.7383000555e-01 4.2431804782e-12 
2.2066239616e-01 4.1970984303e-12 
1.6598015625e-01 4.1531452709e-12 
1.0942272798e-01 4.1109218838e-12 
5.0831418602e-02 4.0702696025e-12 
-8.9405958223e-03 4.0317157269e-12 
-7.0584060314e-02 3.9946852639e-12 
-1.3462066066e-01 3.9588387527e-12 
-1.9938261784e-01 3.9250726734e-12 
-2.6626357632e-01 3.8925173085e-12 
-3.3516776716e-01 3.8612123177e-12 
-4.0515183849e-01 3.8315674633e-12 
-4.7643801700e-01 3.8037239333e-12 
-5.5004927464e-01 3.7786889473e-12 
-6.2452790173e-01 3.7638236102e-12 
-7.0056499987e-01 3.7884924281e-12 
-7.7848237330e-01 3.9284436856e-12 
-8.5928906966e-01 4.1932650554e-12 
-9.0103815313e-01 4.3252179668e-12 
-9.5113705330e-01 4.4465670317e-12 
-9.7556852665e-01 4.4916779865e-12 
-1.0000000000e+00 4.5321194981e-12 
