EXPORTED XY-GRAPH DATA
317 2 2
V[2]
I[ASPLIT_drain]
0.0000000000e+00 -1.2188201277e-18 
0.0000000000e+00 6.2638891440e-19 
0.0000000000e+00 3.0429873787e-21 
0.0000000000e+00 -1.4652255994e-19 
0.0000000000e+00 -1.1495933573e-19 
0.0000000000e+00 -9.6334302303e-20 
0.0000000000e+00 -8.0450777146e-20 
0.0000000000e+00 5.6350137336e-20 
0.0000000000e+00 -4.8144275850e-21 
0.0000000000e+00 -1.7018198559e-21 
0.0000000000e+00 -3.6926900196e-20 
0.0000000000e+00 -3.3165022883e-20 
0.0000000000e+00 3.0118019070e-22 
0.0000000000e+00 1.9878369643e-20 
0.0000000000e+00 5.6325912586e-22 
0.0000000000e+00 8.4356684925e-22 
0.0000000000e+00 -1.3228104333e-20 
0.0000000000e+00 -1.0410743424e-20 
0.0000000000e+00 8.0583939579e-21 
0.0000000000e+00 -7.0651756790e-21 
0.0000000000e+00 -5.8690995189e-22 
0.0000000000e+00 1.6551173608e-22 
0.0000000000e+00 -5.3442176384e-22 
0.0000000000e+00 3.3075219465e-21 
0.0000000000e+00 4.6899341056e-22 
0.0000000000e+00 -2.4212694132e-21 
0.0000000000e+00 2.1393536359e-21 
0.0000000000e+00 -1.7229837652e-21 
0.0000000000e+00 1.8430578606e-22 
0.0000000000e+00 -1.1141282123e-22 
0.0000000000e+00 -5.7017618201e-22 
0.0000000000e+00 6.0286377867e-23 
0.0000000000e+00 1.3781501792e-22 
0.0000000000e+00 -9.6169410953e-23 
0.0000000000e+00 1.7903182191e-22 
0.0000000000e+00 1.5164450022e-22 
0.0000000000e+00 -2.6404763421e-22 
0.0000000000e+00 2.5331936234e-22 
0.0000000000e+00 -2.4770410925e-22 
0.0000000000e+00 8.4610888881e-23 
0.0000000000e+00 -1.5664378872e-22 
0.0000000000e+00 1.4707166251e-22 
0.0000000000e+00 3.9310443394e-23 
0.0000000000e+00 -8.0751759094e-23 
-1.4212447106e-01 4.9578949452e-10 
-1.9418051150e-01 3.1126522580e-10 
-2.1670483283e-01 3.1007296336e-10 
-2.4051452819e-01 3.0872083947e-10 
-2.6908616262e-01 3.0716500171e-10 
-3.0337212393e-01 3.0547095762e-10 
-3.4442830841e-01 3.0387605866e-10 
-3.8375537547e-01 3.0313214550e-10 
-4.2170793141e-01 3.0286871035e-10 
-4.6270886224e-01 3.0243393339e-10 
-5.0495508868e-01 3.0168442067e-10 
-5.4674571747e-01 3.0078400623e-10 
-5.9109319274e-01 2.9978910015e-10 
-6.3685916834e-01 2.9879199745e-10 
-6.8167046836e-01 2.9786859336e-10 
-7.2693559564e-01 2.9698977773e-10 
-7.7584201824e-01 2.9609825187e-10 
-8.2478053002e-01 2.9526878309e-10 
-8.7248273783e-01 2.9451910431e-10 
-9.2316834168e-01 2.9378279625e-10 
-9.7607585147e-01 2.9308411707e-10 
-1.0000000000e+00 2.9280363517e-10 
-1.0000000000e+00 -1.4483254041e-10 
-1.0000000000e+00 9.4780125382e-12 
-1.0000000000e+00 9.4391193285e-12 
-1.0000000000e+00 9.3914603334e-12 
-1.0000000000e+00 9.3354636267e-12 
-1.0000000000e+00 9.2704572628e-12 
-1.0000000000e+00 9.1947066198e-12 
-1.0000000000e+00 9.1077476009e-12 
-1.0000000000e+00 9.0551559598e-12 
-1.0000000000e+00 8.9934713872e-12 
-1.0000000000e+00 8.9204681337e-12 
-1.0000000000e+00 8.8331065601e-12 
-1.0000000000e+00 8.7294885740e-12 
-1.0000000000e+00 8.6016795544e-12 
-1.0000000000e+00 8.4565414652e-12 
-1.0000000000e+00 8.2958662217e-12 
-1.0000000000e+00 8.1158221887e-12 
-1.0000000000e+00 7.8991299620e-12 
-1.0000000000e+00 7.5813960955e-12 
-1.0000000000e+00 6.8155585828e-12 
-1.0000000000e+00 4.3988375947e-12 
-1.0000000000e+00 8.3696464383e-13 
-1.0000000000e+00 -5.4075230845e-13 
-1.0000000000e+00 -3.5406552358e-13 
-1.0000000000e+00 -7.5602255149e-14 
-1.0000000000e+00 9.4916436860e-15 
-1.0000000000e+00 9.5146136767e-15 
-1.0000000000e+00 1.7240415860e-15 
-1.0000000000e+00 -2.2755234109e-16 
-1.0000000000e+00 -1.2417319647e-16 
-1.0000000000e+00 6.7302539519e-18 
-1.0000000000e+00 2.2200779681e-17 
-1.0000000000e+00 1.8814565072e-17 
-1.0000000000e+00 1.7883998955e-17 
-1.0000000000e+00 1.7872178823e-17 
-1.0000000000e+00 1.7882408152e-17 
-1.0000000000e+00 1.7914196603e-17 
-7.5655600747e-01 -7.9568422177e-12 
-5.9719272587e-01 -5.2514092350e-12 
-5.2072689699e-01 -5.1659935936e-12 
-4.3447771157e-01 -5.1377954037e-12 
-3.4780183400e-01 -5.1104303969e-12 
-2.7004446303e-01 -5.0751333378e-12 
-2.0604771763e-01 -5.0364257951e-12 
-1.5370877577e-01 -4.9962511813e-12 
-1.1390356518e-01 -4.9582449039e-12 
-8.0100937269e-02 -4.9195860699e-12 
-4.4754316808e-02 -4.8717371630e-12 
-7.3350469020e-03 -4.8100773787e-12 
2.9715219229e-02 -4.7341205979e-12 
6.6187330952e-02 -4.6422199481e-12 
1.0338139887e-01 -4.5329533754e-12 
1.4296856601e-01 -4.4128902015e-12 
1.8822104394e-01 -4.3038300424e-12 
2.4252401745e-01 -4.2418188265e-12 
2.9444278941e-01 -4.2324134727e-12 
3.3631590135e-01 -4.2147684421e-12 
3.7515144182e-01 -4.1278153002e-12 
4.1517880519e-01 -3.8136630809e-12 
4.5333896003e-01 -2.8689545519e-12 
4.8843588983e-01 -3.8434364135e-13 
5.2231922846e-01 6.1438222138e-12 
5.3911193443e-01 1.2866724219e-11 
5.4918755801e-01 1.9004316302e-11 
5.6127830630e-01 2.9826400109e-11 
5.6853275528e-01 3.9083275546e-11 
5.7723809406e-01 5.4581757109e-11 
5.8768450059e-01 8.4218756076e-11 
5.9395234450e-01 1.1238719247e-10 
6.0147375721e-01 1.6751645213e-10 
6.0598660483e-01 2.2212926323e-10 
6.1140202197e-01 3.3798221492e-10 
6.1465127226e-01 4.6603166601e-10 
6.1660082243e-01 5.8764561189e-10 
6.1894028264e-01 8.3290298169e-10 
6.2034395876e-01 1.0860533872e-09 
6.2202837011e-01 1.6662875065e-09 
6.2303901692e-01 2.3728545256e-09 
6.2425179309e-01 4.7090905302e-09 
6.2479087833e-01 7.5841584940e-09 
6.2510365320e-01 1.0950378135e-08 
6.2547898304e-01 2.1573105376e-08 
6.2564762518e-01 3.3418861422e-08 
6.2584999575e-01 7.8057000371e-08 
6.2593466184e-01 1.2816080166e-07 
6.2603459419e-01 3.0313675647e-07 
6.2612058242e-01 1.1584591665e-06 
6.2617709157e-01 3.6907079655e-06 
6.2621984017e-01 9.0867089704e-06 
6.2625767445e-01 1.8892140608e-05 
6.2629609028e-01 3.4454612788e-05 
6.2634218927e-01 5.6274882147e-05 
6.2639264950e-01 7.6889860528e-05 
6.2644528334e-01 9.1237028195e-05 
6.2650844394e-01 1.0015259036e-04 
6.2658423666e-01 1.0409853665e-04 
6.2667518792e-01 1.0502291544e-04 
6.2678262113e-01 1.0479641752e-04 
6.2691154097e-01 1.0445965490e-04 
6.2706624479e-01 1.0430200543e-04 
6.2725188937e-01 1.0427436130e-04 
6.2747466286e-01 1.0428419316e-04 
6.2774199105e-01 1.0429140040e-04 
6.2806278488e-01 1.0429250023e-04 
6.2844773748e-01 1.0429170639e-04 
6.2890968060e-01 1.0429086163e-04 
6.2946401233e-01 1.0429005462e-04 
6.3012921042e-01 1.0428912491e-04 
6.3092744813e-01 1.0428800532e-04 
6.3188533337e-01 1.0428666119e-04 
6.3303479567e-01 1.0428505110e-04 
6.3441415042e-01 1.0428312489e-04 
6.3606937613e-01 1.0428081809e-04 
6.3805564697e-01 1.0427805562e-04 
6.4043917199e-01 1.0427474716e-04 
6.4329940200e-01 1.0427078603e-04 
6.4673167802e-01 1.0426604255e-04 
6.5085040925e-01 1.0426034806e-04 
6.5579288672e-01 1.0425349989e-04 
6.6172385968e-01 1.0424522580e-04 
6.6884102724e-01 1.0423518936e-04 
6.7738162831e-01 1.0422296667e-04 
6.8763034959e-01 1.0420796274e-04 
6.9992881513e-01 1.0418933743e-04 
7.1468697377e-01 1.0416595249e-04 
7.3239676415e-01 1.0413604980e-04 
7.5364851260e-01 1.0409719958e-04 
7.7915061073e-01 1.0404576983e-04 
8.0975312850e-01 1.0397642263e-04 
8.4647614982e-01 1.0388117706e-04 
8.8472077827e-01 1.0376678936e-04 
9.2294107840e-01 1.0363663905e-04 
9.6128862326e-01 1.0349079000e-04 
9.9975382975e-01 1.0333231805e-04 
1.0387204039e+00 1.0316951663e-04 
1.0793003654e+00 1.0301981199e-04 
1.1242406321e+00 1.0291295412e-04 
1.1781689522e+00 1.0289781999e-04 
1.2428829363e+00 1.0301619684e-04 
1.3205397172e+00 1.0320088340e-04 
1.4137278543e+00 1.0314106366e-04 
1.5255536188e+00 1.0208444814e-04 
1.6597445362e+00 9.8629989166e-05 
1.8207736371e+00 9.1100682432e-05 
2.0060233822e+00 8.0836756339e-05 
2.1080082920e+00 7.6585513597e-05 
2.1737929807e+00 7.4684271392e-05 
2.2357799071e+00 7.3433370619e-05 
2.2959820016e+00 7.2646592965e-05 
2.3504506743e+00 7.2254202270e-05 
2.3999519132e+00 7.2140621469e-05 
2.4469061105e+00 7.2239703756e-05 
2.4923395782e+00 7.2529201180e-05 
2.5366269044e+00 7.2999650155e-05 
2.5809803494e+00 7.3664811888e-05 
2.6254089580e+00 7.4535026449e-05 
2.6694360576e+00 7.5608385650e-05 
2.7129591690e+00 7.6884587132e-05 
2.7561489385e+00 7.8369031382e-05 
2.7991608460e+00 8.0067195869e-05 
2.8420856051e+00 8.1981766025e-05 
2.8850187857e+00 8.4114477431e-05 
2.9281057174e+00 8.6469232882e-05 
2.9715248207e+00 8.9052733772e-05 
3.0000000000e+00 9.0857981469e-05 
3.0000000000e+00 9.2418832692e-05 
3.0000000000e+00 9.4229001141e-05 
3.0000000000e+00 9.5739235555e-05 
3.0000000000e+00 9.7576750029e-05 
3.0000000000e+00 9.9765765174e-05 
3.0000000000e+00 1.0217480633e-04 
3.0000000000e+00 1.0427717613e-04 
3.0000000000e+00 1.0502681961e-04 
3.0000000000e+00 1.0549702602e-04 
3.0000000000e+00 1.0553853020e-04 
2.9897849603e+00 1.0521256547e-04 
2.9775269126e+00 1.0465199880e-04 
2.9628172554e+00 1.0376344701e-04 
2.9451656667e+00 1.0249263887e-04 
2.9345747136e+00 1.0166399599e-04 
2.9218655697e+00 1.0064355145e-04 
2.9066145971e+00 9.9412445064e-05 
2.8883134300e+00 9.7949950971e-05 
2.8663520295e+00 9.6234039147e-05 
2.8399983489e+00 9.4242201003e-05 
2.8083739321e+00 9.1955595129e-05 
2.7704246320e+00 8.9366603552e-05 
2.7248854718e+00 8.6491193436e-05 
2.6702384797e+00 8.3387282357e-05 
2.6046620891e+00 8.0178953968e-05 
2.5277696214e+00 7.7144375011e-05 
2.4464287014e+00 7.4769060214e-05 
2.3625265301e+00 7.3163206705e-05 
2.2759503874e+00 7.2335630407e-05 
2.1859433350e+00 7.2325427022e-05 
2.0896308953e+00 7.3326628604e-05 
1.9842435979e+00 7.5915734068e-05 
1.8662453613e+00 8.1275076814e-05 
1.7293844619e+00 9.0091606262e-05 
1.5869098606e+00 9.8471035349e-05 
1.5178381964e+00 1.0124106956e-04 
1.4729526883e+00 1.0250735080e-04 
1.4275075044e+00 1.0338059142e-04 
1.3796583762e+00 1.0390212721e-04 
1.3366034713e+00 1.0407616749e-04 
1.2986319241e+00 1.0404466558e-04 
1.2622251669e+00 1.0389460307e-04 
1.2258687334e+00 1.0367168416e-04 
1.1903017940e+00 1.0342941960e-04 
1.1566834253e+00 1.0322403268e-04 
1.1255310736e+00 1.0309317279e-04 
1.0968114710e+00 1.0304836155e-04 
1.0705202742e+00 1.0307594339e-04 
1.0465033370e+00 1.0314552032e-04 
1.0253280308e+00 1.0322603254e-04 
1.0075948372e+00 1.0329891776e-04 
9.9108254452e-01 1.0336774326e-04 
9.7359975989e-01 1.0343979274e-04 
9.5484085967e-01 1.0351490923e-04 
9.3626477331e-01 1.0358622206e-04 
9.1821710476e-01 1.0365212535e-04 
9.0018093592e-01 1.0371457589e-04 
8.8192557790e-01 1.0377431208e-04 
8.6355214743e-01 1.0383071312e-04 
8.4510840223e-01 1.0388364201e-04 
8.2644324905e-01 1.0393354452e-04 
8.0691485845e-01 1.0398193076e-04 
7.8487792681e-01 1.0403218919e-04 
7.5843360883e-01 1.0408673262e-04 
7.2670042726e-01 1.0414470037e-04 
6.8862060938e-01 1.0420532571e-04 
6.4292482793e-01 1.0427016892e-04 
5.8808989018e-01 1.0435353795e-04 
5.2228796488e-01 1.0427713725e-04 
4.4332565452e-01 1.0374148551e-04 
3.5361373978e-01 1.0335340006e-04 
2.5960993058e-01 1.0314098792e-04 
1.9147270571e-01 1.0303254778e-04 
1.3693690332e-01 1.0294540472e-04 
8.8729111160e-02 1.0284568304e-04 
4.4144047841e-02 1.0269823330e-04 
-4.1363748251e-05 1.0244775602e-04 
-4.8865307334e-02 1.0200348949e-04 
-1.0745403964e-01 1.0124573594e-04 
-1.7776051840e-01 1.0011194532e-04 
-2.6212829292e-01 9.8594553945e-05 
-3.6336962234e-01 9.6727111759e-05 
-4.8485921764e-01 9.4569142024e-05 
-6.3064673200e-01 9.2190901144e-05 
-8.0559174924e-01 8.9663494924e-05 
-1.0000000000e+00 8.7228710150e-05 
