EXPORTED XY-GRAPH DATA
642 2 2
V[2]
I[ASPLIT_drain]
0.0000000000e+00 -1.2188201277e-18 
0.0000000000e+00 6.2638891440e-19 
0.0000000000e+00 3.0429873787e-21 
0.0000000000e+00 -1.4652255994e-19 
0.0000000000e+00 -1.1495933573e-19 
0.0000000000e+00 -9.6334302303e-20 
0.0000000000e+00 -8.0450777146e-20 
0.0000000000e+00 5.6350137336e-20 
0.0000000000e+00 -4.8144275850e-21 
0.0000000000e+00 -1.7018198559e-21 
0.0000000000e+00 -3.6926900196e-20 
0.0000000000e+00 -3.3165022883e-20 
0.0000000000e+00 3.0118019070e-22 
0.0000000000e+00 1.9878369643e-20 
0.0000000000e+00 5.6325912586e-22 
0.0000000000e+00 8.4356684925e-22 
0.0000000000e+00 -1.3228104333e-20 
0.0000000000e+00 -1.0410743424e-20 
0.0000000000e+00 8.0583939579e-21 
0.0000000000e+00 -7.0651756790e-21 
0.0000000000e+00 -5.8690995189e-22 
0.0000000000e+00 1.6551173608e-22 
0.0000000000e+00 -5.3442176384e-22 
0.0000000000e+00 3.3075219465e-21 
0.0000000000e+00 4.6899341056e-22 
0.0000000000e+00 -2.4212694132e-21 
0.0000000000e+00 2.1393536359e-21 
0.0000000000e+00 -1.7229837652e-21 
0.0000000000e+00 1.8430578606e-22 
0.0000000000e+00 -1.1141282123e-22 
0.0000000000e+00 -5.7017618201e-22 
0.0000000000e+00 6.0286377867e-23 
0.0000000000e+00 1.3781501792e-22 
0.0000000000e+00 -9.6169410953e-23 
0.0000000000e+00 1.7903182191e-22 
0.0000000000e+00 1.5164450022e-22 
0.0000000000e+00 -2.6404763421e-22 
0.0000000000e+00 2.5331936234e-22 
0.0000000000e+00 -2.4770410925e-22 
0.0000000000e+00 8.4610888881e-23 
0.0000000000e+00 -1.5664378872e-22 
0.0000000000e+00 1.4707166251e-22 
0.0000000000e+00 3.9310443394e-23 
0.0000000000e+00 -8.0751759094e-23 
-1.4212447106e-01 1.9644503828e-10 
-2.1855999174e-01 1.2377334621e-10 
-2.6034660306e-01 1.2296760436e-10 
-3.1049053665e-01 1.2208293331e-10 
-3.7066325695e-01 1.2108156642e-10 
-4.3865361247e-01 1.2003139788e-10 
-5.0754421903e-01 1.1905728839e-10 
-5.7495804046e-01 1.1821661760e-10 
-6.4494800030e-01 1.1758373459e-10 
-7.1764522606e-01 1.1749238709e-10 
-7.9243221981e-01 1.1803306307e-10 
-8.7157170401e-01 1.1863232912e-10 
-9.5547793275e-01 1.1889143996e-10 
-1.0000000000e+00 1.1890502065e-10 
-1.0000000000e+00 -5.6752176374e-11 
-1.0000000000e+00 4.9164888811e-12 
-1.0000000000e+00 4.5806081230e-12 
-1.0000000000e+00 4.0948788323e-12 
-1.0000000000e+00 3.4206941162e-12 
-1.0000000000e+00 2.5647495785e-12 
-1.0000000000e+00 1.6320057934e-12 
-1.0000000000e+00 8.1463069579e-13 
-1.0000000000e+00 2.7017339305e-13 
-1.0000000000e+00 1.3034909854e-14 
-1.0000000000e+00 -5.2660956681e-14 
-1.0000000000e+00 -3.8730919488e-14 
-1.0000000000e+00 -1.4099268632e-14 
-1.0000000000e+00 -1.3936399040e-15 
-1.0000000000e+00 1.3879875682e-15 
-1.0000000000e+00 7.8945126118e-16 
-1.0000000000e+00 1.4795928377e-16 
-1.0000000000e+00 -2.3797496745e-17 
-1.0000000000e+00 -1.4091299115e-17 
-1.0000000000e+00 4.0330232382e-18 
-1.0000000000e+00 7.6975142974e-18 
-1.0000000000e+00 7.2804189941e-18 
-1.0000000000e+00 6.9949184199e-18 
-1.0000000000e+00 6.9681778385e-18 
-1.0000000000e+00 6.9731730364e-18 
-1.0000000000e+00 6.9687438807e-18 
-1.0000000000e+00 6.9676625736e-18 
-1.0000000000e+00 6.9563484404e-18 
-1.0000000000e+00 6.9421575910e-18 
-1.0000000000e+00 6.8666776928e-18 
-9.2687903286e-01 -5.7173142535e-12 
-8.3913387230e-01 -4.7525899165e-12 
-7.4911795102e-01 -4.4279429596e-12 
-6.6251293748e-01 -4.2624710022e-12 
-6.1411720354e-01 -4.2983708529e-12 
-5.7798910944e-01 -4.3199087936e-12 
-5.3973048542e-01 -4.3353428367e-12 
-4.9500590053e-01 -4.3553424342e-12 
-4.5058830344e-01 -4.3772305726e-12 
-4.0824021490e-01 -4.3992960071e-12 
-3.6528540333e-01 -4.4226653449e-12 
-3.2021472991e-01 -4.4483295119e-12 
-2.7301099952e-01 -4.4766470985e-12 
-2.2313930244e-01 -4.5084658103e-12 
-1.7062810305e-01 -4.5445009744e-12 
-1.2547832526e-01 -4.5781742271e-12 
-8.9760960477e-02 -4.6069052728e-12 
-5.5510846041e-02 -4.6361588803e-12 
-1.8999159943e-02 -4.6695143388e-12 
1.8342785722e-02 -4.7065548939e-12 
5.5115948164e-02 -4.7465224877e-12 
9.2017820159e-02 -4.7906404648e-12 
1.3071689221e-01 -4.8418290135e-12 
1.7373576998e-01 -4.9054586930e-12 
2.2535842330e-01 -4.9923192643e-12 
2.8730560729e-01 -5.1137317148e-12 
3.6164222808e-01 -5.2859135841e-12 
4.3456908743e-01 -5.4844304160e-12 
4.9260183854e-01 -5.6587691290e-12 
5.4030712828e-01 -5.7908051852e-12 
5.8298099145e-01 -5.8396290951e-12 
6.2361147249e-01 -5.6441749343e-12 
6.6540968423e-01 -4.5661011953e-12 
7.1045002730e-01 2.3081527379e-13 
7.3307665373e-01 6.6227108652e-12 
7.4665262959e-01 1.3135654656e-11 
7.6294380062e-01 2.5317617165e-11 
7.7271850324e-01 3.5945012278e-11 
7.8444814638e-01 5.3345935190e-11 
7.9148593227e-01 6.6936879066e-11 
7.9993127533e-01 8.7218636251e-11 
8.1006568701e-01 1.1863628017e-10 
8.1614633401e-01 1.4204738471e-10 
8.2344311042e-01 1.7555723339e-10 
8.2782117626e-01 1.9890434538e-10 
8.3044801577e-01 2.1420519723e-10 
8.3360022317e-01 2.3393670269e-10 
8.3738287206e-01 2.5970858343e-10 
8.4192205073e-01 2.9387549296e-10 
8.4464555793e-01 3.1618810107e-10 
8.4791376657e-01 3.4486207676e-10 
8.5183561694e-01 3.8214304111e-10 
8.5418872716e-01 4.0608700196e-10 
8.5701245942e-01 4.3643927413e-10 
8.6040093814e-01 4.7526907321e-10 
8.6243402537e-01 4.9987080193e-10 
8.6487373005e-01 5.3070050304e-10 
8.6780137566e-01 5.6962529495e-10 
8.6955796303e-01 5.9400641573e-10 
8.7166586787e-01 6.2430030312e-10 
8.7419535368e-01 6.6212734274e-10 
8.7571304516e-01 6.8560999475e-10 
8.7753427495e-01 7.1456681297e-10 
8.7971975069e-01 7.5043359759e-10 
8.8234232157e-01 7.9507800585e-10 
8.8391586411e-01 8.2270101915e-10 
8.8580411514e-01 8.5666780676e-10 
8.8807001639e-01 8.9859202308e-10 
8.8942955714e-01 9.2434856361e-10 
8.9106100604e-01 9.5584195549e-10 
8.9301874471e-01 9.9446121457e-10 
8.9536803112e-01 1.0419651333e-09 
8.9677760297e-01 1.0710598131e-09 
8.9846908919e-01 1.1065418603e-09 
9.0049887265e-01 1.1499125260e-09 
9.0171674272e-01 1.1763365847e-09 
9.0317818682e-01 1.2084289084e-09 
9.0493191972e-01 1.2474719271e-09 
9.0703639922e-01 1.2950542104e-09 
9.0829908691e-01 1.3239679744e-09 
9.0981431214e-01 1.3590067612e-09 
9.1163258243e-01 1.4015205048e-09 
9.1381450676e-01 1.4531646493e-09 
9.1512366136e-01 1.4844565106e-09 
9.1669464689e-01 1.5222867293e-09 
9.1857982951e-01 1.5680558711e-09 
9.1971093909e-01 1.5956968233e-09 
9.2106827058e-01 1.6290290166e-09 
9.2269706837e-01 1.6692428959e-09 
9.2465162572e-01 1.7177755949e-09 
9.2582436013e-01 1.7470218485e-09 
9.2723164142e-01 1.7822268951e-09 
9.2892037896e-01 1.8246100535e-09 
9.3094686402e-01 1.8756314802e-09 
9.3216275506e-01 1.9063096269e-09 
9.3362182430e-01 1.9431719858e-09 
9.3537270739e-01 1.9874561568e-09 
9.3642323724e-01 2.0140408578e-09 
9.3768387307e-01 2.0459494781e-09 
9.3919663606e-01 2.0842311906e-09 
9.4101195165e-01 2.1301411186e-09 
9.4210114100e-01 2.1576601239e-09 
9.4340816822e-01 2.1906488271e-09 
9.4497660089e-01 2.2301713945e-09 
9.4685872009e-01 2.2774903107e-09 
9.4798799161e-01 2.3058131091e-09 
9.4934311744e-01 2.3397256080e-09 
9.5096926843e-01 2.3803018252e-09 
9.5292064961e-01 2.4288070370e-09 
9.5409147833e-01 2.4578015654e-09 
9.5549647278e-01 2.4924819574e-09 
9.5718246613e-01 2.5339273736e-09 
9.5920565815e-01 2.5834039639e-09 
9.6041957335e-01 2.6129449949e-09 
9.6187627161e-01 2.6482474144e-09 
9.6362430951e-01 2.6903930548e-09 
9.6572195499e-01 2.7406482340e-09 
9.6698054228e-01 2.7706256011e-09 
9.6849084703e-01 2.8064238556e-09 
9.7030321272e-01 2.8491269334e-09 
9.7247805156e-01 2.9000025881e-09 
9.7508785816e-01 2.9605193674e-09 
9.7665374212e-01 2.9965425417e-09 
9.7853280288e-01 3.0394836773e-09 
9.8078767578e-01 3.0906118770e-09 
9.8349352327e-01 3.1513961251e-09 
9.8511703176e-01 3.1875663811e-09 
9.8706524195e-01 3.2306737326e-09 
9.8940309418e-01 3.2819947421e-09 
9.9220851685e-01 3.3430107943e-09 
9.9389177045e-01 3.3793253956e-09 
9.9591167478e-01 3.4226334968e-09 
9.9833555997e-01 3.4741909424e-09 
1.0012442222e+00 3.5355237374e-09 
1.0029894195e+00 3.5720504076e-09 
1.0050836563e+00 3.6156366116e-09 
1.0075967405e+00 3.6675700442e-09 
1.0106124415e+00 3.7294221299e-09 
1.0124218621e+00 3.7663014721e-09 
1.0145931668e+00 3.8103542870e-09 
1.0171987325e+00 3.8629085801e-09 
1.0203254113e+00 3.9256042936e-09 
1.0222014185e+00 3.9630472719e-09 
1.0244526273e+00 4.0078077155e-09 
1.0271540778e+00 4.0613225427e-09 
1.0303958183e+00 4.1253029093e-09 
1.0323408627e+00 4.1635920738e-09 
1.0346749159e+00 4.2094367025e-09 
1.0374757797e+00 4.2643577993e-09 
1.0408368164e+00 4.3301817042e-09 
1.0428534383e+00 4.3696473404e-09 
1.0452733847e+00 4.4170046089e-09 
1.0481773204e+00 4.4738678776e-09 
1.0516620431e+00 4.5422077345e-09 
1.0537528768e+00 4.5832824025e-09 
1.0562618772e+00 4.6326698427e-09 
1.0592726777e+00 4.6921134288e-09 
1.0628856383e+00 4.7637599758e-09 
1.0650534146e+00 4.8069317723e-09 
1.0676547462e+00 4.8589486575e-09 
1.0707763441e+00 4.9217110396e-09 
1.0745222617e+00 4.9975781338e-09 
1.0767698122e+00 5.0434102581e-09 
1.0794668728e+00 5.0987469212e-09 
1.0827033455e+00 5.1656774643e-09 
1.0865871128e+00 5.2468148321e-09 
1.0889173732e+00 5.2959532301e-09 
1.0917136856e+00 5.3554012317e-09 
1.0950692606e+00 5.4274733785e-09 
1.0990959505e+00 5.5150836670e-09 
1.1015119645e+00 5.5682682715e-09 
1.1044111812e+00 5.6327338219e-09 
1.1078902413e+00 5.7110621228e-09 
1.1099776773e+00 5.7585874487e-09 
1.1124826006e+00 5.8161602837e-09 
1.1154885085e+00 5.8860560219e-09 
1.1190955980e+00 5.9711407835e-09 
1.1212598517e+00 6.0228491946e-09 
1.1238569562e+00 6.0855713389e-09 
1.1269734815e+00 6.1618357289e-09 
1.1307133119e+00 6.2548412514e-09 
1.1329572102e+00 6.3114523488e-09 
1.1356498880e+00 6.3802090533e-09 
1.1388811015e+00 6.4639371373e-09 
1.1427585577e+00 6.5662276391e-09 
1.1450850314e+00 6.6285869828e-09 
1.1478767998e+00 6.7044208175e-09 
1.1512269219e+00 6.7969050649e-09 
1.1552470685e+00 6.9100974098e-09 
1.1576591564e+00 6.9792075729e-09 
1.1605536619e+00 7.0633578864e-09 
1.1640270685e+00 7.1661412897e-09 
1.1681951564e+00 7.2921658021e-09 
1.1706960092e+00 7.3692365455e-09 
1.1736970325e+00 7.4632047007e-09 
1.1772982605e+00 7.5781635066e-09 
1.1794589973e+00 7.6483235300e-09 
1.1820518814e+00 7.7337194351e-09 
1.1851633424e+00 7.8379685982e-09 
1.1888970956e+00 7.9656999662e-09 
1.1911373475e+00 8.0437597992e-09 
1.1938256498e+00 8.1388776316e-09 
1.1970516125e+00 8.2551523223e-09 
1.2009227678e+00 8.3978520601e-09 
1.2032454609e+00 8.4851852915e-09 
1.2060326927e+00 8.5917316474e-09 
1.2093773709e+00 8.7221668160e-09 
1.2133909847e+00 8.8825293185e-09 
1.2157991530e+00 8.9808255409e-09 
1.2186889549e+00 9.1009043808e-09 
1.2221567172e+00 9.2481398098e-09 
1.2263180320e+00 9.4295057853e-09 
1.2288148209e+00 9.5408636820e-09 
1.2318109675e+00 9.6770924028e-09 
1.2354063435e+00 9.8444175961e-09 
1.2375635691e+00 9.9468928234e-09 
1.2401522398e+00 1.0071982804e-08 
1.2432586447e+00 1.0225238061e-08 
1.2469863305e+00 1.0413803663e-08 
1.2492229420e+00 1.0529466737e-08 
1.2519068757e+00 1.0670839855e-08 
1.2551275963e+00 1.0844341062e-08 
1.2589924609e+00 1.1058216520e-08 
1.2613113797e+00 1.1189627858e-08 
1.2640940823e+00 1.1350483579e-08 
1.2674333253e+00 1.1548284919e-08 
1.2714404170e+00 1.1792584978e-08 
1.2738446720e+00 1.1942961934e-08 
1.2767297780e+00 1.2127320756e-08 
1.2801919052e+00 1.2354377955e-08 
1.2822691815e+00 1.2493763684e-08 
1.2847619131e+00 1.2664247536e-08 
1.2877531910e+00 1.2873608047e-08 
1.2913427245e+00 1.3131978204e-08 
1.2934964446e+00 1.3290867597e-08 
1.2960809087e+00 1.3485496327e-08 
1.2991822656e+00 1.3724942555e-08 
1.3029038939e+00 1.4021099366e-08 
1.3051368709e+00 1.4203583549e-08 
1.3078164433e+00 1.4427483937e-08 
1.3110319302e+00 1.4703496794e-08 
1.3148905144e+00 1.5045720897e-08 
1.3172056649e+00 1.5257047059e-08 
1.3199838456e+00 1.5516809163e-08 
1.3233176624e+00 1.5837741118e-08 
1.3273182425e+00 1.6236741093e-08 
1.3297185906e+00 1.6483716323e-08 
1.3325990083e+00 1.6787912342e-08 
1.3360555095e+00 1.7164660458e-08 
1.3402033110e+00 1.7634452795e-08 
1.3426919919e+00 1.7926010321e-08 
1.3456784090e+00 1.8285902980e-08 
1.3492621094e+00 1.8732835404e-08 
1.3535625500e+00 1.9291970319e-08 
1.3561428144e+00 1.9639971016e-08 
1.3592391316e+00 2.0070569801e-08 
1.3629547122e+00 2.0606869646e-08 
1.3651840606e+00 2.0939334576e-08 
1.3678592787e+00 2.1349327533e-08 
1.3710695404e+00 2.1857854970e-08 
1.3749218544e+00 2.2493056290e-08 
1.3772332429e+00 2.2887832026e-08 
1.3800069090e+00 2.3375701983e-08 
1.3833353083e+00 2.3982383598e-08 
1.3873293875e+00 2.4742562285e-08 
1.3897258350e+00 2.5216305589e-08 
1.3926015720e+00 2.5803108829e-08 
1.3960524564e+00 2.6534850003e-08 
1.4001935177e+00 2.7454835003e-08 
1.4026781545e+00 2.8029871237e-08 
1.4056597186e+00 2.8743911511e-08 
1.4092375956e+00 2.9637006446e-08 
1.4135310479e+00 3.0763982306e-08 
1.4161071193e+00 3.1470667527e-08 
1.4191984050e+00 3.2350551198e-08 
1.4229079479e+00 3.3454695791e-08 
1.4273593993e+00 3.4853571808e-08 
1.4300302701e+00 3.5733834627e-08 
1.4332353151e+00 3.6833066877e-08 
1.4370813691e+00 3.8217414027e-08 
1.4416966340e+00 3.9978949331e-08 
1.4444657928e+00 4.1091651617e-08 
1.4477887835e+00 4.2485598349e-08 
1.4517763723e+00 4.4247940434e-08 
1.4565614789e+00 4.6501045627e-08 
1.4594325428e+00 4.7930118298e-08 
1.4628778195e+00 4.9726550560e-08 
1.4670121516e+00 5.2007192299e-08 
1.4719733501e+00 5.4937542374e-08 
1.4749500692e+00 5.6804164682e-08 
1.4785221321e+00 5.9159002456e-08 
1.4828086075e+00 6.2161283409e-08 
1.4879523781e+00 6.6038315020e-08 
1.4941249028e+00 7.1123393501e-08 
1.4978284177e+00 7.4420613052e-08 
1.5022726354e+00 7.8642108243e-08 
1.5076056968e+00 8.4120107088e-08 
1.5140053704e+00 9.1343577595e-08 
1.5178451746e+00 9.6046930590e-08 
1.5224529396e+00 1.0208692152e-07 
1.5279822576e+00 1.0994833385e-07 
1.5312998484e+00 1.1500797044e-07 
1.5352809573e+00 1.2144069263e-07 
1.5400582881e+00 1.2970987747e-07 
1.5457910850e+00 1.4047592897e-07 
1.5492307631e+00 1.4740219911e-07 
1.5533583769e+00 1.5619932178e-07 
1.5583115134e+00 1.6748552301e-07 
1.5612833953e+00 1.7465399394e-07 
1.5648496536e+00 1.8366153237e-07 
1.5691291636e+00 1.9506944804e-07 
1.5742645755e+00 2.0964406285e-07 
1.5773458227e+00 2.1886302311e-07 
1.5810433193e+00 2.3040189625e-07 
1.5854803152e+00 2.4493982516e-07 
1.5908047103e+00 2.6338593983e-07 
1.5971939844e+00 2.8696016137e-07 
1.6010275489e+00 3.0185580992e-07 
1.6056278263e+00 3.2046191177e-07 
1.6111481591e+00 3.4381863019e-07 
1.6177725585e+00 3.7328367181e-07 
1.6217471982e+00 3.9169439210e-07 
1.6265167658e+00 4.1448249915e-07 
1.6322402469e+00 4.4278847000e-07 
1.6391084242e+00 4.7807132612e-07 
1.6473502370e+00 5.2219260395e-07 
1.6522953246e+00 5.4954794798e-07 
1.6582294298e+00 5.8319390249e-07 
1.6653503561e+00 6.2468246570e-07 
1.6738954675e+00 6.7596747276e-07 
1.6841496013e+00 7.3950150633e-07 
1.6903020816e+00 7.7858879338e-07 
1.6976850579e+00 8.2637947802e-07 
1.7065446295e+00 8.8491497949e-07 
1.7171761154e+00 9.5672711239e-07 
1.7299338985e+00 1.0449358355e-06 
1.7452432382e+00 1.1533600780e-06 
1.7636144459e+00 1.2866277822e-06 
1.7856598950e+00 1.4502793297e-06 
1.7988871645e+00 1.5500719656e-06 
1.8147598880e+00 1.6711258928e-06 
1.8338071560e+00 1.8179392680e-06 
1.8566638778e+00 1.9958695360e-06 
1.8840919438e+00 2.2112448897e-06 
1.9170056231e+00 2.4714761327e-06 
1.9367538306e+00 2.6282057705e-06 
1.9604516797e+00 2.8166113790e-06 
1.9888890986e+00 3.0428966542e-06 
2.0230140012e+00 3.3143523706e-06 
2.0639638844e+00 3.6394874764e-06 
2.0885338143e+00 3.8340696304e-06 
2.1180177302e+00 4.0669288124e-06 
2.1533984293e+00 4.3452708142e-06 
2.1958552682e+00 4.6774725224e-06 
2.2213293715e+00 4.8757585290e-06 
2.2518982955e+00 5.1125938787e-06 
2.2885810043e+00 5.3951079702e-06 
2.3326002549e+00 5.7315718349e-06 
2.3590118052e+00 5.9320750650e-06 
2.3907056656e+00 6.1712870749e-06 
2.4287382981e+00 6.4563196060e-06 
2.4743774571e+00 6.7954515036e-06 
2.5017609524e+00 6.9974259047e-06 
2.5346211469e+00 7.2383272220e-06 
2.5740533803e+00 7.5253319379e-06 
2.6213720603e+00 7.8668182034e-06 
2.6497632683e+00 8.0702189760e-06 
2.6838327179e+00 8.3128589245e-06 
2.7247160575e+00 8.6019950890e-06 
2.7737760649e+00 8.9461042744e-06 
2.8326480739e+00 9.3550442337e-06 
2.8679712793e+00 9.5983773378e-06 
2.9103591257e+00 9.8884245022e-06 
2.9612245414e+00 1.0233750771e-05 
3.0000000000e+00 1.0495064110e-05 
3.0000000000e+00 1.0708853557e-05 
3.0000000000e+00 1.0950006575e-05 
3.0000000000e+00 1.1233833944e-05 
3.0000000000e+00 1.1559820015e-05 
3.0000000000e+00 1.1891459112e-05 
3.0000000000e+00 1.2062320386e-05 
2.9787304638e+00 1.2023996523e-05 
2.9532070204e+00 1.1924887552e-05 
2.9225788883e+00 1.1742452198e-05 
2.8858251298e+00 1.1478615154e-05 
2.8417206195e+00 1.1142219634e-05 
2.7887952073e+00 1.0733081170e-05 
2.7570399599e+00 1.0486577029e-05 
2.7189336631e+00 1.0189791592e-05 
2.6732061068e+00 9.8314517099e-06 
2.6457695731e+00 9.6150819613e-06 
2.6128457327e+00 9.3539472115e-06 
2.5733371241e+00 9.0383737322e-06 
2.5259267938e+00 8.6564341416e-06 
2.4974805957e+00 8.4255312449e-06 
2.4633451579e+00 8.1466893892e-06 
2.4223826325e+00 7.8094911270e-06 
2.3978051173e+00 7.6057872461e-06 
2.3683120990e+00 7.3599426361e-06 
2.3329204771e+00 7.0628751420e-06 
2.2904505308e+00 6.7033759761e-06 
2.2649685630e+00 6.4860703532e-06 
2.2343902017e+00 6.2237011279e-06 
2.1976961681e+00 5.9065564467e-06 
2.1756797480e+00 5.7150750525e-06 
2.1492600438e+00 5.4841418051e-06 
2.1175563988e+00 5.2054123163e-06 
2.0795120247e+00 4.8687434356e-06 
2.0338587759e+00 4.4618594030e-06 
2.0064668266e+00 4.2163839298e-06 
1.9735964874e+00 3.9206911455e-06 
1.9341520804e+00 3.5645837851e-06 
1.9104854362e+00 3.3504466704e-06 
1.8820854632e+00 3.0932618060e-06 
1.8480054955e+00 2.7847565820e-06 
1.8275575150e+00 2.5999869190e-06 
1.8030199382e+00 2.3789429580e-06 
1.7882973922e+00 2.2468464095e-06 
1.7706303370e+00 2.0890620885e-06 
1.7494298707e+00 1.9011215435e-06 
1.7367095910e+00 1.7892962270e-06 
1.7214452552e+00 1.6562736756e-06 
1.7031280524e+00 1.4987152604e-06 
1.6921377307e+00 1.4054863898e-06 
1.6789493446e+00 1.2951532564e-06 
1.6631232813e+00 1.1653609875e-06 
1.6536276434e+00 1.0890666511e-06 
1.6422328778e+00 9.9930973066e-07 
1.6353960185e+00 9.4649454966e-07 
1.6271917873e+00 8.8424513651e-07 
1.6173467099e+00 8.1131744438e-07 
1.6114396634e+00 7.6856382955e-07 
1.6043512076e+00 7.1832775753e-07 
1.5958450607e+00 6.5968880676e-07 
1.5907413726e+00 6.2542048382e-07 
1.5846169468e+00 5.8525732009e-07 
1.5772676359e+00 5.3851510740e-07 
1.5728580493e+00 5.1126719500e-07 
1.5675665455e+00 4.7939416864e-07 
1.5612167408e+00 4.4238077414e-07 
1.5574068580e+00 4.2084186583e-07 
1.5528349987e+00 3.9567944130e-07 
1.5473487675e+00 3.6649826829e-07 
1.5407652900e+00 3.3298749575e-07 
1.5368152036e+00 3.1369178617e-07 
1.5320750998e+00 2.9135929011e-07 
1.5263869753e+00 2.6576851109e-07 
1.5229741006e+00 2.5105717415e-07 
1.5188786509e+00 2.3404902413e-07 
1.5139641113e+00 2.1457827293e-07 
1.5080666638e+00 1.9257731438e-07 
1.5045281953e+00 1.8009405307e-07 
1.5002820331e+00 1.6582498248e-07 
1.4951866385e+00 1.4972266385e-07 
1.4921294017e+00 1.4059220895e-07 
1.4884607175e+00 1.3015639611e-07 
1.4840582966e+00 1.1837413290e-07 
1.4787753914e+00 1.0528173278e-07 
1.4724359052e+00 9.1033402066e-08 
1.4686322135e+00 8.3223548375e-08 
1.4640677834e+00 7.4554501605e-08 
1.4585904674e+00 6.5119580180e-08 
1.4553040777e+00 5.9941521224e-08 
1.4513604101e+00 5.4181908592e-08 
1.4466280091e+00 4.7890282907e-08 
1.4437885684e+00 4.4422414117e-08 
1.4403812396e+00 4.0548199578e-08 
1.4362924451e+00 3.6289878135e-08 
1.4313858916e+00 3.1703285290e-08 
1.4284419596e+00 2.9205943157e-08 
1.4249092411e+00 2.6443174176e-08 
1.4206699789e+00 2.3441216114e-08 
1.4155828643e+00 2.0250908379e-08 
1.4094783267e+00 1.6951995362e-08 
1.4058156042e+00 1.5219901153e-08 
1.4014203372e+00 1.3359847366e-08 
1.3961460168e+00 1.1409689866e-08 
1.3898168322e+00 9.4242044404e-09 
1.3822218108e+00 7.4741142428e-09 
1.3731077851e+00 5.6412376947e-09 
1.3676393697e+00 4.7579652225e-09 
1.3610772712e+00 3.8734576776e-09 
1.3532027530e+00 3.0209924910e-09 
1.3437533311e+00 2.2368378207e-09 
1.3324140249e+00 1.5552895329e-09 
1.3188068574e+00 1.0024000826e-09 
1.3024782565e+00 5.8988880437e-10 
1.2844484069e+00 3.2807746774e-10 
1.2664077571e+00 1.8296581122e-10 
1.2483071587e+00 1.0287439475e-10 
1.2297166263e+00 5.8221701016e-11 
1.2105211358e+00 3.3743224746e-11 
1.1904806323e+00 2.0532750808e-11 
1.1692136556e+00 1.3553619256e-11 
1.1454725771e+00 9.8946246223e-12 
1.1199621426e+00 8.1716633563e-12 
1.0943694688e+00 7.4297791849e-12 
1.0691420519e+00 7.1032561231e-12 
1.0440052350e+00 6.9430300639e-12 
1.0188226591e+00 6.8439452821e-12 
9.9386292805e-01 6.7535135773e-12 
9.6929039787e-01 6.6440811099e-12 
9.4505936059e-01 6.5153668612e-12 
9.2119349815e-01 6.3890237793e-12 
8.9803755064e-01 6.2843521383e-12 
8.7561351867e-01 6.2025930181e-12 
8.5350442137e-01 6.1348641631e-12 
8.3135083005e-01 6.0738208002e-12 
8.0906539365e-01 6.0164177845e-12 
7.8667559097e-01 5.9617566951e-12 
7.6417950937e-01 5.9093632252e-12 
7.4153707684e-01 5.8588077182e-12 
7.1869509021e-01 5.8097366232e-12 
6.9550295100e-01 5.7616690118e-12 
6.7205692444e-01 5.7146738537e-12 
6.4865922043e-01 5.6692016406e-12 
6.2575457264e-01 5.6259208555e-12 
6.0374487532e-01 5.5854103915e-12 
5.8285379387e-01 5.5479504489e-12 
5.6310114052e-01 5.5134634518e-12 
5.4430158990e-01 5.4815051410e-12 
5.2613999170e-01 5.4514271545e-12 
5.0831289160e-01 5.4226437663e-12 
4.9058156031e-01 5.3947222383e-12 
4.7271069488e-01 5.3672744663e-12 
4.5435064715e-01 5.3397741576e-12 
4.3508372548e-01 5.3116490629e-12 
4.1440316161e-01 5.2822601658e-12 
3.9186035461e-01 5.2511264630e-12 
3.6711695376e-01 5.2179749431e-12 
3.3990831192e-01 5.1827408248e-12 
3.1011417360e-01 5.1455260799e-12 
2.7772393950e-01 5.1065748609e-12 
2.4268828579e-01 5.0660873037e-12 
2.0478471786e-01 5.0240788552e-12 
1.6389415086e-01 4.9807065096e-12 
1.1984240314e-01 4.9360799859e-12 
7.2397416503e-02 4.8902653600e-12 
2.1659646070e-02 4.8436581396e-12 
-3.2159610882e-02 4.7967030600e-12 
-8.8925552517e-02 4.7497187230e-12 
-1.4922014523e-01 4.7024169126e-12 
-2.1252730907e-01 4.6554185285e-12 
-2.7806349147e-01 4.6094280367e-12 
-3.4586071843e-01 4.5644361785e-12 
-4.1735908841e-01 4.5195117184e-12 
-4.9156489889e-01 4.4754140038e-12 
-5.6496048371e-01 4.4341924839e-12 
-6.3775271343e-01 4.3954700047e-12 
-7.1261310916e-01 4.3578466266e-12 
-7.8868705616e-01 4.3227645978e-12 
-8.6611636052e-01 4.2946103079e-12 
-9.4642718068e-01 4.2924089313e-12 
-1.0000000000e+00 4.3404868986e-12 
