EXPORTED XY-GRAPH DATA
272 2 2
V[2]
I[ASPLIT_drain]
0.0000000000e+00 -3.0032699844e-22 
0.0000000000e+00 -1.6352450480e-21 
0.0000000000e+00 -1.4958129902e-20 
0.0000000000e+00 -1.4655817580e-19 
0.0000000000e+00 -1.1607745404e-19 
0.0000000000e+00 -1.0325503643e-19 
0.0000000000e+00 -7.8294755534e-20 
0.0000000000e+00 5.9032645281e-20 
0.0000000000e+00 -5.3615852910e-21 
0.0000000000e+00 1.2300324508e-21 
0.0000000000e+00 -3.8410803132e-20 
0.0000000000e+00 -3.2790876593e-20 
0.0000000000e+00 -2.1472983922e-23 
0.0000000000e+00 2.0119473277e-20 
0.0000000000e+00 4.4788149182e-22 
0.0000000000e+00 7.4821939686e-22 
0.0000000000e+00 -1.3674498942e-20 
0.0000000000e+00 -1.0441394877e-20 
0.0000000000e+00 7.5612748572e-21 
0.0000000000e+00 -7.1545485887e-21 
0.0000000000e+00 1.4948174825e-22 
0.0000000000e+00 2.0126902383e-22 
0.0000000000e+00 8.7581232100e-23 
0.0000000000e+00 3.1026529995e-21 
0.0000000000e+00 -1.1455321028e-23 
0.0000000000e+00 -2.4506333116e-21 
0.0000000000e+00 1.8646074828e-21 
0.0000000000e+00 -1.7129516111e-21 
0.0000000000e+00 2.2505113582e-23 
0.0000000000e+00 4.7723709167e-23 
0.0000000000e+00 -9.8772207287e-22 
0.0000000000e+00 7.9532874955e-24 
0.0000000000e+00 9.1284979883e-23 
0.0000000000e+00 4.3936770469e-24 
0.0000000000e+00 -1.8831089461e-23 
0.0000000000e+00 3.9437543646e-22 
0.0000000000e+00 -3.1720340818e-22 
0.0000000000e+00 2.9455599378e-23 
0.0000000000e+00 -2.2478349357e-22 
0.0000000000e+00 8.7301558091e-23 
0.0000000000e+00 -1.6198168066e-22 
0.0000000000e+00 1.2278595069e-23 
0.0000000000e+00 9.6690285446e-23 
0.0000000000e+00 -1.8567139372e-22 
-1.4212447106e-01 3.8759489417e-10 
-1.9814673679e-01 2.5723729351e-10 
-2.2337855021e-01 2.5871689648e-10 
-2.5128689759e-01 2.5962724085e-10 
-2.8477691445e-01 2.6029342511e-10 
-3.2496493468e-01 2.6082644032e-10 
-3.7319055896e-01 2.6133335788e-10 
-4.2542966097e-01 2.6184149457e-10 
-4.7912318103e-01 2.6235642038e-10 
-5.3551408947e-01 2.6289556748e-10 
-5.9621665858e-01 2.6347480247e-10 
-6.6063519236e-01 2.6408849514e-10 
-7.2964355768e-01 2.6474412561e-10 
-8.0188597693e-01 2.6542877466e-10 
-8.8002492612e-01 2.6616771729e-10 
-9.6286541126e-01 2.6695152685e-10 
-1.0000000000e+00 2.6730628057e-10 
-1.0000000000e+00 -1.0944604454e-10 
-1.0000000000e+00 2.3306101368e-11 
-1.0000000000e+00 2.3149806898e-11 
-1.0000000000e+00 2.2966152101e-11 
-1.0000000000e+00 2.2751069544e-11 
-1.0000000000e+00 2.2499413156e-11 
-1.0000000000e+00 2.2205005186e-11 
-1.0000000000e+00 2.1860213069e-11 
-1.0000000000e+00 2.1455336424e-11 
-1.0000000000e+00 2.0977992390e-11 
-1.0000000000e+00 2.0412169960e-11 
-1.0000000000e+00 1.9735367292e-11 
-1.0000000000e+00 1.8898414160e-11 
-1.0000000000e+00 1.7444014403e-11 
-1.0000000000e+00 1.0787601327e-11 
-1.0000000000e+00 -2.2987126310e-13 
-1.0000000000e+00 -1.7807779662e-12 
-1.0000000000e+00 -5.6760810803e-13 
-1.0000000000e+00 -2.5349362789e-14 
-1.0000000000e+00 3.7467268781e-14 
-1.0000000000e+00 1.0296977188e-14 
-1.0000000000e+00 -1.4387742712e-16 
-1.0000000000e+00 -5.0791390980e-16 
-1.0000000000e+00 -3.9074844384e-17 
-1.0000000000e+00 4.1273899713e-17 
-1.0000000000e+00 3.3522149872e-17 
-1.0000000000e+00 3.0316695649e-17 
-1.0000000000e+00 3.0255119964e-17 
-1.0000000000e+00 3.0317325279e-17 
-1.0000000000e+00 3.0323005228e-17 
-1.0000000000e+00 3.0318691271e-17 
-6.7997877914e-01 -8.0748644014e-12 
-5.1004032780e-01 -5.3075502736e-12 
-4.3900129328e-01 -5.2214453097e-12 
-3.6817469727e-01 -5.2030694963e-12 
-2.8908486050e-01 -5.1845903754e-12 
-2.1759639374e-01 -5.1628377126e-12 
-1.6204445012e-01 -5.1430201673e-12 
-1.2035991538e-01 -5.1265335006e-12 
-8.6449462311e-02 -5.1121008843e-12 
-5.1592680394e-02 -5.0962881671e-12 
-1.4171162521e-02 -5.0779171193e-12 
2.3092856467e-02 -5.0575643330e-12 
5.9575821967e-02 -5.0342465194e-12 
9.6529450309e-02 -5.0028685640e-12 
1.3559203360e-01 -4.9444974469e-12 
1.7948027002e-01 -4.7652200388e-12 
2.3214615373e-01 -3.7964036068e-12 
2.9534521417e-01 4.5537821070e-12 
3.4516847390e-01 4.8300554640e-11 
3.8291151601e-01 2.2218773497e-10 
4.1297124152e-01 1.2373582628e-09 
4.2316511907e-01 3.3350385765e-09 
4.2792674197e-01 7.0454110514e-09 
4.3054144572e-01 1.3772852554e-08 
4.3188138116e-01 2.3359836640e-08 
4.3263502132e-01 3.5487869700e-08 
4.3353938952e-01 9.3161867962e-08 
4.3385809139e-01 1.6351351719e-07 
4.3418489371e-01 4.3739936105e-07 
4.3444189465e-01 1.8447922429e-06 
4.3459968484e-01 4.3590026596e-06 
4.3473352327e-01 7.7267932240e-06 
4.3489205629e-01 1.2325021771e-05 
4.3507508910e-01 1.6758208662e-05 
4.3525095797e-01 1.9488395946e-05 
4.3546200061e-01 2.1132390840e-05 
4.3571525179e-01 2.1827114281e-05 
4.3601915319e-01 2.1965058406e-05 
4.3636836102e-01 2.1899808260e-05 
4.3678741042e-01 2.1818794919e-05 
4.3729026969e-01 2.1769812545e-05 
4.3789370082e-01 2.1742429059e-05 
4.3861781818e-01 2.1719941128e-05 
4.3948675901e-01 2.1695451225e-05 
4.4052948800e-01 2.1668459981e-05 
4.4178076279e-01 2.1639633813e-05 
4.4328229254e-01 2.1609033569e-05 
4.4508412824e-01 2.1576009254e-05 
4.4724633108e-01 2.1539738838e-05 
4.4984097449e-01 2.1499170112e-05 
4.5295454658e-01 2.1453021546e-05 
4.5669083309e-01 2.1399952569e-05 
4.6117437690e-01 2.1338242824e-05 
4.6655462947e-01 2.1265820647e-05 
4.7301093256e-01 2.1175988066e-05 
4.8075849627e-01 2.1035154589e-05 
4.9005557271e-01 2.0798920298e-05 
5.0121206445e-01 2.0428375362e-05 
5.1459985453e-01 1.9937271453e-05 
5.3066520263e-01 1.9402877215e-05 
5.4994362034e-01 1.8829743216e-05 
5.7307772160e-01 1.8230533506e-05 
6.0083864312e-01 1.7632550489e-05 
6.3415174893e-01 1.7084945910e-05 
6.7412747591e-01 1.6665709142e-05 
7.2209834828e-01 1.6478230683e-05 
7.6743319820e-01 1.6578243614e-05 
8.0348752506e-01 1.6833778563e-05 
8.3456355140e-01 1.7177483880e-05 
8.6537019348e-01 1.7633453462e-05 
8.9711904889e-01 1.8227575094e-05 
9.2900668339e-01 1.8956845772e-05 
9.6074161217e-01 1.9822741672e-05 
9.9265220605e-01 2.0847456612e-05 
1.0252290574e+00 2.2073398318e-05 
1.0591828467e+00 2.3572883484e-05 
1.0957049154e+00 2.5472561463e-05 
1.1376482471e+00 2.8058928229e-05 
1.1861240597e+00 3.1621520822e-05 
1.2405091903e+00 3.6367839901e-05 
1.3010818440e+00 4.2575586198e-05 
1.3686220782e+00 5.0597350879e-05 
1.4437520470e+00 6.0803560297e-05 
1.5257643555e+00 7.3372362987e-05 
1.6127069642e+00 8.8174352477e-05 
1.7026523605e+00 1.0490924498e-04 
1.7937792132e+00 1.2314352859e-04 
1.8899765436e+00 1.4356805247e-04 
1.9946358385e+00 1.6690142855e-04 
2.1105791654e+00 1.9385647212e-04 
2.2307646320e+00 2.2283046235e-04 
2.3354654184e+00 2.4861211930e-04 
2.4268012874e+00 2.7110917364e-04 
2.5169931978e+00 2.9295846136e-04 
2.6143612436e+00 3.1586572318e-04 
2.7206525747e+00 3.3992682463e-04 
2.8373578849e+00 3.6518075636e-04 
2.9674993532e+00 3.9194033772e-04 
3.0000000000e+00 3.9840199600e-04 
3.0000000000e+00 4.0356984545e-04 
3.0000000000e+00 4.0941360110e-04 
3.0000000000e+00 4.1517581846e-04 
3.0000000000e+00 4.1999495548e-04 
3.0000000000e+00 4.2271767146e-04 
3.0000000000e+00 4.2358095193e-04 
3.0000000000e+00 4.2354274212e-04 
2.9664117310e+00 4.1943328283e-04 
2.9261058082e+00 4.1207743758e-04 
2.8883985449e+00 4.0404944578e-04 
2.8431498289e+00 3.9396625918e-04 
2.7888513698e+00 3.8163070130e-04 
2.7236932188e+00 3.6653312837e-04 
2.6455034376e+00 3.4793447396e-04 
2.5516757002e+00 3.2489916921e-04 
2.4390824153e+00 2.9630458115e-04 
2.3039704735e+00 2.6105622506e-04 
2.1418361433e+00 2.1890495027e-04 
1.9733871501e+00 1.7712082463e-04 
1.8145187023e+00 1.4022515007e-04 
1.7500797715e+00 1.2601947780e-04 
1.7242973723e+00 1.2047437940e-04 
1.7005970382e+00 1.1545275854e-04 
1.6721566372e+00 1.0952822029e-04 
1.6387101446e+00 1.0271104532e-04 
1.6086250873e+00 9.6726333524e-05 
1.5814716365e+00 9.1451930753e-05 
1.5534739858e+00 8.6147192659e-05 
1.5234747953e+00 8.0622313314e-05 
1.4928362188e+00 7.5159245173e-05 
1.4623955784e+00 6.9921394968e-05 
1.4319987209e+00 6.4890737531e-05 
1.4014054086e+00 6.0040070107e-05 
1.3706352117e+00 5.5387840405e-05 
1.3397878343e+00 5.0963756883e-05 
1.3088374839e+00 4.6778399350e-05 
1.2777454882e+00 4.2841931728e-05 
1.2465332285e+00 3.9173093411e-05 
1.2152288717e+00 3.5790814174e-05 
1.1839200801e+00 3.2718010851e-05 
1.1526992744e+00 2.9973222058e-05 
1.1216735692e+00 2.7569420656e-05 
1.0908059345e+00 2.5500477793e-05 
1.0599222584e+00 2.3744158654e-05 
1.0288951634e+00 2.2269663412e-05 
9.9811416450e-01 2.1048941526e-05 
9.6978837012e-01 2.0095283917e-05 
9.4626292003e-01 1.9404957684e-05 
9.2538883642e-01 1.8861083769e-05 
9.0446191401e-01 1.8376417039e-05 
8.8280930096e-01 1.7936011494e-05 
8.6138313301e-01 1.7559247432e-05 
8.4051398104e-01 1.7247204878e-05 
8.1986132210e-01 1.6990515520e-05 
7.9920305991e-01 1.6784669995e-05 
7.7852231268e-01 1.6629029947e-05 
7.5768747235e-01 1.6523180941e-05 
7.3565972628e-01 1.6467669342e-05 
7.0978720504e-01 1.6479141669e-05 
6.7874017956e-01 1.6609433256e-05 
6.4148374898e-01 1.6948705194e-05 
5.9677603229e-01 1.7641993626e-05 
5.4312677226e-01 1.8915397642e-05 
4.7874766022e-01 2.0938279069e-05 
4.0149272577e-01 2.2203553903e-05 
3.1930710363e-01 2.4240090767e-05 
2.3135774868e-01 2.7057745975e-05 
1.5555159683e-01 2.9895147301e-05 
9.8120931598e-02 3.2251000734e-05 
4.9141359630e-02 3.4353322817e-05 
4.4313668805e-03 3.6259774569e-05 
-3.8781029651e-02 3.7950840876e-05 
-8.5072225694e-02 3.9462664053e-05 
-1.4062166094e-01 4.0871610210e-05 
-2.0728098325e-01 4.2185351018e-05 
-2.8727217001e-01 4.3495034250e-05 
-3.8326159412e-01 4.4874583538e-05 
-4.9844890306e-01 4.6327161626e-05 
-6.3667367378e-01 4.7782640173e-05 
-8.0254339865e-01 4.9127764535e-05 
-1.0000000000e+00 5.0241032902e-05 
