EXPORTED XY-GRAPH DATA
359 2 2
V[1]
I[ASPLIT_drain]
0.0000000000e+00 -5.4911728517e-18 
0.0000000000e+00 2.7440679081e-18 
0.0000000000e+00 8.6388295417e-21 
0.0000000000e+00 -1.3754431422e-19 
0.0000000000e+00 -1.1656025132e-19 
0.0000000000e+00 -9.0400945016e-20 
0.0000000000e+00 -7.2852564940e-20 
0.0000000000e+00 6.3148536564e-20 
0.0000000000e+00 -4.1094668044e-21 
0.0000000000e+00 1.9426321023e-21 
0.0000000000e+00 -3.6346713639e-20 
0.0000000000e+00 -3.1493704587e-20 
0.0000000000e+00 1.7816397899e-21 
0.0000000000e+00 1.8790054055e-20 
0.0000000000e+00 9.0693551853e-22 
0.0000000000e+00 8.0845499307e-22 
0.0000000000e+00 -1.1907354277e-20 
0.0000000000e+00 -1.0831645900e-20 
0.0000000000e+00 8.0859846035e-21 
0.0000000000e+00 -6.7704183482e-21 
0.0000000000e+00 2.0867670791e-22 
0.0000000000e+00 1.4639182209e-22 
0.0000000000e+00 -1.4391590441e-22 
0.0000000000e+00 3.4119219888e-21 
0.0000000000e+00 3.6668431972e-22 
0.0000000000e+00 -2.1319920558e-21 
0.0000000000e+00 1.7638565774e-21 
0.0000000000e+00 -1.7296170253e-21 
0.0000000000e+00 1.6483113571e-22 
0.0000000000e+00 -3.0339272529e-23 
0.0000000000e+00 -9.7489228241e-22 
0.0000000000e+00 1.3384335412e-23 
0.0000000000e+00 5.4692503119e-23 
0.0000000000e+00 8.5069856774e-23 
0.0000000000e+00 1.3064686176e-22 
0.0000000000e+00 4.3792625832e-22 
0.0000000000e+00 -2.8925270841e-22 
0.0000000000e+00 -5.6518875949e-23 
0.0000000000e+00 -2.4356218879e-22 
0.0000000000e+00 -3.0454728561e-24 
0.0000000000e+00 -1.4996597716e-22 
0.0000000000e+00 1.4650278178e-22 
0.0000000000e+00 2.5473045130e-22 
0.0000000000e+00 -2.4837483259e-22 
0.0000000000e+00 -9.9639970480e-11 
0.0000000000e+00 -6.5904293268e-11 
0.0000000000e+00 -6.6558295834e-11 
0.0000000000e+00 -6.7436986445e-11 
0.0000000000e+00 -6.8633847012e-11 
0.0000000000e+00 -7.0273847694e-11 
0.0000000000e+00 -7.2505218989e-11 
0.0000000000e+00 -7.4708806817e-11 
0.0000000000e+00 -7.6465737320e-11 
0.0000000000e+00 -7.7953280859e-11 
0.0000000000e+00 -7.9302756337e-11 
0.0000000000e+00 -8.0573139734e-11 
0.0000000000e+00 -8.0757460490e-11 
0.0000000000e+00 2.7643600034e-11 
0.0000000000e+00 -9.8022163466e-12 
0.0000000000e+00 -9.2418389609e-12 
0.0000000000e+00 -8.5802593827e-12 
0.0000000000e+00 -7.8082386652e-12 
0.0000000000e+00 -6.9234467504e-12 
0.0000000000e+00 -5.9350551053e-12 
0.0000000000e+00 -4.8696429134e-12 
0.0000000000e+00 -3.7754565654e-12 
0.0000000000e+00 -2.7210517517e-12 
0.0000000000e+00 -1.7844218247e-12 
0.0000000000e+00 -1.0328676558e-12 
0.0000000000e+00 -5.0127002312e-13 
0.0000000000e+00 -1.8092152414e-13 
0.0000000000e+00 -2.6334529626e-14 
0.0000000000e+00 2.4067918461e-14 
0.0000000000e+00 2.5625282037e-14 
0.0000000000e+00 1.4302257473e-14 
0.0000000000e+00 5.7786989127e-15 
0.0000000000e+00 2.5416002640e-15 
0.0000000000e+00 2.2098598387e-15 
0.0000000000e+00 2.5589230368e-15 
0.0000000000e+00 2.7620767283e-15 
0.0000000000e+00 2.7969640321e-15 
0.0000000000e+00 2.7843013471e-15 
0.0000000000e+00 2.7738244253e-15 
0.0000000000e+00 2.7678696557e-15 
0.0000000000e+00 2.7620130391e-15 
0.0000000000e+00 2.7548238502e-15 
0.0000000000e+00 2.7461288101e-15 
0.0000000000e+00 2.7357473300e-15 
0.0000000000e+00 2.7233787502e-15 
0.0000000000e+00 2.7086588525e-15 
0.0000000000e+00 2.6911679678e-15 
0.0000000000e+00 2.6704242059e-15 
0.0000000000e+00 2.6458784716e-15 
0.0000000000e+00 2.6169348482e-15 
0.0000000000e+00 2.5828595383e-15 
0.0000000000e+00 2.5556199860e-15 
1.7974320706e-01 8.9060444831e-12 
2.5213956686e-01 5.8864205972e-12 
2.8380199457e-01 6.0407916442e-12 
3.1783669130e-01 6.2612188196e-12 
3.5867832737e-01 6.6833105711e-12 
3.8318330901e-01 7.0418805040e-12 
4.1258928698e-01 7.6091408747e-12 
4.4787646054e-01 8.5544211909e-12 
4.6904876468e-01 9.3130001155e-12 
4.8175214717e-01 9.9351638423e-12 
4.9699620614e-01 1.0616010595e-11 
5.0614264153e-01 1.1232245025e-11 
5.1711836400e-01 1.1951606717e-11 
5.3028923096e-01 1.2792220988e-11 
5.3819175113e-01 1.3574725859e-11 
5.4767477534e-01 1.4466212264e-11 
5.5336458987e-01 1.5054012774e-11 
5.6019236730e-01 1.5818062302e-11 
5.6838570022e-01 1.6829354013e-11 
5.7330169997e-01 1.7491310681e-11 
5.7920089967e-01 1.8346805668e-11 
5.8627993931e-01 1.9472083987e-11 
5.9477478688e-01 2.0986248653e-11 
5.9987169542e-01 2.1993031269e-11 
6.0598798567e-01 2.3313312763e-11 
6.1332753397e-01 2.5084310756e-11 
6.1773126295e-01 2.6258942824e-11 
6.2301573772e-01 2.7796507815e-11 
6.2935710746e-01 2.9854060240e-11 
6.3316192929e-01 3.1217681566e-11 
6.3772771550e-01 3.2999821011e-11 
6.4320665895e-01 3.5383051908e-11 
6.4649402502e-01 3.6959287053e-11 
6.5043886430e-01 3.9018913380e-11 
6.5517267144e-01 4.1770785805e-11 
6.5801295572e-01 4.3590134521e-11 
6.6142129686e-01 4.5966084260e-11 
6.6551130623e-01 4.9139118922e-11 
6.6796531185e-01 5.1236151584e-11 
6.7091011859e-01 5.3973947007e-11 
6.7444388669e-01 5.7629189466e-11 
6.7868440840e-01 6.2657677490e-11 
6.8122872143e-01 6.6075004262e-11 
6.8428189706e-01 7.0655444238e-11 
6.8794570782e-01 7.6994088228e-11 
6.9014399427e-01 8.1326413394e-11 
6.9278193802e-01 8.7165521940e-11 
6.9594747052e-01 9.5309665860e-11 
6.9784679002e-01 1.0091639727e-10 
7.0012597341e-01 1.0852779572e-10 
7.0286099349e-01 1.1924953707e-10 
7.0614301758e-01 1.3516838977e-10 
7.1008144649e-01 1.6078361406e-10 
7.1244450384e-01 1.8114275520e-10 
7.1386233825e-01 1.9584908956e-10 
7.1556373954e-01 2.1687766621e-10 
7.1760542108e-01 2.4879622746e-10 
7.1883043001e-01 2.7267836814e-10 
7.2030044073e-01 3.0795053209e-10 
7.2206445358e-01 3.6428215766e-10 
7.2312286130e-01 4.0862999879e-10 
7.2439295055e-01 4.7787214557e-10 
7.2591705766e-01 5.9898134266e-10 
7.2683152193e-01 7.0385631477e-10 
7.2792887904e-01 8.8738424123e-10 
7.2858729332e-01 1.0465751830e-09 
7.2937739044e-01 1.3255533552e-09 
7.3032550699e-01 1.9307008244e-09 
7.3089437692e-01 2.6008217438e-09 
7.3157702084e-01 4.3203112902e-09 
7.3196063380e-01 6.4795660003e-09 
7.3219080158e-01 8.8314943446e-09 
7.3246700291e-01 1.4728570462e-08 
7.3261867208e-01 2.1546525287e-08 
7.3280067508e-01 4.2493824035e-08 
7.3288618659e-01 6.6051080887e-08 
7.3298880040e-01 1.4615429048e-07 
7.3303435268e-01 2.3340466977e-07 
7.3308901541e-01 5.0555135360e-07 
7.3313937896e-01 1.5899782873e-06 
7.3317432323e-01 4.4112312572e-06 
7.3320190059e-01 9.8893351113e-06 
7.3322768949e-01 1.8874128665e-05 
7.3325705633e-01 3.2103758034e-05 
7.3329229654e-01 4.6876536628e-05 
7.3332674275e-01 5.7097833002e-05 
7.3336807821e-01 6.3929342892e-05 
7.3341768076e-01 6.7301641782e-05 
7.3347720382e-01 6.8341986928e-05 
7.3354661939e-01 6.8339694657e-05 
7.3362991808e-01 6.8134388629e-05 
7.3372987651e-01 6.8022029876e-05 
7.3384982662e-01 6.8013615203e-05 
7.3399376675e-01 6.8049529386e-05 
7.3416649492e-01 6.8094890980e-05 
7.3437376871e-01 6.8143893663e-05 
7.3462249726e-01 6.8200445672e-05 
7.3492097152e-01 6.8268192562e-05 
7.3527914064e-01 6.8349709148e-05 
7.3570894358e-01 6.8447664948e-05 
7.3622470710e-01 6.8565336271e-05 
7.3684362334e-01 6.8706719218e-05 
7.3758632281e-01 6.8876638083e-05 
7.3847756219e-01 6.9080915904e-05 
7.3954704944e-01 6.9326590306e-05 
7.4083043413e-01 6.9622180200e-05 
7.4237049577e-01 6.9978011748e-05 
7.4421856974e-01 7.0406639822e-05 
7.4643625849e-01 7.0923354184e-05 
7.4909748500e-01 7.1546824762e-05 
7.5229095681e-01 7.2299930490e-05 
7.5612312299e-01 7.3210819507e-05 
7.6072172240e-01 7.4314289164e-05 
7.6624004169e-01 7.5653553222e-05 
7.7286202483e-01 7.7282719013e-05 
7.8080840461e-01 7.9269928366e-05 
7.9034406034e-01 8.1701816009e-05 
8.0178684722e-01 8.4689597607e-05 
8.1551819148e-01 8.8377616126e-05 
8.3199580459e-01 9.2955635025e-05 
8.5176894031e-01 9.8676036549e-05 
8.7549670319e-01 1.0588286970e-04 
9.0397001863e-01 1.1505237261e-04 
9.3813799717e-01 1.2685644365e-04 
9.7913957142e-01 1.4226453065e-04 
1.0283414605e+00 1.6271184532e-04 
1.0873837274e+00 1.9035732765e-04 
1.1582344477e+00 2.2851206016e-04 
1.2432553121e+00 2.8235102012e-04 
1.3452803493e+00 3.6015636698e-04 
1.4677103940e+00 4.7473180168e-04 
1.6146264476e+00 6.4440625329e-04 
1.7719609830e+00 8.6354440304e-04 
1.9066874563e+00 1.0785647375e-03 
2.0575194644e+00 1.3444237390e-03 
2.1962432275e+00 1.6082287276e-03 
2.3169034164e+00 1.8501237382e-03 
2.4354289673e+00 2.0971494166e-03 
2.5000000000e+00 2.2351362641e-03 
2.5000000000e+00 2.2351608902e-03 
2.5000000000e+00 2.2351528544e-03 
2.5000000000e+00 2.2351525598e-03 
2.5000000000e+00 2.2351525965e-03 
2.4362327121e+00 2.0988933806e-03 
2.3878789753e+00 1.9970558619e-03 
2.3520603998e+00 1.9225247241e-03 
2.3090781092e+00 1.8341561538e-03 
2.2574993605e+00 1.7297460300e-03 
2.1956048621e+00 1.6070102947e-03 
2.1213314640e+00 1.4637270439e-03 
2.0466657305e+00 1.3245503279e-03 
1.9717936417e+00 1.1903935308e-03 
1.8934996088e+00 1.0565568148e-03 
1.8105813493e+00 9.2282288941e-04 
1.7231473948e+00 7.9169527197e-04 
1.6308377984e+00 6.6529962231e-04 
1.5332651117e+00 5.4614632534e-04 
1.4313295362e+00 4.3818971839e-04 
1.3293951836e+00 3.4704687821e-04 
1.2331682792e+00 2.7548422130e-04 
1.1508840190e+00 2.2430105100e-04 
1.0898734211e+00 1.9161897582e-04 
1.0412256583e+00 1.6845971504e-04 
9.9207061371e-01 1.4743915501e-04 
9.3944522923e-01 1.2734138823e-04 
8.8688796499e-01 1.0949620981e-04 
8.3560237538e-01 9.3995193059e-05 
7.8389788785e-01 8.0067082444e-05 
7.3004207510e-01 6.7178798965e-05 
6.7246478573e-01 5.5022367146e-05 
6.0566079763e-01 4.2776459530e-05 
5.2549601192e-01 3.0412799354e-05 
4.2929826906e-01 1.8576122335e-05 
3.7157962334e-01 1.2943507941e-05 
3.0231724848e-01 7.6022751902e-06 
2.8153853602e-01 6.2991383477e-06 
2.5660408107e-01 4.9156875584e-06 
2.2668273513e-01 3.5106503494e-06 
2.0872992757e-01 2.7975155692e-06 
1.8718655850e-01 2.0650789333e-06 
1.7426053705e-01 1.6873560575e-06 
1.5874931131e-01 1.2918400614e-06 
1.4944257587e-01 1.0832663418e-06 
1.3827449334e-01 8.5983338971e-07 
1.2487279431e-01 6.2823423988e-07 
1.1683177489e-01 5.0744780729e-07 
1.0718255158e-01 3.7968091349e-07 
9.5603483617e-02 2.5061676689e-07 
8.1708602058e-02 1.3144674845e-07 
7.7540137590e-02 1.0369340556e-07 
7.5039058909e-02 8.8858796768e-08 
7.2037764492e-02 7.2878178604e-08 
7.0236987842e-02 6.4240814050e-08 
6.8076055862e-02 5.4811870610e-08 
6.6779496674e-02 4.9636707233e-08 
6.5223625648e-02 4.3895611580e-08 
6.3356580417e-02 3.7665453481e-08 
6.2236353279e-02 3.4260441995e-08 
6.0892080713e-02 3.0492601417e-08 
6.0085517173e-02 2.8392845982e-08 
5.9117640925e-02 2.6027186941e-08 
5.7956189428e-02 2.3402352648e-08 
5.7259318530e-02 2.1934960747e-08 
5.6423073452e-02 2.0276385571e-08 
5.5419579358e-02 1.8427557201e-08 
5.4817482902e-02 1.7389156125e-08 
5.4094967155e-02 1.6210376376e-08 
5.3227948258e-02 1.4888785165e-08 
5.2707736920e-02 1.4142409132e-08 
5.2083483314e-02 1.3290972527e-08 
5.1334378987e-02 1.2330346283e-08 
5.0884916391e-02 1.1784638070e-08 
5.0345561276e-02 1.1158945579e-08 
4.9698335137e-02 1.0448482650e-08 
4.8921663771e-02 9.6512885325e-09 
4.8455660951e-02 9.2005736616e-09 
4.7896457568e-02 8.6857850004e-09 
4.7225413508e-02 8.1039070169e-09 
4.6822787071e-02 7.7727306604e-09 
4.6339635348e-02 7.3923337041e-09 
4.5759853280e-02 6.9593563691e-09 
4.5064114798e-02 6.4719356975e-09 
4.4646671709e-02 6.1954921202e-09 
4.4145740002e-02 5.8788598648e-09 
4.3544621954e-02 5.5196587483e-09 
4.2823280296e-02 5.1168683120e-09 
4.2390475301e-02 4.8891922391e-09 
4.1871109308e-02 4.6291208756e-09 
4.1247870115e-02 4.3350184817e-09 
4.0499983084e-02 4.0064431940e-09 
4.0051250866e-02 3.8213054590e-09 
3.9512772204e-02 3.6103600651e-09 
3.8866597809e-02 3.3725155999e-09 
3.8091188535e-02 3.1077016761e-09 
3.7625942971e-02 2.9589278346e-09 
3.7067648294e-02 2.7898101358e-09 
3.6397694682e-02 2.5996422539e-09 
3.5593750347e-02 2.3885735287e-09 
3.4629017145e-02 2.1579355561e-09 
3.4050177224e-02 2.0304682716e-09 
3.3355569319e-02 1.8874843791e-09 
3.2522039832e-02 1.7292214604e-09 
3.1521804449e-02 1.5568191872e-09 
3.0921663218e-02 1.4617827821e-09 
3.0201493742e-02 1.3553893617e-09 
2.9337290371e-02 1.2378896784e-09 
2.8300246325e-02 1.1102079770e-09 
2.7055793470e-02 9.7410067000e-10 
2.6309121757e-02 9.0046705887e-10 
2.5413115701e-02 8.1926371614e-10 
2.4337908435e-02 7.3114896248e-10 
2.3047659715e-02 6.3734551194e-10 
2.1499361251e-02 5.3970340921e-10 
2.0570382172e-02 4.8794286668e-10 
1.9455607278e-02 4.3176728523e-10 
1.8117877405e-02 3.7192286289e-10 
1.6512601558e-02 3.0953981322e-10 
1.4586270541e-02 2.4612208480e-10 
1.2274673320e-02 1.8346683834e-10 
9.5007566557e-03 1.2353937157e-10 
6.1720566583e-03 6.8086999372e-11 
2.1776166614e-03 1.8653829030e-11 
0.0000000000e+00 -2.5390943139e-12 
