EXPORTED XY-GRAPH DATA
363 2 2
V[1]
I[ASPLIT_drain]
0.0000000000e+00 -5.4911728517e-18 
0.0000000000e+00 2.7440679081e-18 
0.0000000000e+00 8.6388295417e-21 
0.0000000000e+00 -1.3754431422e-19 
0.0000000000e+00 -1.1656025132e-19 
0.0000000000e+00 -9.0400945016e-20 
0.0000000000e+00 -7.2852564940e-20 
0.0000000000e+00 6.3148536564e-20 
0.0000000000e+00 -4.1094668044e-21 
0.0000000000e+00 1.9426321023e-21 
0.0000000000e+00 -3.6346713639e-20 
0.0000000000e+00 -3.1493704587e-20 
0.0000000000e+00 1.7816397899e-21 
0.0000000000e+00 1.8790054055e-20 
0.0000000000e+00 9.0693551853e-22 
0.0000000000e+00 8.0845499307e-22 
0.0000000000e+00 -1.1907354277e-20 
0.0000000000e+00 -1.0831645900e-20 
0.0000000000e+00 8.0859846035e-21 
0.0000000000e+00 -6.7704183482e-21 
0.0000000000e+00 2.0867670791e-22 
0.0000000000e+00 1.4639182209e-22 
0.0000000000e+00 -1.4391590441e-22 
0.0000000000e+00 3.4119219888e-21 
0.0000000000e+00 3.6668431972e-22 
0.0000000000e+00 -2.1319920558e-21 
0.0000000000e+00 1.7638565774e-21 
0.0000000000e+00 -1.7296170253e-21 
0.0000000000e+00 1.6483113571e-22 
0.0000000000e+00 -3.0339272529e-23 
0.0000000000e+00 -9.7489228241e-22 
0.0000000000e+00 1.3384335412e-23 
0.0000000000e+00 5.4692503119e-23 
0.0000000000e+00 8.5069856774e-23 
0.0000000000e+00 1.3064686176e-22 
0.0000000000e+00 4.3792625832e-22 
0.0000000000e+00 -2.8925270841e-22 
0.0000000000e+00 -5.6518875949e-23 
0.0000000000e+00 -2.4356218879e-22 
0.0000000000e+00 -3.0454728561e-24 
0.0000000000e+00 -1.4996597716e-22 
0.0000000000e+00 1.4650278178e-22 
0.0000000000e+00 2.5473045130e-22 
0.0000000000e+00 -2.4837483259e-22 
0.0000000000e+00 -1.1640278201e-10 
0.0000000000e+00 -7.7240784572e-11 
0.0000000000e+00 -7.8118354214e-11 
0.0000000000e+00 -7.9283365678e-11 
0.0000000000e+00 -8.0855539966e-11 
0.0000000000e+00 -8.2983592471e-11 
0.0000000000e+00 -8.5491585132e-11 
0.0000000000e+00 -8.7633044650e-11 
0.0000000000e+00 -8.9375436432e-11 
0.0000000000e+00 -9.0912551047e-11 
0.0000000000e+00 -9.2329867649e-11 
0.0000000000e+00 -9.3686186424e-11 
0.0000000000e+00 -9.5085613213e-11 
0.0000000000e+00 -9.6676489709e-11 
0.0000000000e+00 -9.7233259685e-11 
0.0000000000e+00 2.9397690528e-11 
0.0000000000e+00 -1.3539026049e-11 
0.0000000000e+00 -1.2310746091e-11 
0.0000000000e+00 -1.0837967536e-11 
0.0000000000e+00 -9.1255584136e-12 
0.0000000000e+00 -7.2323289255e-12 
0.0000000000e+00 -5.2841105276e-12 
0.0000000000e+00 -3.4643604269e-12 
0.0000000000e+00 -1.9631409779e-12 
0.0000000000e+00 -9.0195651582e-13 
0.0000000000e+00 -2.8465613578e-13 
0.0000000000e+00 -1.1659862937e-14 
0.0000000000e+00 5.7954870900e-14 
0.0000000000e+00 4.4289206634e-14 
0.0000000000e+00 1.7405143004e-14 
0.0000000000e+00 1.9141752894e-15 
0.0000000000e+00 -2.4409614108e-15 
0.0000000000e+00 -2.1745700149e-15 
0.0000000000e+00 -1.3907070069e-15 
0.0000000000e+00 -1.0978537622e-15 
0.0000000000e+00 -1.0850483244e-15 
0.0000000000e+00 -1.1160948623e-15 
0.0000000000e+00 -1.1329057874e-15 
0.0000000000e+00 -1.1432765963e-15 
0.0000000000e+00 -1.1547938656e-15 
0.0000000000e+00 -1.1687795787e-15 
0.0000000000e+00 -1.1852262118e-15 
0.0000000000e+00 -1.2043226504e-15 
0.0000000000e+00 -1.2263557696e-15 
0.0000000000e+00 -1.2515900659e-15 
0.0000000000e+00 -1.2802305416e-15 
0.0000000000e+00 -1.3123880231e-15 
0.0000000000e+00 -1.3480326559e-15 
0.0000000000e+00 -1.3869398285e-15 
0.0000000000e+00 -1.4286322265e-15 
0.0000000000e+00 -1.4347700596e-15 
5.0363603677e-02 1.0294302737e-11 
1.0090955776e-01 7.8603808970e-12 
1.2971235427e-01 8.3087090615e-12 
1.4699403217e-01 8.7033625440e-12 
1.6773204566e-01 9.2211076171e-12 
1.9261766184e-01 9.9196558745e-12 
2.0754903155e-01 1.0516619189e-11 
2.2546667520e-01 1.1203140134e-11 
2.3621726139e-01 1.1793018983e-11 
2.4911796482e-01 1.2504174140e-11 
2.6459880893e-01 1.3365157373e-11 
2.7388731540e-01 1.4121556874e-11 
2.8503352316e-01 1.5014351743e-11 
2.9840897248e-01 1.6066505332e-11 
3.0643424207e-01 1.7013355030e-11 
3.1606456557e-01 1.8111544883e-11 
3.2762095378e-01 1.9608029949e-11 
3.3455478671e-01 2.0616475856e-11 
3.4287538622e-01 2.1954717188e-11 
3.5286010563e-01 2.3776861175e-11 
3.5885093728e-01 2.5001686896e-11 
3.6603993525e-01 2.6624101340e-11 
3.7466673282e-01 2.8830596363e-11 
3.7984281137e-01 3.0310647944e-11 
3.8605410562e-01 3.2271109701e-11 
3.9350765872e-01 3.4935380532e-11 
3.9797979058e-01 3.6724303142e-11 
4.0334634882e-01 3.9093710075e-11 
4.0978621870e-01 4.2315931694e-11 
4.1365014062e-01 4.4481636978e-11 
4.1828684694e-01 4.7353101440e-11 
4.2106887073e-01 4.9237756440e-11 
4.2440729927e-01 5.1683015178e-11 
4.2841341353e-01 5.4919667316e-11 
4.3322075063e-01 5.9318441081e-11 
4.3610515290e-01 6.2273115931e-11 
4.3956643561e-01 6.6189021276e-11 
4.4371997487e-01 7.1522432397e-11 
4.4870422198e-01 7.9061235395e-11 
4.5169477025e-01 8.4318977089e-11 
4.5528342817e-01 9.1543903752e-11 
4.5743662292e-01 9.6449969262e-11 
4.6002045663e-01 1.0302085372e-10 
4.6312105707e-01 1.1210122703e-10 
4.6684177760e-01 1.2520402166e-10 
4.6907420992e-01 1.3452665543e-10 
4.7175312870e-01 1.4759530891e-10 
4.7496783124e-01 1.6686197568e-10 
4.7882547429e-01 1.9748155730e-10 
4.8114006012e-01 2.2149764878e-10 
4.8252881162e-01 2.3869720083e-10 
4.8419531341e-01 2.6300958450e-10 
4.8519521449e-01 2.7997468666e-10 
4.8639509578e-01 3.0330365805e-10 
4.8783495334e-01 3.3675086139e-10 
4.8869886787e-01 3.6038958145e-10 
4.8973556530e-01 3.9329301586e-10 
4.9097960223e-01 4.4128608189e-10 
4.9247244654e-01 5.1624312579e-10 
4.9336815313e-01 5.7387657927e-10 
4.9444300103e-01 6.6146722583e-10 
4.9573281851e-01 8.0756873214e-10 
4.9650670900e-01 9.2779590593e-10 
4.9743537759e-01 1.1250309984e-09 
4.9854977990e-01 1.4998411908e-09 
4.9921842128e-01 1.8546174953e-09 
4.9961960611e-01 2.1460859531e-09 
5.0010102791e-01 2.6242098832e-09 
5.0067873406e-01 3.5283269635e-09 
5.0102535776e-01 4.3720181504e-09 
5.0144130619e-01 5.9774205074e-09 
5.0169087525e-01 7.4834340233e-09 
5.0199035812e-01 1.0360273750e-08 
5.0217004784e-01 1.3060591263e-08 
5.0238567551e-01 1.8208117422e-08 
5.0264442871e-01 3.1056973060e-08 
5.0277761545e-01 4.3950871319e-08 
5.0293743954e-01 7.5273955833e-08 
5.0311628332e-01 2.0288637705e-07 
5.0324668441e-01 8.0029983392e-07 
5.0333543197e-01 2.7888954747e-06 
5.0340000561e-01 6.4015271166e-06 
5.0346164182e-01 1.1706229956e-05 
5.0353475075e-01 1.8231705766e-05 
5.0360629117e-01 2.2955616152e-05 
5.0368603416e-01 2.5906329291e-05 
5.0378172576e-01 2.7358869586e-05 
5.0389655567e-01 2.7796812153e-05 
5.0402952629e-01 2.7793705354e-05 
5.0418909104e-01 2.7716364072e-05 
5.0438056874e-01 2.7686070919e-05 
5.0461034198e-01 2.7703076148e-05 
5.0488606986e-01 2.7741368932e-05 
5.0521694332e-01 2.7787541575e-05 
5.0561399148e-01 2.7840656654e-05 
5.0609044926e-01 2.7903607624e-05 
5.0666219861e-01 2.7979224111e-05 
5.0734829782e-01 2.8070179674e-05 
5.0817161687e-01 2.8179558461e-05 
5.0915959974e-01 2.8311122579e-05 
5.1034517917e-01 2.8469445348e-05 
5.1176787450e-01 2.8660076699e-05 
5.1347510889e-01 2.8889763403e-05 
5.1552379015e-01 2.9166728039e-05 
5.1798220767e-01 2.9501020137e-05 
5.2093230870e-01 2.9904964833e-05 
5.2447242993e-01 3.0393736001e-05 
5.2872057540e-01 3.0986099817e-05 
5.3381834998e-01 3.1705386322e-05 
5.3993567946e-01 3.2580740188e-05 
5.4727647484e-01 3.3648838901e-05 
5.5608542930e-01 3.4956314743e-05 
5.6665617465e-01 3.6562868390e-05 
5.7934106907e-01 3.8545717795e-05 
5.9456294237e-01 4.1005838456e-05 
6.1282919034e-01 4.4077100922e-05 
6.3474868790e-01 4.7939717434e-05 
6.6105208497e-01 5.2840484087e-05 
6.9261616145e-01 5.9122793905e-05 
7.3049305323e-01 6.7277589392e-05 
7.7594532336e-01 7.8026324113e-05 
8.3048804753e-01 9.2459001182e-05 
8.9593931652e-01 1.1227116493e-04 
9.7448083931e-01 1.4021529025e-04 
1.0687306667e+00 1.8087431251e-04 
1.1818304595e+00 2.4203295783e-04 
1.3175502109e+00 3.3695149858e-04 
1.4804139125e+00 4.8705532402e-04 
1.6678095938e+00 7.1229373630e-04 
1.8171806894e+00 9.3018084753e-04 
1.9430697303e+00 1.1371146373e-03 
2.0941365792e+00 1.4089671988e-03 
2.2305075809e+00 1.6725011271e-03 
2.3539169331e+00 1.9231124350e-03 
2.4807375267e+00 2.1905325627e-03 
2.5000000000e+00 2.2319339870e-03 
2.5000000000e+00 2.2319539373e-03 
2.5000000000e+00 2.2319480402e-03 
2.5000000000e+00 2.2319474732e-03 
2.5000000000e+00 2.2319475060e-03 
2.5000000000e+00 2.2319475170e-03 
2.5000000000e+00 2.2319475170e-03 
2.5000000000e+00 2.2319475169e-03 
2.4680803536e+00 2.1634693156e-03 
2.4297767779e+00 2.0819931184e-03 
2.3952508389e+00 2.0092725440e-03 
2.3538197122e+00 1.9229417614e-03 
2.3041023602e+00 1.8207457442e-03 
2.2444415377e+00 1.7002980818e-03 
2.1728485508e+00 1.5592456852e-03 
2.0869369664e+00 1.3955418038e-03 
1.9946412837e+00 1.2273159395e-03 
1.9017391336e+00 1.0670818253e-03 
1.8054436384e+00 9.1196858164e-04 
1.7031748720e+00 7.6099291464e-04 
1.5975174254e+00 6.2130839934e-04 
1.4926152445e+00 5.0002568178e-04 
1.3958888685e+00 4.0396296819e-04 
1.3149312903e+00 3.3488973218e-04 
1.2544842570e+00 2.8968528398e-04 
1.2036293486e+00 2.5560886527e-04 
1.1515225229e+00 2.2419113048e-04 
1.0969832198e+00 1.9480665504e-04 
1.0431926572e+00 1.6902730427e-04 
9.9046424625e-01 1.4654267544e-04 
9.3692274326e-01 1.2625493227e-04 
8.8099273376e-01 1.0750252848e-04 
8.2082895451e-01 8.9787679164e-05 
7.4863241941e-01 7.1450954515e-05 
6.6199657730e-01 5.3037284138e-05 
5.5803356676e-01 3.5265666471e-05 
4.3327795411e-01 1.9186995598e-05 
3.6261205996e-01 1.2370398103e-05 
3.2021252347e-01 9.0468017187e-06 
2.9477280158e-01 7.3253256629e-06 
2.6424513531e-01 5.5266856900e-06 
2.4592853554e-01 4.5852546018e-06 
2.2394861583e-01 3.5887449740e-06 
1.9757271217e-01 2.5783435856e-06 
1.8174716997e-01 2.0648160728e-06 
1.6275651934e-01 1.5348316605e-06 
1.5136212896e-01 1.2594037630e-06 
1.3768886050e-01 9.6821071551e-07 
1.2128093835e-01 6.7151244825e-07 
1.1143618507e-01 5.1943465590e-07 
9.9622481119e-02 3.6143013440e-07 
8.5446036383e-02 2.0737893369e-07 
7.6940169542e-02 1.3501283121e-07 
7.1836649437e-02 9.9434561910e-08 
6.8774537374e-02 8.1033951808e-08 
6.6937270136e-02 7.1072177381e-08 
6.4732549451e-02 6.0198332465e-08 
6.3409717040e-02 5.4235204809e-08 
6.1822318146e-02 4.7630158930e-08 
6.0869878810e-02 4.3950497128e-08 
5.9726951607e-02 3.9810890646e-08 
5.8355438963e-02 3.5232490123e-08 
5.7532531377e-02 3.2683140338e-08 
5.6545042273e-02 2.9814237290e-08 
5.5360055349e-02 2.6637321680e-08 
5.4649063194e-02 2.4865189592e-08 
5.3795872609e-02 2.2866694623e-08 
5.2772043906e-02 2.0646216759e-08 
5.2157746684e-02 1.9403159731e-08 
5.1420590018e-02 1.7996375835e-08 
5.0536002019e-02 1.6425643559e-08 
5.0005249220e-02 1.5542068662e-08 
4.9368345861e-02 1.4537686050e-08 
4.8604061829e-02 1.3409684179e-08 
4.8145491411e-02 1.2771633115e-08 
4.7595206908e-02 1.2042786245e-08 
4.6934865505e-02 1.1219080080e-08 
4.6538660663e-02 1.0750439496e-08 
4.6063214853e-02 1.0212414885e-08 
4.5492679881e-02 9.6005203139e-09 
4.4808037915e-02 8.9125653451e-09 
4.4397252735e-02 8.5229192223e-09 
4.3904310519e-02 8.0772084994e-09 
4.3312779860e-02 7.5724660711e-09 
4.2957861464e-02 7.2847081823e-09 
4.2531959390e-02 6.9537139410e-09 
4.2020876900e-02 6.5763038263e-09 
4.1407577913e-02 6.1505033010e-09 
4.1039598520e-02 5.9085316887e-09 
4.0598023249e-02 5.6309171700e-09 
4.0068132924e-02 5.3153183584e-09 
3.9432264534e-02 4.9604859825e-09 
3.9050743500e-02 4.7594378246e-09 
3.8592918259e-02 4.5293123139e-09 
3.8043527970e-02 4.2684001559e-09 
3.7384259623e-02 3.9759476381e-09 
3.6988698615e-02 3.8106692444e-09 
3.6514025405e-02 3.6218633698e-09 
3.5944417554e-02 3.4082814844e-09 
3.5260888132e-02 3.1694852107e-09 
3.4850770478e-02 3.0348118777e-09 
3.4358629294e-02 2.8812129357e-09 
3.3768059874e-02 2.7077640975e-09 
3.3059376569e-02 2.5142108908e-09 
3.2634166586e-02 2.4052215739e-09 
3.2123914607e-02 2.2810581014e-09 
3.1511612231e-02 2.1410212030e-09 
3.0776849381e-02 1.9849540878e-09 
2.9895133960e-02 1.8134506888e-09 
2.9366104708e-02 1.7181423128e-09 
2.8731269605e-02 1.6106956529e-09 
2.7969467482e-02 1.4909788099e-09 
2.7055304934e-02 1.3594218569e-09 
2.6506807405e-02 1.2862981816e-09 
2.5848610371e-02 1.2038362878e-09 
2.5058773929e-02 1.1119088052e-09 
2.4110970200e-02 1.0108058618e-09 
2.2973605724e-02 9.0134553267e-10 
2.2291187039e-02 8.4126380209e-10 
2.1472284616e-02 7.7417122095e-10 
2.0489601709e-02 7.0021404134e-10 
1.9310382221e-02 6.1990992041e-10 
1.7895318835e-02 5.3421320875e-10 
1.7046280803e-02 4.8773638149e-10 
1.6027435165e-02 4.3631449705e-10 
1.4804820400e-02 3.8023957136e-10 
1.3337682681e-02 3.2004613207e-10 
1.1577117419e-02 2.5665687912e-10 
9.4644391040e-03 1.9128572755e-10 
6.9292251262e-03 1.2542742038e-10 
3.8869683528e-03 6.0762394342e-11 
2.3626022479e-04 -1.0471546742e-12 
0.0000000000e+00 -4.5616309997e-12 
