EXPORTED XY-GRAPH DATA
336 2 2
V[1]
I[ASPLIT_drain]
0.0000000000e+00 -5.4911728517e-18 
0.0000000000e+00 2.7440679081e-18 
0.0000000000e+00 8.6388295417e-21 
0.0000000000e+00 -1.3754431422e-19 
0.0000000000e+00 -1.1656025132e-19 
0.0000000000e+00 -9.0400945016e-20 
0.0000000000e+00 -7.2852564940e-20 
0.0000000000e+00 6.3148536564e-20 
0.0000000000e+00 -4.1094668044e-21 
0.0000000000e+00 1.9426321023e-21 
0.0000000000e+00 -3.6346713639e-20 
0.0000000000e+00 -3.1493704587e-20 
0.0000000000e+00 1.7816397899e-21 
0.0000000000e+00 1.8790054055e-20 
0.0000000000e+00 9.0693551853e-22 
0.0000000000e+00 8.0845499307e-22 
0.0000000000e+00 -1.1907354277e-20 
0.0000000000e+00 -1.0831645900e-20 
0.0000000000e+00 8.0859846035e-21 
0.0000000000e+00 -6.7704183482e-21 
0.0000000000e+00 2.0867670791e-22 
0.0000000000e+00 1.4639182209e-22 
0.0000000000e+00 -1.4391590441e-22 
0.0000000000e+00 3.4119219888e-21 
0.0000000000e+00 3.6668431972e-22 
0.0000000000e+00 -2.1319920558e-21 
0.0000000000e+00 1.7638565774e-21 
0.0000000000e+00 -1.7296170253e-21 
0.0000000000e+00 1.6483113571e-22 
0.0000000000e+00 -3.0339272529e-23 
0.0000000000e+00 -9.7489228241e-22 
0.0000000000e+00 1.3384335412e-23 
0.0000000000e+00 5.4692503119e-23 
0.0000000000e+00 8.5069856774e-23 
0.0000000000e+00 1.3064686176e-22 
0.0000000000e+00 4.3792625832e-22 
0.0000000000e+00 -2.8925270841e-22 
0.0000000000e+00 -5.6518875949e-23 
0.0000000000e+00 -2.4356218879e-22 
0.0000000000e+00 -3.0454728561e-24 
0.0000000000e+00 -1.4996597716e-22 
0.0000000000e+00 1.4650278178e-22 
0.0000000000e+00 2.5473045130e-22 
0.0000000000e+00 -2.4837483259e-22 
0.0000000000e+00 -8.2924849213e-11 
0.0000000000e+00 -5.4669027511e-11 
0.0000000000e+00 -5.5145155768e-11 
0.0000000000e+00 -5.5796002496e-11 
0.0000000000e+00 -5.6692250872e-11 
0.0000000000e+00 -5.7937294490e-11 
0.0000000000e+00 -5.9658295385e-11 
0.0000000000e+00 -6.1686398520e-11 
0.0000000000e+00 -6.3420422181e-11 
0.0000000000e+00 -6.4466054046e-11 
0.0000000000e+00 2.3999185603e-11 
0.0000000000e+00 -3.6978825784e-12 
0.0000000000e+00 -2.7461425467e-12 
0.0000000000e+00 -1.8727943945e-12 
0.0000000000e+00 -1.1436474004e-12 
0.0000000000e+00 -6.0094534243e-13 
0.0000000000e+00 -2.5085508195e-13 
0.0000000000e+00 -6.3990592881e-14 
0.0000000000e+00 1.0324091543e-14 
0.0000000000e+00 2.4276576280e-14 
0.0000000000e+00 1.6539084522e-14 
0.0000000000e+00 7.4270623851e-15 
0.0000000000e+00 2.8771694304e-15 
0.0000000000e+00 1.8418841274e-15 
0.0000000000e+00 2.0521115541e-15 
0.0000000000e+00 2.3070403774e-15 
0.0000000000e+00 2.3856330681e-15 
0.0000000000e+00 2.3843827451e-15 
0.0000000000e+00 2.3752068253e-15 
0.0000000000e+00 2.3715659624e-15 
0.0000000000e+00 2.3698446716e-15 
0.0000000000e+00 2.3678360583e-15 
0.0000000000e+00 2.3652725209e-15 
0.0000000000e+00 2.3621742180e-15 
0.0000000000e+00 2.3584692575e-15 
0.0000000000e+00 2.3540389443e-15 
0.0000000000e+00 2.3487428382e-15 
0.0000000000e+00 2.3424164552e-15 
0.0000000000e+00 2.3348661912e-15 
0.0000000000e+00 2.3258649735e-15 
0.0000000000e+00 2.3151477089e-15 
0.0000000000e+00 2.3024067207e-15 
0.0000000000e+00 2.2917455327e-15 
1.8547248797e-01 8.3221825880e-12 
2.6328534952e-01 5.1826924416e-12 
2.9936070603e-01 5.1645599661e-12 
3.3869225989e-01 5.1632870236e-12 
3.8589012453e-01 5.1897435567e-12 
4.4252756209e-01 5.2753834590e-12 
5.0771951476e-01 5.4941992353e-12 
5.7063591368e-01 5.8784489392e-12 
6.0250672681e-01 6.1614769489e-12 
6.4075170257e-01 6.5964434736e-12 
6.6369868803e-01 6.9162298919e-12 
6.9123507057e-01 7.3681387896e-12 
7.0775690010e-01 7.7360764670e-12 
7.2758309553e-01 8.1729950985e-12 
7.3947881279e-01 8.4698770193e-12 
7.5375367351e-01 8.8549344840e-12 
7.7088350636e-01 9.3682523862e-12 
7.8116140607e-01 9.7086079994e-12 
7.9349488573e-01 1.0150107583e-11 
8.0829506132e-01 1.0735264855e-11 
8.1717516667e-01 1.1120083635e-11 
8.2783129309e-01 1.1618377438e-11 
8.4061864480e-01 1.2277425150e-11 
8.4829105582e-01 1.2708654158e-11 
8.5749794905e-01 1.3267036036e-11 
8.6854622092e-01 1.4004381020e-11 
8.7517518405e-01 1.4486613407e-11 
8.8312993980e-01 1.5110537467e-11 
8.9267564670e-01 1.5933996123e-11 
9.0413049498e-01 1.7047464873e-11 
9.1100340394e-01 1.7797632817e-11 
9.1925089471e-01 1.8788646721e-11 
9.2914788362e-01 2.0135558942e-11 
9.3508607697e-01 2.1047627812e-11 
9.4221190899e-01 2.2258027381e-11 
9.5076290741e-01 2.3916376153e-11 
9.5589350646e-01 2.5041883568e-11 
9.6205022532e-01 2.6546278513e-11 
9.6943828796e-01 2.8623627707e-11 
9.7387112554e-01 3.0041023670e-11 
9.7919053064e-01 3.1948502939e-11 
9.8557381676e-01 3.4604374639e-11 
9.9323376010e-01 3.8481643899e-11 
9.9782972610e-01 4.1274944355e-11 
1.0033448853e+00 4.5238136074e-11 
1.0099630764e+00 5.1194550341e-11 
1.0139339910e+00 5.5607259107e-11 
1.0186990885e+00 6.2054554016e-11 
1.0244172056e+00 7.2181135335e-11 
1.0278480758e+00 8.0021923905e-11 
1.0319651201e+00 9.2035732434e-11 
1.0369055733e+00 1.1240831187e-10 
1.0398698452e+00 1.2949682253e-10 
1.0434269714e+00 1.5827097344e-10 
1.0455612472e+00 1.8227516782e-10 
1.0481223781e+00 2.2245431686e-10 
1.0511957352e+00 3.0246790868e-10 
1.0530397494e+00 3.8321483848e-10 
1.0552525665e+00 5.6165875131e-10 
1.0565802568e+00 7.6927665714e-10 
1.0573768710e+00 9.7572401418e-10 
1.0583328079e+00 1.4269522055e-09 
1.0589063701e+00 1.9440568146e-09 
1.0595946448e+00 3.4254054202e-09 
1.0599538154e+00 5.4347158907e-09 
1.0601679871e+00 7.9577155569e-09 
1.0604249932e+00 1.7566864464e-08 
1.0605313370e+00 2.9691760802e-08 
1.0605914086e+00 4.3731269585e-08 
1.0606634946e+00 8.6657196019e-08 
1.0606967615e+00 1.3254033300e-07 
1.0607366818e+00 2.7174911263e-07 
1.0607742948e+00 1.0018876115e-06 
1.0607988492e+00 4.8009898176e-06 
1.0608150198e+00 1.4633225472e-05 
1.0608280228e+00 3.1824441435e-05 
1.0608408934e+00 5.7366856957e-05 
1.0608563382e+00 9.1878259085e-05 
1.0608732063e+00 1.2467416700e-04 
1.0608916577e+00 1.4973771828e-04 
1.0609137995e+00 1.6650849139e-04 
1.0609403695e+00 1.7491524724e-04 
1.0609722536e+00 1.7758681592e-04 
1.0610100973e+00 1.7762167461e-04 
1.0610555097e+00 1.7708566896e-04 
1.0611100046e+00 1.7676064472e-04 
1.0611753985e+00 1.7669487320e-04 
1.0612538712e+00 1.7673999120e-04 
1.0613480384e+00 1.7680233335e-04 
1.0614610390e+00 1.7686240845e-04 
1.0615966398e+00 1.7692734732e-04 
1.0617593608e+00 1.7700404865e-04 
1.0619546259e+00 1.7709609647e-04 
1.0621889440e+00 1.7720650707e-04 
1.0624701258e+00 1.7733897942e-04 
1.0628075439e+00 1.7749803077e-04 
1.0632124457e+00 1.7768906105e-04 
1.0636983278e+00 1.7791853793e-04 
1.0642813863e+00 1.7819424367e-04 
1.0649810565e+00 1.7852555963e-04 
1.0658206608e+00 1.7892381705e-04 
1.0668281859e+00 1.7940270417e-04 
1.0680372161e+00 1.7997877629e-04 
1.0694880523e+00 1.8067209984e-04 
1.0712290557e+00 1.8150703893e-04 
1.0733182598e+00 1.8251323178e-04 
1.0758253047e+00 1.8372682866e-04 
1.0788337586e+00 1.8519206417e-04 
1.0824439033e+00 1.8696325837e-04 
1.0867760770e+00 1.8910743068e-04 
1.0919746853e+00 1.9170770216e-04 
1.0982130154e+00 1.9486776656e-04 
1.1056990114e+00 1.9871758525e-04 
1.1146822067e+00 2.0342169861e-04 
1.1254620410e+00 2.0919023371e-04 
1.1383978421e+00 2.1629395733e-04 
1.1539208035e+00 2.2508577466e-04 
1.1725483572e+00 2.3603146173e-04 
1.1949014216e+00 2.4975418780e-04 
1.2217250989e+00 2.6709941724e-04 
1.2539135117e+00 2.8922447364e-04 
1.2925396070e+00 3.1773698995e-04 
1.3388909213e+00 3.5489882219e-04 
1.3945124986e+00 4.0389272215e-04 
1.4612583913e+00 4.6921463596e-04 
1.5413534625e+00 5.5715237898e-04 
1.6374675479e+00 6.7628379872e-04 
1.7528044505e+00 8.3787287058e-04 
1.8912087336e+00 1.0560355559e-03 
2.0342456720e+00 1.3054065451e-03 
2.1608192417e+00 1.5429752374e-03 
2.2756144324e+00 1.7698812926e-03 
2.3900407274e+00 2.0052230104e-03 
2.5000000000e+00 2.2387038704e-03 
2.5000000000e+00 2.2387437285e-03 
2.5000000000e+00 2.2387320168e-03 
2.5000000000e+00 2.2387313869e-03 
2.4381112258e+00 2.1065420063e-03 
2.3897059387e+00 2.0045709349e-03 
2.3544783256e+00 1.9312363123e-03 
2.3122051899e+00 1.8442588882e-03 
2.2614774270e+00 1.7414491320e-03 
2.2006041116e+00 1.6205183902e-03 
2.1308824812e+00 1.4855454596e-03 
2.0646861862e+00 1.3612436726e-03 
2.0011985656e+00 1.2458946644e-03 
1.9367663295e+00 1.1330654767e-03 
1.8701762548e+00 1.0213518800e-03 
1.8015042063e+00 9.1182190471e-04 
1.7296892658e+00 8.0397702867e-04 
1.6532621669e+00 6.9728311435e-04 
1.5720480401e+00 5.9364475094e-04 
1.4860261273e+00 4.9533269827e-04 
1.3946836190e+00 4.0408665075e-04 
1.2979270524e+00 3.2191812626e-04 
1.1974081526e+00 2.5135552007e-04 
1.0984131224e+00 1.9498660238e-04 
1.0096775303e+00 1.5387731121e-04 
9.3995624233e-01 1.2683386917e-04 
8.8979126200e-01 1.0984079612e-04 
8.4354221107e-01 9.5787885640e-05 
7.9312463877e-01 8.2043131305e-05 
7.4082714203e-01 6.9340938863e-05 
6.8984827259e-01 5.8318311882e-05 
6.3945070169e-01 4.8600991040e-05 
5.8759102210e-01 3.9706835273e-05 
5.3282663668e-01 3.1406656099e-05 
4.7198469489e-01 2.3380500988e-05 
3.9897436475e-01 1.5364940363e-05 
3.5516816667e-01 1.1394315194e-05 
3.0260072896e-01 7.4552255106e-06 
2.7106026634e-01 5.5228938715e-06 
2.5213598877e-01 4.5174691258e-06 
2.2942685568e-01 3.4610619731e-06 
2.0217589598e-01 2.4039947661e-06 
1.8582532016e-01 1.8758433559e-06 
1.6620462917e-01 1.3414544218e-06 
1.5443221458e-01 1.0700790863e-06 
1.4030531707e-01 7.9011513988e-07 
1.3182917856e-01 6.4482795224e-07 
1.2165781235e-01 4.9175852070e-07 
1.0945217290e-01 3.3739052572e-07 
9.4805405565e-02 1.9300149504e-07 
8.6017345161e-02 1.2766014760e-07 
8.0744508919e-02 9.6096784982e-08 
7.7580807174e-02 7.9869737805e-08 
7.3784365080e-02 6.3029215707e-08 
7.1506499823e-02 5.4253853921e-08 
6.8773061515e-02 4.4981816638e-08 
6.7132998531e-02 4.0045284833e-08 
6.5164922949e-02 3.4709148511e-08 
6.3984077600e-02 3.1799738969e-08 
6.2567063181e-02 2.8582957729e-08 
6.0866645879e-02 2.5096638742e-08 
5.9846395497e-02 2.3188826338e-08 
5.8622095039e-02 2.1070790698e-08 
5.7152934490e-02 1.8761018495e-08 
5.6271438160e-02 1.7488917318e-08 
5.5213642564e-02 1.6068028510e-08 
5.3944287850e-02 1.4505721480e-08 
5.3182675021e-02 1.3638436451e-08 
5.2268739626e-02 1.2662857931e-08 
5.1172017153e-02 1.1580422203e-08 
5.0513983669e-02 1.0974444025e-08 
4.9724343488e-02 1.0287836250e-08 
4.8776775271e-02 9.5190799468e-09 
4.8208234340e-02 9.0851436152e-09 
4.7525985224e-02 8.5900313716e-09 
4.6707286285e-02 8.0309042994e-09 
4.5724847557e-02 7.4072762728e-09 
4.5135384321e-02 7.0564020017e-09 
4.4428028437e-02 6.6570839389e-09 
4.3579201376e-02 6.2074638507e-09 
4.2560608904e-02 5.7076576077e-09 
4.1949453420e-02 5.4272426072e-09 
4.1216066840e-02 5.1088133497e-09 
4.0336002943e-02 4.7511717353e-09 
3.9807964605e-02 4.5486711182e-09 
3.9174318600e-02 4.3169718027e-09 
3.8413943393e-02 4.0543542923e-09 
3.7501493146e-02 3.7600342719e-09 
3.6954022997e-02 3.5936912639e-09 
3.6297058819e-02 3.4036369934e-09 
3.5508701805e-02 3.1885784980e-09 
3.4562673388e-02 2.9480139194e-09 
3.3995056338e-02 2.8122682672e-09 
3.3313915877e-02 2.6573663604e-09 
3.2496547325e-02 2.4823384291e-09 
3.1515705063e-02 2.2868761705e-09 
3.0927199705e-02 2.1767342974e-09 
3.0220993276e-02 2.0511861164e-09 
2.9373545561e-02 1.9095014290e-09 
2.8356608303e-02 1.7514978336e-09 
2.7136283594e-02 1.5777644354e-09 
2.6404088768e-02 1.4811767153e-09 
2.5525454977e-02 1.3722684722e-09 
2.4471094428e-02 1.2509314886e-09 
2.3205861769e-02 1.1176553592e-09 
2.1687582579e-02 9.7370372221e-10 
2.0776615064e-02 8.9490186303e-10 
1.9683454047e-02 8.0714650191e-10 
1.8371660827e-02 7.1080163194e-10 
1.6797508962e-02 6.0679355306e-10 
1.4908526724e-02 4.9672182862e-10 
1.2641748039e-02 3.8291987856e-10 
9.9216136166e-03 2.6844014811e-10 
6.6574523098e-03 1.5691423792e-10 
2.7404587417e-03 5.2286663268e-11 
0.0000000000e+00 -6.0028545476e-12 
