EXPORTED XY-GRAPH DATA
309 2 2
V[1]
I[ASPLIT_drain]
0.0000000000e+00 -5.4911728517e-18 
0.0000000000e+00 2.7440679081e-18 
0.0000000000e+00 8.6388295417e-21 
0.0000000000e+00 -1.3754431422e-19 
0.0000000000e+00 -1.1656025132e-19 
0.0000000000e+00 -9.0400945016e-20 
0.0000000000e+00 -7.2852564940e-20 
0.0000000000e+00 6.3148536564e-20 
0.0000000000e+00 -4.1094668044e-21 
0.0000000000e+00 1.9426321023e-21 
0.0000000000e+00 -3.6346713639e-20 
0.0000000000e+00 -3.1493704587e-20 
0.0000000000e+00 1.7816397899e-21 
0.0000000000e+00 1.8790054055e-20 
0.0000000000e+00 9.0693551853e-22 
0.0000000000e+00 8.0845499307e-22 
0.0000000000e+00 -1.1907354277e-20 
0.0000000000e+00 -1.0831645900e-20 
0.0000000000e+00 8.0859846035e-21 
0.0000000000e+00 -6.7704183482e-21 
0.0000000000e+00 2.0867670791e-22 
0.0000000000e+00 1.4639182209e-22 
0.0000000000e+00 -1.4391590441e-22 
0.0000000000e+00 3.4119219888e-21 
0.0000000000e+00 3.6668431972e-22 
0.0000000000e+00 -2.1319920558e-21 
0.0000000000e+00 1.7638565774e-21 
0.0000000000e+00 -1.7296170253e-21 
0.0000000000e+00 1.6483113571e-22 
0.0000000000e+00 -3.0339272529e-23 
0.0000000000e+00 -9.7489228241e-22 
0.0000000000e+00 1.3384335412e-23 
0.0000000000e+00 5.4692503119e-23 
0.0000000000e+00 8.5069856774e-23 
0.0000000000e+00 1.3064686176e-22 
0.0000000000e+00 4.3792625832e-22 
0.0000000000e+00 -2.8925270841e-22 
0.0000000000e+00 -5.6518875949e-23 
0.0000000000e+00 -2.4356218879e-22 
0.0000000000e+00 -3.0454728561e-24 
0.0000000000e+00 -1.4996597716e-22 
0.0000000000e+00 1.4650278178e-22 
0.0000000000e+00 2.5473045130e-22 
0.0000000000e+00 -2.4837483259e-22 
0.0000000000e+00 -6.6255613763e-11 
0.0000000000e+00 -4.3535802910e-11 
0.0000000000e+00 -4.3863539820e-11 
0.0000000000e+00 -4.4320826297e-11 
0.0000000000e+00 -4.4956684056e-11 
0.0000000000e+00 -4.5851629353e-11 
0.0000000000e+00 -4.7110552231e-11 
0.0000000000e+00 -4.8806829613e-11 
0.0000000000e+00 -4.9173512109e-11 
0.0000000000e+00 2.1454703810e-11 
0.0000000000e+00 -1.8684199452e-12 
0.0000000000e+00 -1.2004069142e-12 
0.0000000000e+00 -6.8039309386e-13 
0.0000000000e+00 -3.2250401809e-13 
0.0000000000e+00 -1.1215793536e-13 
0.0000000000e+00 -1.3383242398e-14 
0.0000000000e+00 1.7254221354e-14 
0.0000000000e+00 1.6935093726e-14 
0.0000000000e+00 9.0672841917e-15 
0.0000000000e+00 3.4777224323e-15 
0.0000000000e+00 1.4516313904e-15 
0.0000000000e+00 1.2915282045e-15 
0.0000000000e+00 1.5343295043e-15 
0.0000000000e+00 1.6661869935e-15 
0.0000000000e+00 1.6879696538e-15 
0.0000000000e+00 1.6810338863e-15 
0.0000000000e+00 1.6766366796e-15 
0.0000000000e+00 1.6756584240e-15 
0.0000000000e+00 1.6752363100e-15 
0.0000000000e+00 1.6745910678e-15 
0.0000000000e+00 1.6737479391e-15 
0.0000000000e+00 1.6727335530e-15 
0.0000000000e+00 1.6715202155e-15 
0.0000000000e+00 1.6700667360e-15 
0.0000000000e+00 1.6683255520e-15 
0.0000000000e+00 1.6662404989e-15 
0.0000000000e+00 1.6637447104e-15 
0.0000000000e+00 1.6607587611e-15 
0.0000000000e+00 1.6571885249e-15 
0.0000000000e+00 1.6529227139e-15 
0.0000000000e+00 1.6478301416e-15 
0.0000000000e+00 1.6450109841e-15 
1.2754500676e-01 8.0964914318e-12 
2.0465800746e-01 5.0639953339e-12 
2.4381792738e-01 5.0244384929e-12 
2.8881824931e-01 4.9893528414e-12 
3.4281863563e-01 4.9553809901e-12 
4.0761909921e-01 4.9290599428e-12 
4.7142810704e-01 4.9209706983e-12 
5.3381071891e-01 4.9337468728e-12 
5.9941112334e-01 4.9785094203e-12 
6.6699437249e-01 5.0781817518e-12 
7.3554711708e-01 5.2585636938e-12 
8.0844150391e-01 5.6141749625e-12 
8.4544210178e-01 5.8873225402e-12 
8.8984281922e-01 6.3300155857e-12 
9.1648324968e-01 6.7231215540e-12 
9.4845176624e-01 7.2638281934e-12 
9.6763287617e-01 7.6609683560e-12 
9.9065020810e-01 8.2281173183e-12 
1.0182710064e+00 9.0758261237e-12 
1.0348434854e+00 9.6965769920e-12 
1.0547304602e+00 1.0584513459e-11 
1.0785948299e+00 1.1927040172e-11 
1.0929134517e+00 1.2923172688e-11 
1.1100957980e+00 1.4372597694e-11 
1.1204052057e+00 1.5416059393e-11 
1.1327764950e+00 1.6886644850e-11 
1.1476220421e+00 1.9071488941e-11 
1.1565293704e+00 2.0674532484e-11 
1.1672181643e+00 2.2983883120e-11 
1.1800447170e+00 2.6529855123e-11 
1.1877406486e+00 2.9218684034e-11 
1.1969757666e+00 3.3236285693e-11 
1.2080579081e+00 3.9774363685e-11 
1.2147071931e+00 4.5034700041e-11 
1.2226863350e+00 5.3459911322e-11 
1.2322613053e+00 6.8907846505e-11 
1.2380062875e+00 8.3103156068e-11 
1.2449002661e+00 1.1020736320e-10 
1.2490366532e+00 1.3643012314e-10 
1.2540003178e+00 1.9076427505e-10 
1.2569785166e+00 2.4912143986e-10 
1.2605523551e+00 3.9595042761e-10 
1.2626966582e+00 6.0785817533e-10 
1.2639832401e+00 8.7823556031e-10 
1.2647551892e+00 1.1792780675e-09 
1.2656815281e+00 2.0200076270e-09 
1.2661707359e+00 3.1716953181e-09 
1.2664636536e+00 4.6674611205e-09 
1.2668151549e+00 1.1964741944e-08 
1.2669462662e+00 2.3743194186e-08 
1.2670105425e+00 3.8537734388e-08 
1.2670876740e+00 1.3164739929e-07 
1.2671144399e+00 2.5286266459e-07 
1.2671428479e+00 7.9118120594e-07 
1.2671541720e+00 1.3912414380e-06 
1.2671674440e+00 3.2690519059e-06 
1.2671790632e+00 8.7282397529e-06 
1.2671878343e+00 1.9442728456e-05 
1.2671957865e+00 3.8707796349e-05 
1.2672039626e+00 7.0334313891e-05 
1.2672137740e+00 1.1892660339e-04 
1.2672255476e+00 1.7743516844e-04 
1.2672377898e+00 2.2638025111e-04 
1.2672524803e+00 2.6458232147e-04 
1.2672701090e+00 2.8767784180e-04 
1.2672912634e+00 2.9765178867e-04 
1.2673164607e+00 2.9984338086e-04 
1.2673466974e+00 2.9919377616e-04 
1.2673829815e+00 2.9833327152e-04 
1.2674265224e+00 2.9797885402e-04 
1.2674787715e+00 2.9798148616e-04 
1.2675414705e+00 2.9809486118e-04 
1.2676167092e+00 2.9821661291e-04 
1.2677069956e+00 2.9834164679e-04 
1.2678153394e+00 2.9848503003e-04 
1.2679453518e+00 2.9865572996e-04 
1.2681013668e+00 2.9885831920e-04 
1.2682885848e+00 2.9909667850e-04 
1.2685132464e+00 2.9937468059e-04 
1.2687828403e+00 2.9969507261e-04 
1.2691063530e+00 3.0005858393e-04 
1.2694945682e+00 3.0046389555e-04 
1.2699604264e+00 3.0090957436e-04 
1.2705194563e+00 3.0139853491e-04 
1.2711902922e+00 3.0194228449e-04 
1.2719952952e+00 3.0256239757e-04 
1.2729612989e+00 3.0328790028e-04 
1.2741205033e+00 3.0415177650e-04 
1.2755115486e+00 3.0518932098e-04 
1.2771808029e+00 3.0643895733e-04 
1.2791839081e+00 3.0794490612e-04 
1.2815876343e+00 3.0976029449e-04 
1.2844721058e+00 3.1195011396e-04 
1.2879334716e+00 3.1459416601e-04 
1.2920871105e+00 3.1779055395e-04 
1.2970714773e+00 3.2166021280e-04 
1.3030527173e+00 3.2635310060e-04 
1.3102302054e+00 3.3205593982e-04 
1.3188431911e+00 3.3900264963e-04 
1.3291787739e+00 3.4748854255e-04 
1.3415814733e+00 3.5788920003e-04 
1.3564647126e+00 3.7068582832e-04 
1.3743245998e+00 3.8650069494e-04 
1.3957564643e+00 4.0614528893e-04 
1.4214747018e+00 4.3068707222e-04 
1.4523365868e+00 4.6154352835e-04 
1.4893708488e+00 5.0060697258e-04 
1.5338119632e+00 5.5041739192e-04 
1.5871413004e+00 6.1437972861e-04 
1.6511365051e+00 6.9703717381e-04 
1.7279307507e+00 8.0438326658e-04 
1.8200838455e+00 9.4419316911e-04 
1.9306675592e+00 1.1262943317e-03 
2.0507590510e+00 1.3394952090e-03 
2.1678074036e+00 1.5604672012e-03 
2.2827701478e+00 1.7881791910e-03 
2.4010568580e+00 2.0318396317e-03 
2.5000000000e+00 2.2418594773e-03 
2.5000000000e+00 2.2419286046e-03 
2.5000000000e+00 2.2419118205e-03 
2.5000000000e+00 2.2419092889e-03 
2.4402895295e+00 2.1146059348e-03 
2.3880745005e+00 2.0047764663e-03 
2.3469432611e+00 1.9193791291e-03 
2.2975857738e+00 1.8182895971e-03 
2.2383567891e+00 1.6991298976e-03 
2.1672820075e+00 1.5595113665e-03 
2.0921328415e+00 1.4162859961e-03 
2.0230711692e+00 1.2890909371e-03 
1.9579404331e+00 1.1734336740e-03 
1.8931677308e+00 1.0629500011e-03 
1.8279810027e+00 9.5674181827e-04 
1.7628685260e+00 8.5606568316e-04 
1.6977243882e+00 7.6116671059e-04 
1.6318333772e+00 6.7147612334e-04 
1.5643806845e+00 5.8656251833e-04 
1.4946240296e+00 5.0636309097e-04 
1.4213997636e+00 4.3064737277e-04 
1.3427438223e+00 3.5890743277e-04 
1.2572277864e+00 2.9178249207e-04 
1.1649417224e+00 2.3111771542e-04 
1.0668063966e+00 1.7848881091e-04 
9.6576425850e-01 1.3513293969e-04 
8.6964367963e-01 1.0223086502e-04 
7.8928341478e-01 7.9759955526e-05 
7.3440837858e-01 6.6614480324e-05 
6.8953209538e-01 5.7021932980e-05 
6.4133623311e-01 4.7761536150e-05 
5.8925441701e-01 3.8858487275e-05 
5.3804892680e-01 3.1127655426e-05 
4.8835164831e-01 2.4523551587e-05 
4.3819108730e-01 1.8708846563e-05 
3.8588392790e-01 1.3522892484e-05 
3.2895019552e-01 8.8791289129e-06 
2.9478995609e-01 6.5899340107e-06 
2.7429381244e-01 5.3945557683e-06 
2.4969844005e-01 4.1349362948e-06 
2.2018399318e-01 2.8707169475e-06 
2.0247532506e-01 2.2377691252e-06 
1.8122492331e-01 1.5963318224e-06 
1.6847468227e-01 1.2706801367e-06 
1.5317439301e-01 9.3609763730e-07 
1.4399421946e-01 7.6344779777e-07 
1.3297801119e-01 5.8260529844e-07 
1.1975856128e-01 4.0161306060e-07 
1.1182689133e-01 3.1096702653e-07 
1.0230888739e-01 2.1938787986e-07 
9.0887282659e-02 1.3443479882e-07 
8.4034319822e-02 9.6003800026e-08 
7.9922542120e-02 7.7165367323e-08 
7.4988408877e-02 5.8438387353e-08 
7.2027928931e-02 4.9068631553e-08 
6.8475352997e-02 3.9498568179e-08 
6.6343807436e-02 3.4556237457e-08 
6.3785952763e-02 2.9342864438e-08 
6.2251239959e-02 2.6560517353e-08 
6.0409584594e-02 2.3535918466e-08 
5.8199598157e-02 2.0321554609e-08 
5.6873606295e-02 1.8592091087e-08 
5.5282416060e-02 1.6697276575e-08 
5.3372987778e-02 1.4661977563e-08 
5.2227330808e-02 1.3555406271e-08 
5.0852542445e-02 1.2331724286e-08 
4.9202796410e-02 1.1001551573e-08 
4.8212948788e-02 1.0270256415e-08 
4.7025131643e-02 9.4538275038e-09 
4.5599751068e-02 8.5557477998e-09 
4.4744522723e-02 8.0566380538e-09 
4.3718248709e-02 7.4943415068e-09 
4.2486719893e-02 6.8688897647e-09 
4.1747802603e-02 6.5178066923e-09 
4.0861101855e-02 6.1189823012e-09 
3.9797060957e-02 5.6708764355e-09 
3.8520211880e-02 5.1739928076e-09 
3.7754102434e-02 4.8958150511e-09 
3.6834771098e-02 4.5804685992e-09 
3.5731573496e-02 4.2270082633e-09 
3.4407736373e-02 3.8361600990e-09 
3.3613434099e-02 3.6178619088e-09 
3.2660271370e-02 3.3708549744e-09 
3.1516476096e-02 3.0945855342e-09 
3.0143921767e-02 2.7898321083e-09 
2.9320389169e-02 2.6199627065e-09 
2.8332150052e-02 2.4280555286e-09 
2.7146263112e-02 2.2138021027e-09 
2.6434730947e-02 2.0931073697e-09 
2.5580892350e-02 1.9555715539e-09 
2.4556286034e-02 1.8004265309e-09 
2.3326758454e-02 1.6275218670e-09 
2.1851325358e-02 1.4375785312e-09 
2.0966065501e-02 1.3320740793e-09 
1.9903753672e-02 1.2132124972e-09 
1.8628979477e-02 1.0809384633e-09 
1.7099250443e-02 9.3587881837e-10 
1.5263575603e-02 7.7953326352e-10 
1.4162170698e-02 6.9412124468e-10 
1.2840484813e-02 5.9917888168e-10 
1.1254461751e-02 4.9519258946e-10 
9.3512340763e-03 3.8328274371e-10 
7.0673608667e-03 2.6532514186e-10 
4.3267130153e-03 1.4401024361e-10 
1.0379355935e-03 2.2817506548e-11 
0.0000000000e+00 -1.0671706196e-11 
