EXPORTED XY-GRAPH DATA
322 2 2
V[1]
I[ASPLIT_drain]
0.0000000000e+00 2.6356662315e-19 
0.0000000000e+00 -1.2678197193e-19 
0.0000000000e+00 1.6616565672e-20 
0.0000000000e+00 -1.4523878014e-19 
0.0000000000e+00 -1.1627065818e-19 
0.0000000000e+00 -9.6607656027e-20 
0.0000000000e+00 -7.6755695718e-20 
0.0000000000e+00 5.9782479848e-20 
0.0000000000e+00 -4.5245158080e-21 
0.0000000000e+00 -4.3587484712e-22 
0.0000000000e+00 -3.7726636434e-20 
0.0000000000e+00 -3.3544089738e-20 
0.0000000000e+00 1.8821455321e-21 
0.0000000000e+00 2.0366927739e-20 
0.0000000000e+00 6.4712623306e-22 
0.0000000000e+00 1.1689174977e-21 
0.0000000000e+00 -1.3795599875e-20 
0.0000000000e+00 -1.0309021547e-20 
0.0000000000e+00 8.4662014041e-21 
0.0000000000e+00 -7.1214183956e-21 
0.0000000000e+00 4.7673383751e-23 
0.0000000000e+00 -3.8515177581e-22 
0.0000000000e+00 2.4318124868e-23 
0.0000000000e+00 3.2005276735e-21 
0.0000000000e+00 2.2354569248e-22 
0.0000000000e+00 -2.3207520785e-21 
0.0000000000e+00 1.9074918748e-21 
0.0000000000e+00 -1.8379863318e-21 
0.0000000000e+00 1.1049420879e-22 
0.0000000000e+00 -2.1675812273e-23 
0.0000000000e+00 -1.0396583299e-21 
0.0000000000e+00 6.8046485428e-23 
0.0000000000e+00 -4.7710701793e-24 
0.0000000000e+00 -4.5956374470e-23 
0.0000000000e+00 -2.1773803813e-23 
0.0000000000e+00 3.3245895967e-22 
0.0000000000e+00 -2.8759548671e-22 
0.0000000000e+00 8.2236281864e-23 
0.0000000000e+00 -1.0978247532e-22 
0.0000000000e+00 -4.8400698828e-24 
0.0000000000e+00 -2.0606439252e-22 
0.0000000000e+00 7.3362663487e-23 
0.0000000000e+00 6.5957307249e-23 
0.0000000000e+00 -1.0575370557e-22 
0.0000000000e+00 -9.3556517896e-11 
0.0000000000e+00 -6.1970272597e-11 
0.0000000000e+00 -6.3114567818e-11 
0.0000000000e+00 -6.4762440969e-11 
0.0000000000e+00 -6.7186546618e-11 
0.0000000000e+00 -7.0486006494e-11 
0.0000000000e+00 -7.2752888564e-11 
0.0000000000e+00 3.4567317191e-11 
0.0000000000e+00 -1.6754732252e-12 
0.0000000000e+00 -9.8985381534e-13 
0.0000000000e+00 -4.8463348898e-13 
0.0000000000e+00 -1.7777717932e-13 
0.0000000000e+00 -3.4112084700e-14 
0.0000000000e+00 7.8366919209e-15 
0.0000000000e+00 4.9774692135e-15 
0.0000000000e+00 -7.2643785850e-15 
0.0000000000e+00 -1.5113061090e-14 
0.0000000000e+00 -1.7608009493e-14 
0.0000000000e+00 -1.7626259328e-14 
0.0000000000e+00 -1.7248802630e-14 
0.0000000000e+00 -1.7078634526e-14 
0.0000000000e+00 -1.7051948181e-14 
0.0000000000e+00 -1.7051560640e-14 
0.0000000000e+00 -1.7042630974e-14 
0.0000000000e+00 -1.7026763414e-14 
0.0000000000e+00 -1.7007201995e-14 
0.0000000000e+00 -1.6984020595e-14 
0.0000000000e+00 -1.6956367575e-14 
0.0000000000e+00 -1.6923318931e-14 
0.0000000000e+00 -1.6883851510e-14 
0.0000000000e+00 -1.6836767047e-14 
0.0000000000e+00 -1.6780660209e-14 
0.0000000000e+00 -1.6713893188e-14 
0.0000000000e+00 -1.6641544804e-14 
6.2119285522e-02 7.0872252466e-12 
1.2098739529e-01 5.6712417496e-12 
1.5894525773e-01 5.6499625336e-12 
1.9150663097e-01 5.6390552713e-12 
2.3058027885e-01 5.6326957545e-12 
2.7537239893e-01 5.6354167823e-12 
3.2190769479e-01 5.6502016820e-12 
3.6707784321e-01 5.6754109732e-12 
4.1505336918e-01 5.7157212124e-12 
4.6402802693e-01 5.7706837853e-12 
5.1623928727e-01 5.8459966515e-12 
5.6867332968e-01 5.9406471246e-12 
6.2395660895e-01 6.0634129085e-12 
6.8018830744e-01 6.2149613572e-12 
7.3848313104e-01 6.4053607360e-12 
7.9894439282e-01 6.6448440930e-12 
8.5954595027e-01 6.9364641760e-12 
9.2416860332e-01 7.3176964290e-12 
9.8901931518e-01 7.7933112412e-12 
1.0570885740e+00 8.4258181992e-12 
1.1265578911e+00 9.2675648661e-12 
1.1965944212e+00 1.0415759180e-11 
1.2339556473e+00 1.1209163556e-11 
1.2787891187e+00 1.2399775367e-11 
1.3325892844e+00 1.4336684935e-11 
1.3971494832e+00 1.7898364221e-11 
1.4358856025e+00 2.1161034788e-11 
1.4591272740e+00 2.3798098396e-11 
1.4870172799e+00 2.8106496544e-11 
1.5204852870e+00 3.6405998721e-11 
1.5405660912e+00 4.4573863288e-11 
1.5646630563e+00 6.2120186904e-11 
1.5791212353e+00 8.2093370503e-11 
1.5877961428e+00 1.0177772444e-10 
1.5982060317e+00 1.4459082902e-10 
1.6044519650e+00 1.9413390222e-10 
1.6119470850e+00 3.4573368721e-10 
1.6157835678e+00 5.8458402155e-10 
1.6178784111e+00 9.2214700685e-10 
1.6191353171e+00 1.3897171944e-09 
1.6198894607e+00 1.9709891255e-09 
1.6207944330e+00 4.3890063843e-09 
1.6211469563e+00 8.0979825253e-09 
1.6213211422e+00 1.2956718592e-08 
1.6214256538e+00 1.9369446020e-08 
1.6215510677e+00 5.0944346667e-08 
1.6215957448e+00 8.9908070659e-08 
1.6216426534e+00 2.4375184280e-07 
1.6216803522e+00 1.0362751060e-06 
1.6217045878e+00 3.0159075866e-06 
1.6217237199e+00 7.4632660476e-06 
1.6217402038e+00 1.6882226653e-05 
1.6217548738e+00 3.3854697887e-05 
1.6217696523e+00 6.1793821369e-05 
1.6217873865e+00 1.0575948231e-04 
1.6218086676e+00 1.5904225132e-04 
1.6218299764e+00 2.0097299622e-04 
1.6218555469e+00 2.3183442789e-04 
1.6218862315e+00 2.4855746576e-04 
1.6219230530e+00 2.5442022866e-04 
1.6219655847e+00 2.5485232790e-04 
1.6220166227e+00 2.5395553155e-04 
1.6220778683e+00 2.5333652530e-04 
1.6221513630e+00 2.5319070566e-04 
1.6222395567e+00 2.5327318937e-04 
1.6223453890e+00 2.5340344112e-04 
1.6224723879e+00 2.5353605166e-04 
1.6226247865e+00 2.5368175058e-04 
1.6228076649e+00 2.5385403926e-04 
1.6230271189e+00 2.5406026691e-04 
1.6232904637e+00 2.5430620059e-04 
1.6236064775e+00 2.5459853389e-04 
1.6239856941e+00 2.5494505522e-04 
1.6244407540e+00 2.5535433636e-04 
1.6249868258e+00 2.5583556221e-04 
1.6256421120e+00 2.5639845391e-04 
1.6264284555e+00 2.5705278348e-04 
1.6273720677e+00 2.5780861150e-04 
1.6285044022e+00 2.5867723602e-04 
1.6298632037e+00 2.5967385252e-04 
1.6314937655e+00 2.6082125609e-04 
1.6334504397e+00 2.6215387174e-04 
1.6357984487e+00 2.6372032890e-04 
1.6386160595e+00 2.6558370232e-04 
1.6419971925e+00 2.6782095494e-04 
1.6460545520e+00 2.7052334466e-04 
1.6509233834e+00 2.7379928835e-04 
1.6567659812e+00 2.7778011587e-04 
1.6637770985e+00 2.8262831552e-04 
1.6721904392e+00 2.8854970226e-04 
1.6822864481e+00 2.9580618362e-04 
1.6944016588e+00 3.0473431028e-04 
1.7089399116e+00 3.1576975701e-04 
1.7263858150e+00 3.2948505603e-04 
1.7473208990e+00 3.4663935516e-04 
1.7724429999e+00 3.6824665372e-04 
1.8025895209e+00 3.9568484624e-04 
1.8387653462e+00 4.3082847934e-04 
1.8821763365e+00 4.7623624052e-04 
1.9342695248e+00 5.3540286751e-04 
1.9967813508e+00 6.1303039220e-04 
2.0717955420e+00 7.1530136882e-04 
2.1618125715e+00 8.5010031562e-04 
2.2698330069e+00 1.0272748423e-03 
2.3994575293e+00 1.2583854458e-03 
2.5000000000e+00 1.4489422563e-03 
2.5000000000e+00 1.4490167094e-03 
2.5000000000e+00 1.4489934867e-03 
2.5000000000e+00 1.4489926521e-03 
2.4200502606e+00 1.2968186503e-03 
2.3623365456e+00 1.1904867251e-03 
2.3230547185e+00 1.1200636121e-03 
2.2759165260e+00 1.0378156458e-03 
2.2193506950e+00 9.4266184775e-04 
2.1514716978e+00 8.3411407912e-04 
2.0770495987e+00 7.2295676802e-04 
2.0012055903e+00 6.1893795758e-04 
1.9208565358e+00 5.1983405335e-04 
1.8322107570e+00 4.2443045730e-04 
1.7338776745e+00 3.3567690726e-04 
1.6264303671e+00 2.5780000365e-04 
1.5108002151e+00 1.9309494654e-04 
1.3915552014e+00 1.4286966721e-04 
1.2770451045e+00 1.0656245632e-04 
1.1757518900e+00 8.1777320015e-05 
1.0924255212e+00 6.5288772712e-05 
1.0266989634e+00 5.4226797498e-05 
9.7943597128e-01 4.7156651345e-05 
9.3852221321e-01 4.1562500677e-05 
8.9452872423e-01 3.6040729674e-05 
8.4797719410e-01 3.0705125442e-05 
8.0231688851e-01 2.5936755378e-05 
7.5747490132e-01 2.1669664031e-05 
7.1164146066e-01 1.7707741660e-05 
6.6362385444e-01 1.3970449723e-05 
6.1198997314e-01 1.0409015800e-05 
5.5002931559e-01 6.7574463351e-06 
4.7567652652e-01 3.3098020015e-06 
4.5472364004e-01 2.5385519288e-06 
4.2958017627e-01 1.7434035716e-06 
4.1449409801e-01 1.3396447024e-06 
3.9639080409e-01 9.3287602666e-07 
3.7466685139e-01 5.6043456169e-07 
3.6163247977e-01 3.9601247226e-07 
3.4599123383e-01 2.5141380270e-07 
3.3660648626e-01 1.8842037296e-07 
3.2534478918e-01 1.3178880758e-07 
3.1858777093e-01 1.0599724741e-07 
3.1047934904e-01 8.1488770466e-08 
3.0561429590e-01 6.9609476736e-08 
2.9977623213e-01 5.7659661436e-08 
2.9277055561e-01 4.6082208142e-08 
2.8856714970e-01 4.0349542395e-08 
2.8352306261e-01 3.4468847846e-08 
2.7747015810e-01 2.8619795026e-08 
2.7383841539e-01 2.5646834851e-08 
2.6948032414e-01 2.2528603136e-08 
2.6425061464e-01 1.9340376375e-08 
2.6111278894e-01 1.7677818117e-08 
2.5734739810e-01 1.5896998964e-08 
2.5282892909e-01 1.4029472962e-08 
2.5011784769e-01 1.3033208363e-08 
2.4686455001e-01 1.1946248906e-08 
2.4296059278e-01 1.0781106362e-08 
2.4061821845e-01 1.0147403703e-08 
2.3780736925e-01 9.4451630304e-09 
2.3443435021e-01 8.6784129704e-09 
2.3241053879e-01 8.2546157879e-09 
2.2998196508e-01 7.7788568716e-09 
2.2706767663e-01 7.2513826376e-09 
2.2531910356e-01 6.9559318297e-09 
2.2322081587e-01 6.6206758685e-09 
2.2070287065e-01 6.2442404336e-09 
2.1768133639e-01 5.8267732431e-09 
2.1586841583e-01 5.5928675839e-09 
2.1369291116e-01 5.3273754927e-09 
2.1108230555e-01 5.0291562777e-09 
2.0951594219e-01 4.8602058943e-09 
2.0763630615e-01 4.6667170079e-09 
2.0538074291e-01 4.4470751351e-09 
2.0402740496e-01 4.3214981566e-09 
2.0240339943e-01 4.1766212760e-09 
2.0045459279e-01 4.0107253086e-09 
1.9811602482e-01 3.8224316255e-09 
1.9671288403e-01 3.7147898227e-09 
1.9502911509e-01 3.5906105894e-09 
1.9300859237e-01 3.4484231433e-09 
1.9058396510e-01 3.2870452241e-09 
1.8912918873e-01 3.1947898236e-09 
1.8738345710e-01 3.0883624038e-09 
1.8528857914e-01 2.9664982908e-09 
1.8277472558e-01 2.8281777553e-09 
1.8126641345e-01 2.7490977658e-09 
1.7945643889e-01 2.6578625653e-09 
1.7728446942e-01 2.5533825167e-09 
1.7467810605e-01 2.4347741114e-09 
1.7311428803e-01 2.3669527314e-09 
1.7123770641e-01 2.2886948839e-09 
1.6898580846e-01 2.1990576606e-09 
1.6628353092e-01 2.0972722717e-09 
1.6466216440e-01 2.0390548274e-09 
1.6271652457e-01 1.9718632113e-09 
1.6038175678e-01 1.8948830178e-09 
1.5758003543e-01 1.8074297012e-09 
1.5589900261e-01 1.7573914799e-09 
1.5388176324e-01 1.6996206845e-09 
1.5146107599e-01 1.6334053255e-09 
1.4855625130e-01 1.5581413196e-09 
1.4681335648e-01 1.5150555654e-09 
1.4472188270e-01 1.4652894470e-09 
1.4221211416e-01 1.4082134482e-09 
1.3920039191e-01 1.3432933070e-09 
1.3739335857e-01 1.3061033492e-09 
1.3522491855e-01 1.2631212159e-09 
1.3262279053e-01 1.2137870444e-09 
1.2950023690e-01 1.1576159355e-09 
1.2575317255e-01 1.0942520315e-09 
1.2350493394e-01 1.0582032997e-09 
1.2080704761e-01 1.0167617033e-09 
1.1756958401e-01 9.6948010665e-10 
1.1368462770e-01 9.1600089732e-10 
1.1135365391e-01 8.8549870717e-10 
1.0855648536e-01 8.5035457017e-10 
1.0519988310e-01 8.1014534909e-10 
1.0117196039e-01 7.6448663354e-10 
9.8755206763e-02 7.3835008683e-10 
9.5855102412e-02 7.0813753579e-10 
9.2374977191e-02 6.7342051008e-10 
8.8198826925e-02 6.3378048215e-10 
8.3187446606e-02 5.8881186586e-10 
8.0180618414e-02 5.6305161950e-10 
7.6572424585e-02 5.3321582238e-10 
7.2242591989e-02 4.9879672812e-10 
6.7046792875e-02 4.5920266381e-10 
6.3929313406e-02 4.3621972628e-10 
6.0188338043e-02 4.0928497533e-10 
5.5699167608e-02 3.7773456905e-10 
5.0312163086e-02 3.4072919395e-10 
4.3847757660e-02 2.9713206417e-10 
3.6090471148e-02 2.4529117478e-10 
2.6781727334e-02 1.8266654744e-10 
1.5611234757e-02 1.0525229221e-10 
2.2066436644e-03 6.9325083617e-12 
0.0000000000e+00 -9.9098295879e-12 
