EXPORTED XY-GRAPH DATA
178 2 2
V[1]
I[ASPLIT_drain]
0.0000000000e+00 -3.0032699844e-22 
0.0000000000e+00 -1.6352450480e-21 
0.0000000000e+00 -1.4958129902e-20 
0.0000000000e+00 -1.4655817580e-19 
0.0000000000e+00 -1.1607745404e-19 
0.0000000000e+00 -1.0325503643e-19 
0.0000000000e+00 -7.8294755534e-20 
0.0000000000e+00 5.9032645281e-20 
0.0000000000e+00 -5.3615852910e-21 
0.0000000000e+00 1.2300324508e-21 
0.0000000000e+00 -3.8410803132e-20 
0.0000000000e+00 -3.2790876593e-20 
0.0000000000e+00 -2.1472983922e-23 
0.0000000000e+00 2.0119473277e-20 
0.0000000000e+00 4.4788149182e-22 
0.0000000000e+00 7.4821939686e-22 
0.0000000000e+00 -1.3674498942e-20 
0.0000000000e+00 -1.0441394877e-20 
0.0000000000e+00 7.5612748572e-21 
0.0000000000e+00 -7.1545485887e-21 
0.0000000000e+00 1.4948174825e-22 
0.0000000000e+00 2.0126902383e-22 
0.0000000000e+00 8.7581232100e-23 
0.0000000000e+00 3.1026529995e-21 
0.0000000000e+00 -1.1455321028e-23 
0.0000000000e+00 -2.4506333116e-21 
0.0000000000e+00 1.8646074828e-21 
0.0000000000e+00 -1.7129516111e-21 
0.0000000000e+00 2.2505113582e-23 
0.0000000000e+00 4.7723709167e-23 
0.0000000000e+00 -9.8772207287e-22 
0.0000000000e+00 7.9532874955e-24 
0.0000000000e+00 9.1284979883e-23 
0.0000000000e+00 4.3936770469e-24 
0.0000000000e+00 -1.8831089461e-23 
0.0000000000e+00 3.9437543646e-22 
0.0000000000e+00 -3.1720340818e-22 
0.0000000000e+00 2.9455599378e-23 
0.0000000000e+00 -2.2478349357e-22 
0.0000000000e+00 8.7301558091e-23 
0.0000000000e+00 -1.6198168066e-22 
0.0000000000e+00 1.2278595069e-23 
0.0000000000e+00 9.6690285446e-23 
0.0000000000e+00 -1.8567139372e-22 
0.0000000000e+00 -6.3080116954e-11 
0.0000000000e+00 -4.1178025658e-11 
0.0000000000e+00 -4.1349863404e-11 
0.0000000000e+00 -4.1571032775e-11 
0.0000000000e+00 -4.1883696009e-11 
0.0000000000e+00 -4.2358595741e-11 
0.0000000000e+00 -4.3154067135e-11 
0.0000000000e+00 -4.4526255204e-11 
0.0000000000e+00 -4.6709702113e-11 
0.0000000000e+00 -5.0008283074e-11 
0.0000000000e+00 -5.4589999541e-11 
0.0000000000e+00 2.6652152629e-11 
0.0000000000e+00 -7.5598456842e-15 
0.0000000000e+00 -6.8662352550e-15 
0.0000000000e+00 -4.7017091821e-15 
0.0000000000e+00 -3.0089802541e-15 
0.0000000000e+00 -1.7001454347e-15 
0.0000000000e+00 -8.0773113720e-16 
0.0000000000e+00 -2.8597582599e-16 
0.0000000000e+00 -4.0493486299e-17 
0.0000000000e+00 3.6891418951e-17 
0.0000000000e+00 -6.1477226488e-18 
0.0000000000e+00 1.6863672070e-18 
0.0000000000e+00 1.0355513945e-19 
0.0000000000e+00 2.4257579289e-20 
0.0000000000e+00 6.7731909956e-21 
0.0000000000e+00 2.7104718888e-21 
0.0000000000e+00 1.7112853181e-21 
0.0000000000e+00 2.9619939879e-22 
0.0000000000e+00 -6.4461677550e-24 
0.0000000000e+00 -1.0447603980e-23 
0.0000000000e+00 1.2963467089e-23 
0.0000000000e+00 -4.1329165956e-23 
0.0000000000e+00 2.3510167869e-24 
0.0000000000e+00 -3.0710241658e-23 
0.0000000000e+00 -3.6696770057e-24 
0.0000000000e+00 2.6342330455e-24 
0.0000000000e+00 -3.9421969154e-23 
0.0000000000e+00 3.5109106225e-24 
0.0000000000e+00 1.2286998058e-24 
0.0000000000e+00 2.1477817055e-24 
0.0000000000e+00 5.5617576264e-24 
0.0000000000e+00 9.7965673108e-24 
0.0000000000e+00 3.3137975416e-23 
0.0000000000e+00 2.5801728910e-23 
9.3646634792e-02 1.2630950014e-08 
1.3749319926e-01 2.8348971524e-08 
1.6273382874e-01 4.9048348931e-08 
1.9067683015e-01 8.6901304497e-08 
2.2420843184e-01 1.4016674784e-07 
2.5736483114e-01 1.8986233007e-07 
2.9708741342e-01 2.5362644935e-07 
3.4072057412e-01 3.4396250861e-07 
3.9308036697e-01 4.9514949894e-07 
4.2449624267e-01 6.1512258761e-07 
4.6219529352e-01 7.9663724411e-07 
5.0743415453e-01 1.0830614349e-06 
5.3457747114e-01 1.2994471848e-06 
5.6714945107e-01 1.6129290346e-06 
6.0623582699e-01 2.0816189384e-06 
6.5313947809e-01 2.8072678496e-06 
7.0942385941e-01 3.9755615837e-06 
7.7696511700e-01 5.9476729462e-06 
8.5801462610e-01 9.4828429918e-06 
9.4758856261e-01 1.5508163283e-05 
1.0435799293e+00 2.5250101462e-05 
1.1493744868e+00 4.0800480022e-05 
1.2705190399e+00 6.7153009918e-05 
1.4047242896e+00 1.1428469748e-04 
1.5447315519e+00 2.0404618739e-04 
1.6841230125e+00 3.7603409892e-04 
1.8140724336e+00 6.2396207404e-04 
1.9328567923e+00 8.8929803033e-04 
1.9950137427e+00 1.0338497259e-03 
2.0696020832e+00 1.2096706363e-03 
2.1365041664e+00 1.3686515658e-03 
2.2006152921e+00 1.5217593353e-03 
2.2693098857e+00 1.6864113014e-03 
2.3445512636e+00 1.8673141799e-03 
2.4256377728e+00 2.0628808133e-03 
2.5000000000e+00 2.2427163185e-03 
2.5000000000e+00 2.2429098491e-03 
2.5000000000e+00 2.2428603717e-03 
2.5000000000e+00 2.2428534801e-03 
2.5000000000e+00 2.2428539530e-03 
2.4486248705e+00 2.1187421925e-03 
2.4080098913e+00 2.0205561615e-03 
2.3774724511e+00 1.9468573373e-03 
2.3408275229e+00 1.8585392453e-03 
2.2968536091e+00 1.7527359995e-03 
2.2440849125e+00 1.6260441575e-03 
2.1880401188e+00 1.4918215913e-03 
2.1367073998e+00 1.3692698089e-03 
2.0884363504e+00 1.2544583472e-03 
2.0406865824e+00 1.1414179679e-03 
1.9930713360e+00 1.0294316474e-03 
1.9458837887e+00 9.1951913740e-04 
1.8990580840e+00 8.1205309187e-04 
1.8518339825e+00 7.0613137836e-04 
1.8021006024e+00 5.9878165612e-04 
1.7478763462e+00 4.8942368898e-04 
1.6876368439e+00 3.8196287361e-04 
1.6196501018e+00 2.8370023194e-04 
1.5452534240e+00 2.0480505577e-04 
1.4744204399e+00 1.5192173687e-04 
1.4114093879e+00 1.1764821643e-04 
1.3496658068e+00 9.2093271089e-05 
1.2837068955e+00 7.0972827300e-05 
1.2134480861e+00 5.3517067565e-05 
1.1412123567e+00 3.9526084864e-05 
1.0689575358e+00 2.8581068051e-05 
9.9802437713e-01 2.0243396408e-05 
9.3036766978e-01 1.4197111923e-05 
8.6790077803e-01 1.0061219970e-05 
8.1059422108e-01 7.2581222253e-06 
7.5757290205e-01 5.3276751484e-06 
7.0642763948e-01 3.9249682902e-06 
6.5905178149e-01 2.9346272890e-06 
6.2025955794e-01 2.2995924311e-06 
5.8535852430e-01 1.8390509602e-06 
5.4996053939e-01 1.4611346994e-06 
5.1372330478e-01 1.1514352191e-06 
4.7777141958e-01 9.0743611470e-07 
4.4215680077e-01 7.1608920961e-07 
4.0606780615e-01 5.6322808617e-07 
3.6815780720e-01 4.3788101498e-07 
3.2581808287e-01 3.3093309248e-07 
2.7501041367e-01 2.3691010714e-07 
2.1919994556e-01 1.6430532941e-07 
1.6394525146e-01 1.1337020262e-07 
1.1028093885e-01 7.3733294953e-08 
6.0095928964e-02 3.5583598628e-08 
1.5637164484e-02 6.5093295409e-09 
0.0000000000e+00 -1.2239974452e-11 
