EXPORTED XY-GRAPH DATA
348 2 2
V[1]
I[ASPLIT_drain]
0.0000000000e+00 2.6356662315e-19 
0.0000000000e+00 -1.2678197193e-19 
0.0000000000e+00 1.6616565672e-20 
0.0000000000e+00 -1.4523878014e-19 
0.0000000000e+00 -1.1627065818e-19 
0.0000000000e+00 -9.6607656027e-20 
0.0000000000e+00 -7.6755695718e-20 
0.0000000000e+00 5.9782479848e-20 
0.0000000000e+00 -4.5245158080e-21 
0.0000000000e+00 -4.3587484712e-22 
0.0000000000e+00 -3.7726636434e-20 
0.0000000000e+00 -3.3544089738e-20 
0.0000000000e+00 1.8821455321e-21 
0.0000000000e+00 2.0366927739e-20 
0.0000000000e+00 6.4712623306e-22 
0.0000000000e+00 1.1689174977e-21 
0.0000000000e+00 -1.3795599875e-20 
0.0000000000e+00 -1.0309021547e-20 
0.0000000000e+00 8.4662014041e-21 
0.0000000000e+00 -7.1214183956e-21 
0.0000000000e+00 4.7673383751e-23 
0.0000000000e+00 -3.8515177581e-22 
0.0000000000e+00 2.4318124868e-23 
0.0000000000e+00 3.2005276735e-21 
0.0000000000e+00 2.2354569248e-22 
0.0000000000e+00 -2.3207520785e-21 
0.0000000000e+00 1.9074918748e-21 
0.0000000000e+00 -1.8379863318e-21 
0.0000000000e+00 1.1049420879e-22 
0.0000000000e+00 -2.1675812273e-23 
0.0000000000e+00 -1.0396583299e-21 
0.0000000000e+00 6.8046485428e-23 
0.0000000000e+00 -4.7710701793e-24 
0.0000000000e+00 -4.5956374470e-23 
0.0000000000e+00 -2.1773803813e-23 
0.0000000000e+00 3.3245895967e-22 
0.0000000000e+00 -2.8759548671e-22 
0.0000000000e+00 8.2236281864e-23 
0.0000000000e+00 -1.0978247532e-22 
0.0000000000e+00 -4.8400698828e-24 
0.0000000000e+00 -2.0606439252e-22 
0.0000000000e+00 7.3362663487e-23 
0.0000000000e+00 6.5957307249e-23 
0.0000000000e+00 -1.0575370557e-22 
0.0000000000e+00 -7.7863382691e-11 
0.0000000000e+00 -5.1367803453e-11 
0.0000000000e+00 -5.2114484085e-11 
0.0000000000e+00 -5.3172609254e-11 
0.0000000000e+00 -5.4696104695e-11 
0.0000000000e+00 -5.6943460272e-11 
0.0000000000e+00 -5.8047527018e-11 
0.0000000000e+00 2.8514487270e-11 
0.0000000000e+00 -8.3158931487e-13 
0.0000000000e+00 -3.9661790377e-13 
0.0000000000e+00 -1.3623258079e-13 
0.0000000000e+00 -1.5770376639e-14 
0.0000000000e+00 1.8842326968e-14 
0.0000000000e+00 1.6035582476e-14 
0.0000000000e+00 5.5841510296e-15 
0.0000000000e+00 -1.0450761320e-15 
0.0000000000e+00 -3.1338110279e-15 
0.0000000000e+00 -3.1416720941e-15 
0.0000000000e+00 -2.8255907659e-15 
0.0000000000e+00 -2.6887519421e-15 
0.0000000000e+00 -2.6744375311e-15 
0.0000000000e+00 -2.6835177361e-15 
0.0000000000e+00 -2.6870995220e-15 
0.0000000000e+00 -2.6870184236e-15 
0.0000000000e+00 -2.6864541661e-15 
0.0000000000e+00 -2.6859706516e-15 
0.0000000000e+00 -2.6854494635e-15 
0.0000000000e+00 -2.6848237310e-15 
0.0000000000e+00 -2.6840708722e-15 
0.0000000000e+00 -2.6831678603e-15 
0.0000000000e+00 -2.6820852076e-15 
0.0000000000e+00 -2.6807873566e-15 
0.0000000000e+00 -2.6792318331e-15 
0.0000000000e+00 -2.6773679415e-15 
0.0000000000e+00 -2.6768687238e-15 
6.4545484304e-02 8.2369066258e-12 
1.2169817917e-01 5.2145583856e-12 
1.5132824220e-01 5.1773194565e-12 
1.8688431783e-01 5.1380830250e-12 
2.2955160860e-01 5.0950706312e-12 
2.7861712053e-01 5.0504847419e-12 
3.2861353889e-01 5.0101490865e-12 
3.7701267856e-01 4.9754150279e-12 
4.2850792146e-01 4.9423128097e-12 
4.8142043138e-01 4.9122419723e-12 
5.3693046562e-01 4.8846347085e-12 
5.9352054641e-01 4.8604155321e-12 
6.5133714802e-01 4.8395275149e-12 
7.1205434119e-01 4.8215937963e-12 
7.7278740352e-01 4.8077776408e-12 
8.3731348202e-01 4.7975387091e-12 
9.0213536277e-01 4.7921364993e-12 
9.6949118806e-01 4.7921993077e-12 
1.0385530482e+00 4.8000519201e-12 
1.1076828669e+00 4.8218609496e-12 
1.1811661078e+00 4.8814212169e-12 
1.2551608319e+00 5.0212042961e-12 
1.3323588682e+00 5.2358159502e-12 
1.4130289782e+00 5.4392231577e-12 
1.4944623558e+00 5.6022544623e-12 
1.5830094190e+00 5.7642205347e-12 
1.6759325984e+00 5.9409029725e-12 
1.7705735102e+00 6.1435873786e-12 
1.8731501843e+00 6.4070219385e-12 
1.9788735375e+00 6.7516442584e-12 
2.0863813681e+00 7.2229220076e-12 
2.2029135804e+00 7.9731633940e-12 
2.3235033312e+00 9.2854232271e-12 
2.4475533601e+00 1.2261403735e-11 
2.5000000000e+00 1.4848224369e-11 
2.5000000000e+00 1.1258532591e-11 
2.5000000000e+00 1.9265088766e-11 
2.5000000000e+00 2.5182749491e-11 
2.5000000000e+00 4.0211759974e-11 
2.5000000000e+00 6.3118576019e-11 
2.5000000000e+00 9.5212725560e-11 
2.5000000000e+00 1.3572118740e-10 
2.5000000000e+00 3.2955457402e-10 
2.5000000000e+00 4.4680193058e-10 
2.5000000000e+00 7.9096872777e-10 
2.5000000000e+00 1.4911868892e-09 
2.5000000000e+00 2.4885579190e-09 
2.5000000000e+00 3.9947031670e-09 
2.5000000000e+00 6.1375125243e-09 
2.5000000000e+00 8.8704211293e-09 
2.5000000000e+00 2.1397819925e-08 
2.5000000000e+00 3.9567438974e-08 
2.5000000000e+00 6.0599450910e-08 
2.5000000000e+00 1.4621426832e-07 
2.5000000000e+00 2.3144181582e-07 
2.5000000000e+00 4.8049557351e-07 
2.5000000000e+00 1.2161621307e-06 
2.5000000000e+00 2.8861141498e-06 
2.5000000000e+00 6.9265774180e-06 
2.5000000000e+00 1.7198877750e-05 
2.5000000000e+00 4.1737623149e-05 
2.5000000000e+00 9.4199427526e-05 
2.5000000000e+00 1.9207338870e-04 
2.5000000000e+00 3.5404616647e-04 
2.5000000000e+00 5.7977002856e-04 
2.5000000000e+00 8.0943484893e-04 
2.5000000000e+00 9.9178078437e-04 
2.5000000000e+00 1.1158335076e-03 
2.5000000000e+00 1.2258601001e-03 
2.5000000000e+00 1.3186121606e-03 
2.5000000000e+00 1.3706358655e-03 
2.5000000000e+00 1.4088034503e-03 
2.5000000000e+00 1.4353816283e-03 
2.5000000000e+00 1.4514853888e-03 
2.5000000000e+00 1.4595057779e-03 
2.5000000000e+00 1.4623624170e-03 
2.5000000000e+00 1.4626717493e-03 
2.5000000000e+00 1.4622017129e-03 
2.5000000000e+00 1.4617890059e-03 
2.5000000000e+00 1.4616187925e-03 
2.5000000000e+00 1.4616022588e-03 
2.5000000000e+00 1.4616315039e-03 
2.5000000000e+00 1.4616598070e-03 
2.5000000000e+00 1.4616827992e-03 
2.5000000000e+00 1.4617063862e-03 
2.5000000000e+00 1.4617338825e-03 
2.5000000000e+00 1.4617660711e-03 
2.5000000000e+00 1.4618031859e-03 
2.5000000000e+00 1.4618455085e-03 
2.5000000000e+00 1.4618932618e-03 
2.5000000000e+00 1.4619464625e-03 
2.5000000000e+00 1.4620048185e-03 
2.5000000000e+00 1.4620676326e-03 
2.5000000000e+00 1.4621337141e-03 
2.5000000000e+00 1.4622013271e-03 
2.5000000000e+00 1.4622682139e-03 
2.5000000000e+00 1.4623317315e-03 
2.5000000000e+00 1.4623891295e-03 
2.5000000000e+00 1.4624379581e-03 
2.5000000000e+00 1.4624765320e-03 
2.5000000000e+00 1.4625043219e-03 
2.5000000000e+00 1.4625221109e-03 
2.5000000000e+00 1.4625318050e-03 
2.5000000000e+00 1.4625359204e-03 
2.5000000000e+00 1.4625369213e-03 
2.5000000000e+00 1.4625366766e-03 
2.5000000000e+00 1.4625362423e-03 
2.5000000000e+00 1.4625359901e-03 
2.5000000000e+00 1.4625359166e-03 
2.5000000000e+00 1.4625359196e-03 
2.5000000000e+00 1.4625359326e-03 
2.5000000000e+00 1.4625359379e-03 
2.5000000000e+00 1.4625359384e-03 
2.5000000000e+00 1.4625359380e-03 
2.5000000000e+00 1.4625359379e-03 
2.4978854064e+00 1.4584968302e-03 
2.4953478941e+00 1.4535988716e-03 
2.4923028793e+00 1.4477150565e-03 
2.4886488616e+00 1.4406599447e-03 
2.4842640403e+00 1.4322089685e-03 
2.4790022548e+00 1.4220897024e-03 
2.4726881122e+00 1.4099769549e-03 
2.4651111410e+00 1.3954850819e-03 
2.4560187756e+00 1.3781582107e-03 
2.4451079372e+00 1.3574590688e-03 
2.4320149310e+00 1.3327569291e-03 
2.4163033236e+00 1.3033161320e-03 
2.3974493948e+00 1.2682842920e-03 
2.3748246801e+00 1.2266878605e-03 
2.3476750226e+00 1.1774375841e-03 
2.3150954335e+00 1.1193472842e-03 
2.2759999266e+00 1.0511850399e-03 
2.2290853183e+00 9.7178002542e-04 
2.1727877884e+00 8.8022860827e-04 
2.1091731793e+00 7.8214387658e-04 
2.0475647350e+00 6.9308220980e-04 
1.9858415915e+00 6.1017550703e-04 
1.9197297505e+00 5.2882507987e-04 
1.8477762132e+00 4.4938440105e-04 
1.7700279706e+00 3.7428333540e-04 
1.6854786847e+00 3.0484998257e-04 
1.5921508667e+00 2.4180634696e-04 
1.4887386303e+00 1.8633811556e-04 
1.3759386925e+00 1.3978923406e-04 
1.2583145387e+00 1.0308200907e-04 
1.1439001294e+00 7.5969772945e-05 
1.0403564519e+00 5.6863477556e-05 
9.5339766933e-01 4.3851417808e-05 
8.8432659193e-01 3.5071687505e-05 
8.3517651062e-01 2.9530669632e-05 
7.9460875292e-01 2.5353914391e-05 
7.5157584134e-01 2.1286389957e-05 
7.0544959784e-01 1.7314593055e-05 
6.6000978583e-01 1.3782912999e-05 
6.1575958692e-01 1.0700509976e-05 
5.7101119230e-01 7.9386631244e-06 
5.2439774893e-01 5.4482506566e-06 
4.7448269442e-01 3.2437518574e-06 
4.4462355758e-01 2.1755721301e-06 
4.2670807547e-01 1.6344950940e-06 
4.0520949694e-01 1.0933355620e-06 
3.9231034983e-01 8.2821529133e-07 
3.7683137329e-01 5.7039965856e-07 
3.6754398736e-01 4.4647111222e-07 
3.5639912425e-01 3.2621221540e-07 
3.4302528852e-01 2.1826597075e-07 
3.3500098709e-01 1.6979133843e-07 
3.2537182536e-01 1.2471840276e-07 
3.1959432832e-01 1.0343254327e-07 
3.1266133188e-01 8.2544854127e-08 
3.0434173615e-01 6.2976039942e-08 
2.9934997871e-01 5.3606479555e-08 
2.9335986979e-01 4.4263505896e-08 
2.8617173907e-01 3.5291778333e-08 
2.8185886065e-01 3.0878211673e-08 
2.7668340653e-01 2.6370187572e-08 
2.7357813407e-01 2.4022479847e-08 
2.6985180711e-01 2.1511181412e-08 
2.6538021475e-01 1.8883026107e-08 
2.6269725934e-01 1.7484147964e-08 
2.5947771285e-01 1.5961113353e-08 
2.5561425705e-01 1.4333052120e-08 
2.5329618358e-01 1.3449958028e-08 
2.5051449541e-01 1.2473623066e-08 
2.4717646960e-01 1.1410720423e-08 
2.4317083864e-01 1.0274357254e-08 
2.4076746006e-01 9.6577101514e-09 
2.3788340576e-01 8.9756012393e-09 
2.3442254060e-01 8.2323930666e-09 
2.3234602151e-01 7.8223438655e-09 
2.2985419860e-01 7.3626727502e-09 
2.2686401111e-01 6.8538786625e-09 
2.2506989861e-01 6.5692979830e-09 
2.2291696361e-01 6.2467389088e-09 
2.2033344162e-01 5.8850372769e-09 
2.1878332842e-01 5.6804300021e-09 
2.1692319259e-01 5.4464017749e-09 
2.1469102958e-01 5.1811426886e-09 
2.1201243398e-01 4.8836847473e-09 
2.1040527662e-01 4.7154067593e-09 
2.0847668778e-01 4.5229175475e-09 
2.0616238118e-01 4.3047125684e-09 
2.0477379722e-01 4.1801064337e-09 
2.0310749647e-01 4.0364878259e-09 
2.0110793556e-01 3.8722195124e-09 
1.9870846248e-01 3.6860224387e-09 
1.9726877863e-01 3.5796998270e-09 
1.9554115800e-01 3.4571589876e-09 
1.9346801326e-01 3.3170014826e-09 
1.9222412641e-01 3.2363421250e-09 
1.9073146220e-01 3.1427893162e-09 
1.8894026514e-01 3.0349855493e-09 
1.8679082866e-01 2.9117095321e-09 
1.8550116678e-01 2.8407804620e-09 
1.8395357252e-01 2.7585205170e-09 
1.8209645941e-01 2.6637431026e-09 
1.7986792367e-01 2.5553852903e-09 
1.7853080223e-01 2.4930385450e-09 
1.7692625651e-01 2.4207420546e-09 
1.7500080163e-01 2.3374504376e-09 
1.7269025578e-01 2.2422291744e-09 
1.7130392827e-01 2.1874445061e-09 
1.6964033526e-01 2.1239182332e-09 
1.6764402365e-01 2.0507314074e-09 
1.6524844971e-01 1.9670575220e-09 
1.6237376099e-01 1.8722486950e-09 
1.6064894775e-01 1.8181222324e-09 
1.5857917187e-01 1.7557435795e-09 
1.5609544082e-01 1.6843946953e-09 
1.5311496355e-01 1.6035092459e-09 
1.5132667719e-01 1.5573029912e-09 
1.4918073355e-01 1.5040275866e-09 
1.4660560119e-01 1.4430543606e-09 
1.4351544236e-01 1.3738736336e-09 
1.4166134706e-01 1.3343285938e-09 
1.3943643270e-01 1.2887043498e-09 
1.3676653547e-01 1.2364604618e-09 
1.3356265879e-01 1.1771070672e-09 
1.3164033279e-01 1.1431472007e-09 
1.2933354158e-01 1.1039333417e-09 
1.2656539213e-01 1.0589729487e-09 
1.2324361279e-01 1.0078325330e-09 
1.2125054519e-01 9.7853321178e-10 
1.1885886406e-01 9.4466188507e-10 
1.1598884671e-01 9.0576646509e-10 
1.1254482590e-01 8.6144060627e-10 
1.0841200091e-01 8.1136272814e-10 
1.0593230592e-01 7.8282335018e-10 
1.0295667194e-01 7.4995581512e-10 
9.9385911153e-02 7.1237162740e-10 
9.5100998211e-02 6.6968208087e-10 
9.2530050446e-02 6.4523651685e-10 
8.9444913128e-02 6.1696198433e-10 
8.5742748346e-02 5.8443764334e-10 
8.1300150608e-02 5.4723088016e-10 
7.5969033323e-02 5.0489118935e-10 
7.2770362952e-02 4.8055211196e-10 
6.8931958506e-02 4.5226215781e-10 
6.4325873171e-02 4.1945984924e-10 
5.8798570770e-02 3.8145264687e-10 
5.5482189329e-02 3.5922995144e-10 
5.1502531600e-02 3.3301108034e-10 
4.6726942325e-02 3.0202702032e-10 
4.0996235195e-02 2.6526382437e-10 
3.4119386639e-02 2.2130387374e-10 
2.5867168371e-02 1.6807018257e-10 
1.5964506451e-02 1.0242098905e-10 
4.0813121462e-03 1.9678337951e-11 
0.0000000000e+00 -9.9076823265e-12 
