EXPORTED XY-GRAPH DATA
795 2 2
V[2]
I[ASPLIT_drain]
0.0000000000e+00 -5.4911728517e-18 
0.0000000000e+00 2.7440679081e-18 
0.0000000000e+00 8.6388295417e-21 
0.0000000000e+00 -1.3754431422e-19 
0.0000000000e+00 -1.1656025132e-19 
0.0000000000e+00 -9.0400945016e-20 
0.0000000000e+00 -7.2852564940e-20 
0.0000000000e+00 6.3148536564e-20 
0.0000000000e+00 -4.1094668044e-21 
0.0000000000e+00 1.9426321023e-21 
0.0000000000e+00 -3.6346713639e-20 
0.0000000000e+00 -3.1493704587e-20 
0.0000000000e+00 1.7816397899e-21 
0.0000000000e+00 1.8790054055e-20 
0.0000000000e+00 9.0693551853e-22 
0.0000000000e+00 8.0845499307e-22 
0.0000000000e+00 -1.1907354277e-20 
0.0000000000e+00 -1.0831645900e-20 
0.0000000000e+00 8.0859846035e-21 
0.0000000000e+00 -6.7704183482e-21 
0.0000000000e+00 2.0867670791e-22 
0.0000000000e+00 1.4639182209e-22 
0.0000000000e+00 -1.4391590441e-22 
0.0000000000e+00 3.4119219888e-21 
0.0000000000e+00 3.6668431972e-22 
0.0000000000e+00 -2.1319920558e-21 
0.0000000000e+00 1.7638565774e-21 
0.0000000000e+00 -1.7296170253e-21 
0.0000000000e+00 1.6483113571e-22 
0.0000000000e+00 -3.0339272529e-23 
0.0000000000e+00 -9.7489228241e-22 
0.0000000000e+00 1.3384335412e-23 
0.0000000000e+00 5.4692503119e-23 
0.0000000000e+00 8.5069856774e-23 
0.0000000000e+00 1.3064686176e-22 
0.0000000000e+00 4.3792625832e-22 
0.0000000000e+00 -2.8925270841e-22 
0.0000000000e+00 -5.6518875949e-23 
0.0000000000e+00 -2.4356218879e-22 
0.0000000000e+00 -3.0454728561e-24 
0.0000000000e+00 -1.4996597716e-22 
0.0000000000e+00 1.4650278178e-22 
0.0000000000e+00 2.5473045130e-22 
0.0000000000e+00 -2.4837483259e-22 
-1.4212447106e-01 1.7839142309e-10 
-2.1497380053e-01 1.1372986444e-10 
-2.5461416557e-01 1.1351316925e-10 
-3.0218260361e-01 1.1326544147e-10 
-3.5926472925e-01 1.1305601248e-10 
-4.2627946240e-01 1.1295319884e-10 
-4.9385570286e-01 1.1300136156e-10 
-5.6288809002e-01 1.1319735611e-10 
-6.3808800468e-01 1.1369689971e-10 
-7.1992152358e-01 1.1496053397e-10 
-8.0435522820e-01 1.1675074552e-10 
-8.8723888171e-01 1.1806562264e-10 
-9.7160579422e-01 1.1881918811e-10 
-1.0000000000e+00 1.1895349306e-10 
-1.0000000000e+00 -5.5282884401e-11 
-1.0000000000e+00 5.9672845437e-12 
-1.0000000000e+00 5.7605205323e-12 
-1.0000000000e+00 5.4570416534e-12 
-1.0000000000e+00 5.0168420335e-12 
-1.0000000000e+00 4.3896212765e-12 
-1.0000000000e+00 3.5417731775e-12 
-1.0000000000e+00 2.5162991148e-12 
-1.0000000000e+00 1.4785313262e-12 
-1.0000000000e+00 6.5309869503e-13 
-1.0000000000e+00 1.6397075121e-13 
-1.0000000000e+00 -3.1499040948e-14 
-1.0000000000e+00 -5.9463402504e-14 
-1.0000000000e+00 -3.2705102000e-14 
-1.0000000000e+00 -8.7235575413e-15 
-1.0000000000e+00 5.6181405574e-16 
-1.0000000000e+00 1.4819995588e-15 
-1.0000000000e+00 5.4450876078e-16 
-1.0000000000e+00 4.0889712570e-17 
-1.0000000000e+00 -3.3347028026e-17 
-1.0000000000e+00 -7.3570039094e-18 
-1.0000000000e+00 5.8057216464e-18 
-1.0000000000e+00 6.9181662915e-18 
-1.0000000000e+00 6.3343672946e-18 
-1.0000000000e+00 6.1775185377e-18 
-1.0000000000e+00 6.1787963121e-18 
-1.0000000000e+00 6.1801248023e-18 
-1.0000000000e+00 6.1808591547e-18 
-1.0000000000e+00 6.1708241757e-18 
-1.0000000000e+00 6.1569519049e-18 
-1.0000000000e+00 6.1258454192e-18 
-1.0000000000e+00 6.0193932426e-18 
-9.1588713606e-01 -5.9005778070e-12 
-8.1495169933e-01 -4.7181895582e-12 
-7.3105698377e-01 -4.3699731906e-12 
-6.5007638563e-01 -4.1500717571e-12 
-5.9929376870e-01 -4.1427553032e-12 
-5.6135043567e-01 -4.1450616021e-12 
-5.2376106395e-01 -4.1403787824e-12 
-4.8141965011e-01 -4.1363432314e-12 
-4.3841247069e-01 -4.1342000153e-12 
-3.9701145682e-01 -4.1337503448e-12 
-3.5546272190e-01 -4.1349520219e-12 
-3.1217199753e-01 -4.1381767253e-12 
-2.6698769951e-01 -4.1439156213e-12 
-2.1973276434e-01 -4.1526648295e-12 
-1.6963876687e-01 -4.1650838197e-12 
-1.2492006183e-01 -4.1792675139e-12 
-8.8732898404e-02 -4.1930769798e-12 
-5.4288242279e-02 -4.2080619762e-12 
-1.8001430601e-02 -4.2261203463e-12 
1.9136919162e-02 -4.2476999147e-12 
5.5873524117e-02 -4.2729519894e-12 
9.2758409191e-02 -4.3031510093e-12 
1.3136592681e-01 -4.3411767244e-12 
1.7420571533e-01 -4.3927790278e-12 
2.2561346157e-01 -4.4702845419e-12 
2.8730275705e-01 -4.5892706022e-12 
3.6038575504e-01 -4.7669053019e-12 
4.2974288733e-01 -4.9678516856e-12 
4.8106945494e-01 -5.1286867076e-12 
5.2086027268e-01 -5.2507303511e-12 
5.5549930716e-01 -5.3451522231e-12 
5.8802312380e-01 -5.4062289636e-12 
6.2119182407e-01 -5.4012584153e-12 
6.5818074051e-01 -5.1953658765e-12 
7.0075261624e-01 -4.2099383585e-12 
7.4599812725e-01 -3.9540328748e-13 
7.5736899419e-01 1.7284739093e-12 
7.7101403451e-01 5.2482262070e-12 
7.8738808290e-01 1.1699697810e-11 
8.0703694097e-01 2.3911299054e-11 
8.1882625581e-01 3.6079735206e-11 
8.2589984471e-01 4.5322713486e-11 
8.3438815139e-01 5.9127923744e-11 
8.3948113540e-01 6.9151703790e-11 
8.4559271622e-01 8.3269684659e-11 
8.5292661319e-01 1.0382512076e-10 
8.5732695138e-01 1.1842326642e-10 
8.6260735720e-01 1.3859056980e-10 
8.6577560069e-01 1.5227232753e-10 
8.6957749288e-01 1.7046507906e-10 
8.7185862820e-01 1.8240466127e-10 
8.7459599058e-01 1.9783916963e-10 
8.7788082543e-01 2.1810705562e-10 
8.7985172634e-01 2.3126205366e-10 
8.8221680744e-01 2.4812480342e-10 
8.8505490475e-01 2.7000759964e-10 
8.8675776314e-01 2.8407667055e-10 
8.8880119321e-01 3.0195873758e-10 
8.9125330929e-01 3.2495204727e-10 
8.9419584858e-01 3.5495287662e-10 
8.9596137216e-01 3.7431771953e-10 
8.9808000045e-01 3.9901424525e-10 
9.0062235440e-01 4.3091257599e-10 
9.0214776677e-01 4.5132290008e-10 
9.0397826162e-01 4.7716101904e-10 
9.0617485543e-01 5.1023781570e-10 
9.0749281172e-01 5.3123742835e-10 
9.0907435926e-01 5.5765238681e-10 
9.1097221632e-01 5.9119729155e-10 
9.1211093055e-01 6.1234799898e-10 
9.1347738763e-01 6.3879701403e-10 
9.1511713613e-01 6.7215459546e-10 
9.1708483432e-01 7.1466163369e-10 
9.1826545324e-01 7.4154045354e-10 
9.1968219594e-01 7.7523479898e-10 
9.2138228718e-01 8.1785679128e-10 
9.2240234192e-01 8.4463591651e-10 
9.2362640761e-01 8.7802538203e-10 
9.2509528645e-01 9.1998740606e-10 
9.2685794104e-01 9.7323011915e-10 
9.2791553380e-01 1.0067715688e-09 
9.2918464511e-01 1.0486862273e-09 
9.3070757868e-01 1.1015052581e-09 
9.3162133883e-01 1.1345808168e-09 
9.3271785100e-01 1.1757062638e-09 
9.3403366561e-01 1.2272160098e-09 
9.3561264313e-01 1.2923050898e-09 
9.3656002965e-01 1.3331618715e-09 
9.3769689347e-01 1.3840637134e-09 
9.3906113006e-01 1.4479721103e-09 
9.3987967201e-01 1.4878627176e-09 
9.4086192235e-01 1.5373275485e-09 
9.4204062275e-01 1.5990783168e-09 
9.4345506324e-01 1.6767951262e-09 
9.4430372754e-01 1.7254063851e-09 
9.4532212469e-01 1.7857895805e-09 
9.4654420128e-01 1.8613280782e-09 
9.4727744723e-01 1.9083280941e-09 
9.4815734237e-01 1.9664529069e-09 
9.4921321653e-01 2.0387783453e-09 
9.5048026554e-01 2.1294420129e-09 
9.5124049494e-01 2.1859530200e-09 
9.5215277022e-01 2.2559425325e-09 
9.5324750056e-01 2.3431841388e-09 
9.5456117696e-01 2.4527738658e-09 
9.5534938281e-01 2.5212038724e-09 
9.5629522982e-01 2.6060793562e-09 
9.5743024623e-01 2.7120603132e-09 
9.5811125608e-01 2.7778918184e-09 
9.5892846790e-01 2.8591885045e-09 
9.5990912208e-01 2.9601664591e-09 
9.6108590710e-01 3.0864643583e-09 
9.6179197811e-01 3.1650269895e-09 
9.6263926332e-01 3.2621578367e-09 
9.6365600558e-01 3.3829666077e-09 
9.6426605093e-01 3.4577496330e-09 
9.6499810535e-01 3.5498322174e-09 
9.6587657066e-01 3.6638026357e-09 
9.6693072903e-01 3.8057349133e-09 
9.6756322406e-01 3.8936876716e-09 
9.6832221808e-01 4.0020801211e-09 
9.6923301092e-01 4.1363701588e-09 
9.7032596231e-01 4.3037987670e-09 
9.7098173315e-01 4.4076499628e-09 
9.7176865816e-01 4.5357311760e-09 
9.7271296817e-01 4.6945484748e-09 
9.7327955417e-01 4.7925911904e-09 
9.7395945738e-01 4.9130337621e-09 
9.7477534123e-01 5.0616752089e-09 
9.7575440184e-01 5.2461237515e-09 
9.7634183821e-01 5.3600579645e-09 
9.7704676186e-01 5.5000870695e-09 
9.7789267023e-01 5.6729879491e-09 
9.7890776028e-01 5.8876526110e-09 
9.7951681431e-01 6.0203045767e-09 
9.8024767914e-01 6.1833846378e-09 
9.8112471694e-01 6.3848034434e-09 
9.8217716230e-01 6.6349360493e-09 
9.8280862952e-01 6.7895282867e-09 
9.8356639018e-01 6.9795910141e-09 
9.8447570297e-01 7.2143324513e-09 
9.8556687832e-01 7.5058072525e-09 
9.8622158353e-01 7.6859152625e-09 
9.8700722979e-01 7.9072946468e-09 
9.8795000529e-01 8.1806072204e-09 
9.8908133589e-01 8.5197705179e-09 
9.8976013425e-01 8.7292154889e-09 
9.9057469229e-01 8.9864960103e-09 
9.9155216193e-01 9.3038612205e-09 
9.9272512550e-01 9.6972247689e-09 
9.9342890364e-01 9.9398610950e-09 
9.9427343741e-01 1.0237596220e-08 
9.9528687794e-01 1.0604351118e-08 
9.9650300657e-01 1.1058076256e-08 
9.9723268374e-01 1.1337452716e-08 
9.9810829636e-01 1.1679729410e-08 
9.9915903149e-01 1.2100484817e-08 
1.0004199137e+00 1.2619641297e-08 
1.0011764430e+00 1.2938525202e-08 
1.0020842781e+00 1.3328363741e-08 
1.0031736803e+00 1.3806277771e-08 
1.0044809629e+00 1.4393908536e-08 
1.0052653325e+00 1.4753706402e-08 
1.0062065760e+00 1.5192350673e-08 
1.0073360682e+00 1.5728245311e-08 
1.0086914588e+00 1.6384355324e-08 
1.0095046932e+00 1.6784499597e-08 
1.0104805744e+00 1.7270705415e-08 
1.0116516319e+00 1.7862260877e-08 
1.0130569009e+00 1.8582796079e-08 
1.0147432237e+00 1.9461002977e-08 
1.0157550174e+00 1.9994210037e-08 
1.0169691698e+00 2.0639338056e-08 
1.0184261527e+00 2.1419779040e-08 
1.0201745322e+00 2.2363166136e-08 
1.0222725876e+00 2.3501294758e-08 
1.0235314208e+00 2.4185660383e-08 
1.0250420207e+00 2.5006630152e-08 
1.0268547405e+00 2.5989158200e-08 
1.0290300044e+00 2.7160966049e-08 
1.0316403209e+00 2.8551044213e-08 
1.0347727008e+00 3.0188100375e-08 
1.0366521288e+00 3.1150599570e-08 
1.0389074423e+00 3.2283649052e-08 
1.0416138185e+00 3.3609590883e-08 
1.0448614700e+00 3.5149741956e-08 
1.0487586518e+00 3.6923469832e-08 
1.0534352699e+00 3.8947628653e-08 
1.0562412408e+00 4.0108417595e-08 
1.0596084058e+00 4.1453447837e-08 
1.0636490039e+00 4.3006880097e-08 
1.0684977215e+00 4.4797124461e-08 
1.0714069521e+00 4.5836925995e-08 
1.0748980289e+00 4.7057748221e-08 
1.0790873209e+00 4.8492851214e-08 
1.0841144714e+00 5.0184258452e-08 
1.0901470520e+00 5.2187486418e-08 
1.0937666003e+00 5.3381274784e-08 
1.0981100583e+00 5.4813172179e-08 
1.1033222080e+00 5.6538789745e-08 
1.1095767875e+00 5.8630499279e-08 
1.1133295352e+00 5.9899868384e-08 
1.1178328325e+00 6.1441218607e-08 
1.1232367892e+00 6.3321208054e-08 
1.1297215373e+00 6.5626561399e-08 
1.1336123861e+00 6.7037758146e-08 
1.1382814047e+00 6.8761116991e-08 
1.1438842271e+00 7.0874769906e-08 
1.1506076139e+00 7.3480931248e-08 
1.1586756780e+00 7.6715539124e-08 
1.1635165165e+00 7.8715804823e-08 
1.1693255227e+00 8.1178407053e-08 
1.1762963302e+00 8.4227937735e-08 
1.1846612991e+00 8.8031776587e-08 
1.1896802804e+00 9.0394231549e-08 
1.1957030580e+00 9.3313195978e-08 
1.2029303912e+00 9.6943945415e-08 
1.2116031910e+00 1.0149816478e-07 
1.2168068708e+00 1.0434066688e-07 
1.2230512867e+00 1.0786784072e-07 
1.2305445857e+00 1.1227874928e-07 
1.2395365445e+00 1.1784906777e-07 
1.2449317198e+00 1.2134759433e-07 
1.2481688249e+00 1.2350639274e-07 
1.2520533511e+00 1.2615878857e-07 
1.2567147826e+00 1.2943359551e-07 
1.2623085003e+00 1.3350263967e-07 
1.2656647310e+00 1.3602061426e-07 
1.2696922077e+00 1.3912171886e-07 
1.2745251798e+00 1.4296292544e-07 
1.2803247464e+00 1.4775448479e-07 
1.2838044863e+00 1.5072943606e-07 
1.2879801742e+00 1.5440345370e-07 
1.2929909997e+00 1.5896928612e-07 
1.2990039903e+00 1.6468719139e-07 
1.3026117847e+00 1.6824947469e-07 
1.3069411379e+00 1.7266127641e-07 
1.3121363618e+00 1.7816246352e-07 
1.3183706304e+00 1.8507919103e-07 
1.3221111916e+00 1.8940309391e-07 
1.3265998651e+00 1.9477316775e-07 
1.3319862732e+00 2.0149132022e-07 
1.3384499629e+00 2.0997104970e-07 
1.3423281767e+00 2.1528957900e-07 
1.3469820334e+00 2.2191238740e-07 
1.3525666613e+00 2.3022341417e-07 
1.3592682148e+00 2.4075060745e-07 
1.3632891469e+00 2.4737258637e-07 
1.3681142655e+00 2.5563751378e-07 
1.3739044077e+00 2.6603659495e-07 
1.3808525784e+00 2.7924684665e-07 
1.3891903832e+00 2.9622161303e-07 
1.3941930661e+00 3.0702986609e-07 
1.4001962856e+00 3.2065228005e-07 
1.4074001489e+00 3.3798715559e-07 
1.4160447850e+00 3.6029444280e-07 
1.4212315666e+00 3.7450922805e-07 
1.4274557046e+00 3.9242891057e-07 
1.4349246701e+00 4.1522571945e-07 
1.4438874288e+00 4.4453236547e-07 
1.4546427391e+00 4.8265281171e-07 
1.4675491116e+00 5.3287888517e-07 
1.4752929351e+00 5.6546910046e-07 
1.4845855232e+00 6.0708829916e-07 
1.4957366290e+00 6.6073605152e-07 
1.5091179560e+00 7.3056567418e-07 
1.5251755483e+00 8.2232620689e-07 
1.5444446592e+00 9.4392505464e-07 
1.5560061257e+00 1.0228309419e-06 
1.5698798855e+00 1.1232304899e-06 
1.5865283972e+00 1.2516190374e-06 
1.6065066113e+00 1.4164011960e-06 
1.6304804682e+00 1.6281714845e-06 
1.6448647824e+00 1.7618125728e-06 
1.6621259594e+00 1.9279037168e-06 
1.6828393717e+00 2.1344026332e-06 
1.7076954666e+00 2.3908112342e-06 
1.7375227804e+00 2.7081211805e-06 
1.7733155570e+00 3.0985997578e-06 
1.7947912230e+00 3.3362521472e-06 
1.8205620221e+00 3.6234477295e-06 
1.8514869811e+00 3.9695813590e-06 
1.8885969319e+00 4.3852573579e-06 
1.9331288728e+00 4.8822570174e-06 
1.9598480374e+00 5.1787328344e-06 
1.9919110348e+00 5.5322852738e-06 
2.0303866318e+00 5.9528710630e-06 
2.0765573482e+00 6.4517251851e-06 
2.1319622078e+00 7.0413327860e-06 
2.1984480393e+00 7.7352695930e-06 
2.2782310372e+00 8.5478921126e-06 
2.3261008359e+00 9.0248970708e-06 
2.3835445944e+00 9.5868891737e-06 
2.4180108494e+00 9.9187194117e-06 
2.4593703555e+00 1.0311710674e-05 
2.5090017629e+00 1.0775995662e-05 
2.5685594516e+00 1.1322991188e-05 
2.6042940649e+00 1.1646073449e-05 
2.6471756008e+00 1.2028883774e-05 
2.6986334439e+00 1.2481442249e-05 
2.7603828556e+00 1.3015062459e-05 
2.8344821497e+00 1.3642368654e-05 
2.8789417261e+00 1.4012194125e-05 
2.9322932178e+00 1.4449727569e-05 
2.9963150079e+00 1.4966077248e-05 
3.0000000000e+00 1.4995516955e-05 
3.0000000000e+00 1.5019630182e-05 
3.0000000000e+00 1.5048856457e-05 
3.0000000000e+00 1.5084084897e-05 
3.0000000000e+00 1.5126334989e-05 
3.0000000000e+00 1.5176892200e-05 
3.0000000000e+00 1.5237333627e-05 
3.0000000000e+00 1.5309544918e-05 
3.0000000000e+00 1.5395746277e-05 
3.0000000000e+00 1.5498530597e-05 
3.0000000000e+00 1.5620899958e-05 
3.0000000000e+00 1.5766271011e-05 
3.0000000000e+00 1.5938369057e-05 
3.0000000000e+00 1.6140712238e-05 
3.0000000000e+00 1.6374429976e-05 
3.0000000000e+00 1.6629561247e-05 
3.0000000000e+00 1.6863619248e-05 
3.0000000000e+00 1.6898887751e-05 
2.9840019200e+00 1.6883880842e-05 
2.9648042241e+00 1.6826297382e-05 
2.9417669889e+00 1.6701165234e-05 
2.9141223067e+00 1.6497116828e-05 
2.8809486881e+00 1.6216487942e-05 
2.8411403458e+00 1.5862678913e-05 
2.7933703350e+00 1.5430770716e-05 
2.7360463220e+00 1.4905834886e-05 
2.6672575064e+00 1.4264620616e-05 
2.6259842171e+00 1.3873212569e-05 
2.5764562699e+00 1.3396392864e-05 
2.5170227332e+00 1.2813571768e-05 
2.4813626113e+00 1.2458131885e-05 
2.4385704649e+00 1.2025740929e-05 
2.3872198892e+00 1.1498156726e-05 
2.3564095438e+00 1.1176888719e-05 
2.3194371293e+00 1.0786551821e-05 
2.2750702320e+00 1.0311012345e-05 
2.2218299551e+00 9.7297623501e-06 
2.1898857890e+00 9.3753151042e-06 
2.1515527897e+00 8.9442569389e-06 
2.1055531905e+00 8.4187053220e-06 
2.0779534310e+00 8.0990391240e-06 
2.0448337195e+00 7.7111967365e-06 
2.0050900658e+00 7.2397782985e-06 
1.9573976814e+00 6.6656746384e-06 
1.9287822507e+00 6.3169849198e-06 
1.8944437339e+00 5.8946286023e-06 
1.8532375137e+00 5.3826360792e-06 
1.8285137817e+00 5.0730768358e-06 
1.7988453031e+00 4.6997506835e-06 
1.7632431289e+00 4.2500451028e-06 
1.7418818244e+00 3.9799758067e-06 
1.7162482589e+00 3.6564999239e-06 
1.6854879804e+00 3.2707646729e-06 
1.6670318133e+00 3.0415890578e-06 
1.6448844128e+00 2.7700011896e-06 
1.6183075321e+00 2.4509901693e-06 
1.6023614037e+00 2.2643314721e-06 
1.5832260497e+00 2.0462708255e-06 
1.5602636248e+00 1.7949584776e-06 
1.5464861699e+00 1.6505426773e-06 
1.5299532239e+00 1.4844658701e-06 
1.5101136888e+00 1.2967568930e-06 
1.4982099678e+00 1.1907314306e-06 
1.4839255025e+00 1.0704903630e-06 
1.4667841442e+00 9.3674415588e-07 
1.4564993292e+00 8.6218150500e-07 
1.4441575512e+00 7.7844283674e-07 
1.4293474176e+00 6.8624703392e-07 
1.4204613375e+00 6.3523117664e-07 
1.4097980413e+00 5.7820900909e-07 
1.4034000636e+00 5.4614941149e-07 
1.3957224903e+00 5.0976321896e-07 
1.3865094024e+00 4.6902260298e-07 
1.3809815497e+00 4.4606047176e-07 
1.3743481264e+00 4.1992672084e-07 
1.3663880184e+00 3.9054258481e-07 
1.3616119537e+00 3.7390884409e-07 
1.3558806759e+00 3.5489918123e-07 
1.3490031427e+00 3.3340573191e-07 
1.3448766227e+00 3.2117318780e-07 
1.3399247988e+00 3.0712603801e-07 
1.3339826100e+00 2.9114463451e-07 
1.3268519835e+00 2.7316728514e-07 
1.3225736076e+00 2.6297940460e-07 
1.3174395566e+00 2.5131838053e-07 
1.3112786953e+00 2.3810002940e-07 
1.3075821785e+00 2.3055625161e-07 
1.3031463584e+00 2.2186976626e-07 
1.2978233742e+00 2.1195010911e-07 
1.2946295837e+00 2.0625112313e-07 
1.2907970351e+00 1.9965209408e-07 
1.2861979768e+00 1.9206452245e-07 
1.2806791068e+00 1.8341332417e-07 
1.2773677849e+00 1.7844921338e-07 
1.2733941985e+00 1.7270621688e-07 
1.2686258948e+00 1.6610906621e-07 
1.2657649126e+00 1.6229849870e-07 
1.2623317340e+00 1.5786593552e-07 
1.2582119196e+00 1.5274056344e-07 
1.2532681424e+00 1.4685579982e-07 
1.2503018761e+00 1.4345784159e-07 
1.2467423565e+00 1.3950595460e-07 
1.2424709329e+00 1.3493694669e-07 
1.2399080788e+00 1.3228266844e-07 
1.2368326539e+00 1.2918036492e-07 
1.2331421440e+00 1.2557237182e-07 
1.2287135321e+00 1.2140070123e-07 
1.2260563649e+00 1.1897695374e-07 
1.2228677643e+00 1.1614360993e-07 
1.2190414436e+00 1.1284754295e-07 
1.2144498588e+00 1.0903497542e-07 
1.2089399570e+00 1.0465405458e-07 
1.2023280749e+00 9.9657267809e-08 
1.1983609456e+00 9.6786711710e-08 
1.1959806680e+00 9.5107933134e-08 
1.1931243349e+00 9.3134845459e-08 
1.1896967352e+00 9.0824742634e-08 
1.1855836155e+00 8.8132230781e-08 
1.1806478720e+00 8.5010438597e-08 
1.1747249797e+00 8.1411951703e-08 
1.1711712443e+00 7.9326147447e-08 
1.1669067618e+00 7.6891803374e-08 
1.1617893829e+00 7.4064244764e-08 
1.1556485281e+00 7.0798375771e-08 
1.1519640153e+00 6.8902012985e-08 
1.1475425999e+00 6.6685618533e-08 
1.1422369014e+00 6.4107195471e-08 
1.1390534823e+00 6.2600838479e-08 
1.1352333794e+00 6.0831764146e-08 
1.1306492559e+00 5.8762222862e-08 
1.1251483077e+00 5.6352132587e-08 
1.1218477388e+00 5.4942925340e-08 
1.1178870561e+00 5.3286945622e-08 
1.1131342368e+00 5.1348470101e-08 
1.1102825453e+00 5.0210056587e-08 
1.1068605155e+00 4.8867715738e-08 
1.1027540796e+00 4.7290018435e-08 
1.0978263566e+00 4.5443050585e-08 
1.0948697228e+00 4.4358401576e-08 
1.0913217623e+00 4.3079559700e-08 
1.0870642096e+00 4.1576981621e-08 
1.0845096780e+00 4.0691847579e-08 
1.0814442401e+00 3.9645821464e-08 
1.0777657146e+00 3.8413047442e-08 
1.0733514840e+00 3.6965637405e-08 
1.0707029457e+00 3.6113660411e-08 
1.0675246996e+00 3.5107322238e-08 
1.0637108044e+00 3.3922579642e-08 
1.0591341301e+00 3.2533363659e-08 
1.0563881255e+00 3.1716608310e-08 
1.0530929200e+00 3.0752976871e-08 
1.0491386735e+00 2.9620190882e-08 
1.0467661255e+00 2.8952760741e-08 
1.0439190680e+00 2.8163907704e-08 
1.0405025989e+00 2.7234607348e-08 
1.0364028361e+00 2.6144293611e-08 
1.0339429783e+00 2.5503222981e-08 
1.0309911491e+00 2.4746575728e-08 
1.0274489540e+00 2.3856954223e-08 
1.0253236369e+00 2.3332810707e-08 
1.0227732564e+00 2.2713403146e-08 
1.0197127999e+00 2.1983758292e-08 
1.0160402520e+00 2.1127900566e-08 
1.0138367232e+00 2.0624788628e-08 
1.0111924888e+00 2.0031390942e-08 
1.0080194074e+00 1.9333854143e-08 
1.0061155586e+00 1.8923020658e-08 
1.0038309400e+00 1.8437656654e-08 
1.0010893977e+00 1.7866165332e-08 
9.9779954689e-01 1.7196154987e-08 
9.9582563643e-01 1.6802445605e-08 
9.9345694387e-01 1.6338210273e-08 
9.9061451281e-01 1.5792759169e-08 
9.8890905417e-01 1.5471610917e-08 
9.8686250380e-01 1.5092280799e-08 
9.8440664336e-01 1.4645994275e-08 
9.8145961083e-01 1.4122620151e-08 
9.7969139131e-01 1.3815054711e-08 
9.7756952789e-01 1.3452360487e-08 
9.7502329179e-01 1.3026211887e-08 
9.7349555013e-01 1.2775280300e-08 
9.7166226013e-01 1.2478839616e-08 
9.6946231213e-01 1.2129871872e-08 
9.6682237454e-01 1.1720551571e-08 
9.6523841198e-01 1.1479917305e-08 
9.6333765692e-01 1.1196018543e-08 
9.6105675084e-01 1.0862254261e-08 
9.5968820719e-01 1.0665600983e-08 
9.5804595481e-01 1.0433150676e-08 
9.5607525196e-01 1.0159270317e-08 
9.5371040853e-01 9.8377410030e-09 
9.5229150248e-01 9.6485441903e-09 
9.5058881521e-01 9.4251458446e-09 
9.4854559049e-01 9.1622368509e-09 
9.4731965566e-01 9.0071805803e-09 
9.4584853386e-01 8.8237448218e-09 
9.4408318770e-01 8.6073741677e-09 
9.4196477232e-01 8.3530425356e-09 
9.4069372308e-01 8.2032092016e-09 
9.3916846400e-01 8.0261113094e-09 
9.3733815311e-01 7.8174341921e-09 
9.3514178003e-01 7.5724768933e-09 
9.3382395619e-01 7.4283350180e-09 
9.3224256757e-01 7.2581299050e-09 
9.3034490124e-01 7.0578036947e-09 
9.2920630143e-01 6.9396453250e-09 
9.2783998167e-01 6.7998470259e-09 
9.2620039796e-01 6.6349218553e-09 
9.2423289750e-01 6.4410389708e-09 
9.2305239722e-01 6.3267999278e-09 
9.2163579689e-01 6.1917555400e-09 
9.1993587650e-01 6.0326059391e-09 
9.1891592426e-01 5.9386247805e-09 
9.1769198158e-01 5.8273241723e-09 
9.1622325035e-01 5.6958666938e-09 
9.1446077289e-01 5.5411110830e-09 
9.1340328641e-01 5.4498117537e-09 
9.1213430263e-01 5.3417731834e-09 
9.1061152210e-01 5.2142922997e-09 
9.0969785378e-01 5.1389289187e-09 
9.0860145180e-01 5.0495954089e-09 
9.0728576942e-01 4.9439684174e-09 
9.0570695057e-01 4.8194556543e-09 
9.0475965926e-01 4.7459115689e-09 
9.0362290968e-01 4.6587988284e-09 
9.0225881019e-01 4.5559169960e-09 
9.0062189080e-01 4.4347445548e-09 
8.9963973917e-01 4.3632396949e-09 
8.9846115721e-01 4.2786095430e-09 
8.9704685886e-01 4.1787299025e-09 
8.9619827985e-01 4.1196732558e-09 
8.9517998503e-01 4.0496598574e-09 
8.9395803126e-01 3.9668719901e-09 
8.9249168673e-01 3.8692556556e-09 
8.9161188001e-01 3.8115877256e-09 
8.9055611195e-01 3.7432704935e-09 
8.8928919027e-01 3.6625704676e-09 
8.8852903727e-01 3.6147943362e-09 
8.8761685366e-01 3.5581081218e-09 
8.8652223334e-01 3.4910041758e-09 
8.8520868894e-01 3.4117901383e-09 
8.8442056231e-01 3.3649430458e-09 
8.8347481035e-01 3.3093951010e-09 
8.8233990799e-01 3.2436971733e-09 
8.8097802516e-01 3.1662147033e-09 
8.8016089547e-01 3.1204313136e-09 
8.7918033983e-01 3.0661837723e-09 
8.7800367307e-01 3.0020748659e-09 
8.7729767302e-01 2.9641229405e-09 
8.7645047295e-01 2.9190848399e-09 
8.7543383287e-01 2.8657608029e-09 
8.7421386477e-01 2.8027976621e-09 
8.7348188391e-01 2.7655532297e-09 
8.7260350688e-01 2.7213834195e-09 
8.7154945444e-01 2.6691306545e-09 
8.7028459152e-01 2.6074889757e-09 
8.6952567376e-01 2.5710568473e-09 
8.6861497246e-01 2.5278807226e-09 
8.6752213089e-01 2.4768427245e-09 
8.6621072101e-01 2.4166995934e-09 
8.6542387508e-01 2.3811854660e-09 
8.6447965997e-01 2.3391298277e-09 
8.6334660183e-01 2.2894611975e-09 
8.6198693207e-01 2.2310023924e-09 
8.6117113021e-01 2.1965123863e-09 
8.6019216798e-01 2.1557129793e-09 
8.5901741330e-01 2.1075629733e-09 
8.5831256050e-01 2.0790996754e-09 
8.5746673713e-01 2.0453619993e-09 
8.5645174909e-01 2.0054733658e-09 
8.5523376345e-01 1.9584572190e-09 
8.5450297206e-01 1.9306880910e-09 
8.5362602239e-01 1.8977975898e-09 
8.5257368279e-01 1.8589438724e-09 
8.5131087527e-01 1.8131957378e-09 
8.5055319076e-01 1.7862006078e-09 
8.4964396934e-01 1.7542505493e-09 
8.4855290365e-01 1.7165435948e-09 
8.4724362481e-01 1.6721955428e-09 
8.4645805751e-01 1.6460527294e-09 
8.4551537675e-01 1.6151365217e-09 
8.4438415983e-01 1.5786858588e-09 
8.4302669954e-01 1.5358665526e-09 
8.4221222336e-01 1.5106512637e-09 
8.4123485194e-01 1.4808585425e-09 
8.4006200625e-01 1.4457696040e-09 
8.3865459141e-01 1.4046026578e-09 
8.3781014251e-01 1.3803876434e-09 
8.3679680383e-01 1.3518034002e-09 
8.3558079741e-01 1.3181755877e-09 
8.3412158970e-01 1.2787764479e-09 
8.3324606508e-01 1.2556289656e-09 
8.3219543554e-01 1.2283319223e-09 
8.3093468008e-01 1.1962567664e-09 
8.2942177354e-01 1.1587309209e-09 
8.2851402961e-01 1.1367119933e-09 
8.2742473690e-01 1.1107731441e-09 
8.2611758564e-01 1.0803326394e-09 
8.2454900413e-01 1.0447738365e-09 
8.2360785523e-01 1.0239372001e-09 
8.2247847654e-01 9.9941846082e-10 
8.2112322212e-01 9.7068315065e-10 
8.1949691682e-01 9.3717660330e-10 
8.1852113363e-01 9.1756566613e-10 
8.1735019381e-01 8.9451793616e-10 
8.1594506603e-01 8.6754474413e-10 
8.1425891269e-01 8.3614119071e-10 
8.1324722068e-01 8.1779318418e-10 
8.1203319027e-01 7.9625507894e-10 
8.1057635379e-01 7.7108643607e-10 
8.0882815000e-01 7.4183651161e-10 
8.0777922773e-01 7.2477389455e-10 
8.0652052101e-01 7.0477074993e-10 
8.0501007294e-01 6.8143256247e-10 
8.0319753525e-01 6.5436115614e-10 
8.0211001264e-01 6.3859550535e-10 
8.0080498551e-01 6.2013815082e-10 
7.9923895295e-01 5.9863892252e-10 
7.9735971388e-01 5.7374996273e-10 
7.9510462700e-01 5.4515098813e-10 
7.9375157487e-01 5.2863404452e-10 
7.9212791231e-01 5.0943026244e-10 
7.9017951724e-01 4.8724755508e-10 
7.8784144316e-01 4.6182544606e-10 
7.8643859871e-01 4.4717716429e-10 
7.8475518537e-01 4.3017834753e-10 
7.8273508936e-01 4.1058728352e-10 
7.8031097416e-01 3.8819656836e-10 
7.7885650503e-01 3.7532566177e-10 
7.7711114208e-01 3.6041868659e-10 
7.7501670654e-01 3.4327871479e-10 
7.7250338389e-01 3.2374414357e-10 
7.6948739672e-01 3.0171685826e-10 
7.6767780441e-01 2.8921430744e-10 
7.6550629364e-01 2.7486107159e-10 
7.6290048072e-01 2.5855616320e-10 
7.5977350522e-01 2.4023953720e-10 
7.5789731991e-01 2.2986517676e-10 
7.5564589755e-01 2.1800441128e-10 
7.5294419071e-01 2.0456025414e-10 
7.4970214251e-01 1.8951281958e-10 
7.4581168466e-01 1.7290719716e-10 
7.4347740996e-01 1.6365738163e-10 
7.4067628031e-01 1.5320494824e-10 
7.3731492473e-01 1.4155124841e-10 
7.3328129804e-01 1.2874864180e-10 
7.2844094600e-01 1.1493646984e-10 
7.2263252356e-01 1.0035727906e-10 
7.1914747010e-01 9.2545311215e-11 
7.1496540595e-01 8.4004249287e-11 
7.0994692896e-01 7.4840975217e-11 
7.0392475657e-01 6.5236791884e-11 
6.9669814971e-01 5.5429305481e-11 
6.8802622148e-01 4.5726664990e-11 
6.8282306454e-01 4.0849451925e-11 
6.7657927621e-01 3.5758465748e-11 
6.6908673022e-01 3.0593028874e-11 
6.6009567502e-01 2.5536839380e-11 
6.4930640879e-01 2.0781277930e-11 
6.3635928931e-01 1.6520478237e-11 
6.2082274594e-01 1.2911744404e-11 
6.0217889389e-01 1.0058335858e-11 
5.7980627143e-01 7.9702055619e-12 
5.5657157482e-01 6.7114121307e-12 
5.3675428613e-01 6.0615939075e-12 
5.1980744231e-01 5.6927991661e-12 
5.0408798974e-01 5.4493571736e-12 
4.8873633806e-01 5.2728330082e-12 
4.7359583749e-01 5.1393482867e-12 
4.5861138233e-01 5.0354457433e-12 
4.4349814868e-01 4.9517765357e-12 
4.2789307872e-01 4.8826589570e-12 
4.1135383866e-01 4.8246055466e-12 
3.9330792760e-01 4.7753110837e-12 
3.7306714215e-01 4.7332428886e-12 
3.5001853734e-01 4.6975445163e-12 
3.2383053490e-01 4.6677100622e-12 
2.9446353311e-01 4.6432346844e-12 
2.6212295256e-01 4.6236507060e-12 
2.2697398195e-01 4.6085175188e-12 
1.8889790752e-01 4.5974474374e-12 
1.4796250044e-01 4.5901819384e-12 
1.0381854388e-01 4.5861411163e-12 
5.6462068047e-02 4.5844011986e-12 
6.0102702072e-03 4.5834248469e-12 
-4.7415264306e-02 4.5813301288e-12 
-1.0382192171e-01 4.5763605210e-12 
-1.6414907146e-01 4.5671795138e-12 
-2.2805413497e-01 4.5532723517e-12 
-2.9401816055e-01 4.5355245985e-12 
-3.6303934865e-01 4.5142554313e-12 
-4.3465314647e-01 4.4909056993e-12 
-5.0614496451e-01 4.4689304829e-12 
-5.7785807129e-01 4.4590816007e-12 
-6.5040703624e-01 4.4951927700e-12 
-7.2309348944e-01 4.6335599912e-12 
-7.9681924019e-01 4.8475452576e-12 
-8.7523693122e-01 5.0298582275e-12 
-9.5624616227e-01 5.1415948386e-12 
-1.0000000000e+00 5.1736810270e-12 
