EXPORTED XY-GRAPH DATA
186 2 2
V[1]
I[ASPLIT_drain]
0.0000000000e+00 -3.0027890627e-20 
0.0000000000e+00 1.4304317520e-20 
0.0000000000e+00 1.0088978393e-20 
0.0000000000e+00 -1.5333068052e-19 
0.0000000000e+00 -1.1846823207e-19 
0.0000000000e+00 -1.0470592406e-19 
0.0000000000e+00 -8.0851918980e-20 
0.0000000000e+00 5.5054911367e-20 
0.0000000000e+00 -4.4988822155e-21 
0.0000000000e+00 -2.5687051853e-21 
0.0000000000e+00 -4.1552311470e-20 
0.0000000000e+00 -3.3376686782e-20 
0.0000000000e+00 2.5504950459e-21 
0.0000000000e+00 2.0160615269e-20 
0.0000000000e+00 -4.9923891885e-22 
0.0000000000e+00 1.5655571888e-21 
0.0000000000e+00 -1.3928095479e-20 
0.0000000000e+00 -9.8432831873e-21 
0.0000000000e+00 8.1072918458e-21 
0.0000000000e+00 -8.2065869549e-21 
0.0000000000e+00 2.7140317228e-22 
0.0000000000e+00 -2.0874082101e-22 
0.0000000000e+00 -6.7287213668e-23 
0.0000000000e+00 3.3800566828e-21 
0.0000000000e+00 -2.1685526848e-22 
0.0000000000e+00 -2.3198959365e-21 
0.0000000000e+00 1.7620477721e-21 
0.0000000000e+00 -1.7721944695e-21 
0.0000000000e+00 -6.3847940244e-23 
0.0000000000e+00 9.5880667195e-23 
0.0000000000e+00 -1.1886449173e-21 
0.0000000000e+00 5.2273303030e-23 
0.0000000000e+00 1.6934265513e-22 
0.0000000000e+00 3.9390196623e-23 
0.0000000000e+00 1.1247585387e-22 
0.0000000000e+00 4.2950208049e-22 
0.0000000000e+00 -3.0256329197e-22 
0.0000000000e+00 2.4564679308e-22 
0.0000000000e+00 -2.2939473557e-22 
0.0000000000e+00 3.6570377039e-22 
0.0000000000e+00 -3.2073589992e-22 
0.0000000000e+00 -1.5990583462e-22 
0.0000000000e+00 9.0610923537e-23 
0.0000000000e+00 -1.4674936697e-22 
0.0000000000e+00 -7.2207974001e-11 
0.0000000000e+00 -4.7773845417e-11 
0.0000000000e+00 -4.8471448586e-11 
0.0000000000e+00 -4.9443379767e-11 
0.0000000000e+00 -5.0787519683e-11 
0.0000000000e+00 -5.2639911209e-11 
0.0000000000e+00 -5.3464007555e-11 
0.0000000000e+00 2.5022773917e-11 
0.0000000000e+00 -1.1878588500e-12 
0.0000000000e+00 -5.5974369444e-13 
0.0000000000e+00 -1.8365944078e-13 
0.0000000000e+00 -1.2800670631e-14 
0.0000000000e+00 3.3208904906e-14 
0.0000000000e+00 2.6669489982e-14 
0.0000000000e+00 1.0907599263e-14 
0.0000000000e+00 1.5883340283e-15 
0.0000000000e+00 -1.0858082719e-15 
0.0000000000e+00 -9.5475819404e-16 
0.0000000000e+00 -4.9188494588e-16 
0.0000000000e+00 -3.1512726067e-16 
0.0000000000e+00 -3.0350208548e-16 
0.0000000000e+00 -3.1730527191e-16 
0.0000000000e+00 -3.2204673215e-16 
0.0000000000e+00 -3.2214017299e-16 
0.0000000000e+00 -3.2185755597e-16 
0.0000000000e+00 -3.2179775063e-16 
0.0000000000e+00 -3.2179335106e-16 
0.0000000000e+00 -3.2178472592e-16 
0.0000000000e+00 -3.2177138448e-16 
0.0000000000e+00 -3.2175519593e-16 
0.0000000000e+00 -3.2173583191e-16 
0.0000000000e+00 -3.2171261303e-16 
0.0000000000e+00 -3.2168474989e-16 
0.0000000000e+00 -3.2167593289e-16 
7.5723649078e-02 9.1135807192e-12 
1.4048191890e-01 5.7464958906e-12 
1.7350405306e-01 5.6958951500e-12 
2.1313061406e-01 5.6441050214e-12 
2.6068248726e-01 5.5866529297e-12 
3.1274886876e-01 5.5285865776e-12 
3.6620740639e-01 5.4738534185e-12 
4.1769057591e-01 5.4253164160e-12 
4.7120688824e-01 5.3784221111e-12 
5.2870739366e-01 5.3316609501e-12 
5.8551168816e-01 5.2889877203e-12 
6.4413857500e-01 5.2480787711e-12 
7.0618021082e-01 5.2078719685e-12 
7.6747552490e-01 5.1711052926e-12 
8.3030711419e-01 5.1360759502e-12 
8.9742840627e-01 5.1013311242e-12 
9.6380459451e-01 5.0696637979e-12 
1.0299382632e+00 5.0407385109e-12 
1.1017512478e+00 5.0129004642e-12 
1.1738623761e+00 4.9924019858e-12 
1.2443615076e+00 4.9918358087e-12 
1.3204287396e+00 5.0400832254e-12 
1.3989310106e+00 5.1490625089e-12 
1.4758567486e+00 5.2541624718e-12 
1.5552593551e+00 5.3254639898e-12 
1.6421429643e+00 5.3755153374e-12 
1.6861578270e+00 5.3916024320e-12 
1.7389756623e+00 5.4112867209e-12 
1.8023570646e+00 5.4339854066e-12 
1.8784147474e+00 5.4590666589e-12 
1.9696839667e+00 5.4880056499e-12 
2.0758789849e+00 5.5230785891e-12 
2.1768420703e+00 5.5603562047e-12 
2.2801088275e+00 5.6057286219e-12 
2.3895943608e+00 5.6652930478e-12 
2.4998277177e+00 5.7420298049e-12 
2.5000000000e+00 5.7424979826e-12 
2.5000000000e+00 -1.4993783636e-12 
2.5000000000e+00 1.0341663315e-12 
2.5000000000e+00 1.0135284360e-12 
2.5000000000e+00 9.8930877703e-13 
2.5000000000e+00 9.6118089528e-13 
2.5000000000e+00 9.2876109161e-13 
2.5000000000e+00 8.9174355027e-13 
2.5000000000e+00 8.4994220673e-13 
2.5000000000e+00 8.0337504161e-13 
2.5000000000e+00 7.5236097334e-13 
2.5000000000e+00 6.9762067270e-13 
2.5000000000e+00 6.4036394424e-13 
2.5000000000e+00 5.8233129385e-13 
2.5000000000e+00 5.2575842226e-13 
2.5000000000e+00 4.7314228379e-13 
2.5000000000e+00 4.2698568857e-13 
2.5000000000e+00 3.8506573624e-13 
2.5000000000e+00 3.6119069371e-13 
2.5000000000e+00 3.4105518523e-13 
2.5000000000e+00 3.3135978114e-13 
2.5000000000e+00 3.2640101367e-13 
2.5000000000e+00 3.2601874575e-13 
2.5000000000e+00 3.2663962271e-13 
2.5000000000e+00 3.2779244677e-13 
2.5000000000e+00 3.2898934390e-13 
2.5000000000e+00 3.3018861199e-13 
2.5000000000e+00 3.3151578675e-13 
2.5000000000e+00 3.3309750795e-13 
2.5000000000e+00 3.3502400983e-13 
2.5000000000e+00 3.3736779487e-13 
2.5000000000e+00 3.3658696663e-13 
2.4932087934e+00 -7.2767459260e-12 
2.4850593454e+00 -4.9835297651e-12 
2.4752800078e+00 -5.0945323963e-12 
2.4635448027e+00 -5.1228075293e-12 
2.4494625566e+00 -5.1226712903e-12 
2.4325638613e+00 -5.1229298851e-12 
2.4122854269e+00 -5.1308331149e-12 
2.3879513056e+00 -5.1443924595e-12 
2.3587503601e+00 -5.1608869915e-12 
2.3237092255e+00 -5.1792507712e-12 
2.2816598639e+00 -5.1993562521e-12 
2.2312006301e+00 -5.2210725118e-12 
2.1706495494e+00 -5.2439134161e-12 
2.0979882527e+00 -5.2669131469e-12 
2.0107946966e+00 -5.2884506387e-12 
1.9061624293e+00 -5.3057845183e-12 
1.7806037085e+00 -5.3137127594e-12 
1.6440291608e+00 -5.3020491790e-12 
1.5279982554e+00 -5.2632669132e-12 
1.4295102719e+00 -5.1897162996e-12 
1.3392541241e+00 -5.0721479493e-12 
1.2599317053e+00 -4.9667314191e-12 
1.1945065648e+00 -4.9518405211e-12 
1.1434624554e+00 -4.9740505117e-12 
1.1008650432e+00 -4.9930190700e-12 
1.0573961628e+00 -5.0119867533e-12 
1.0106469420e+00 -5.0335117705e-12 
9.6354082584e-01 -5.0563734634e-12 
9.1694735023e-01 -5.0800080113e-12 
8.6940443702e-01 -5.1051612253e-12 
8.1984726323e-01 -5.1325821954e-12 
7.6774349098e-01 -5.1628704690e-12 
7.1152553953e-01 -5.1973906064e-12 
6.4426578012e-01 -5.2413913465e-12 
5.6355406883e-01 -5.2987174193e-12 
4.6670001529e-01 -5.3752429444e-12 
3.5047515103e-01 -5.4807137081e-12 
2.1100531392e-01 -5.6327482480e-12 
5.4976935998e-02 -5.8503790448e-12 
0.0000000000e+00 -5.9608773425e-12 
