EXPORTED XY-GRAPH DATA
334 2 2
V[1]
I[ASPLIT_drain]
0.0000000000e+00 1.0245306612e-18 
0.0000000000e+00 -5.2304631538e-19 
0.0000000000e+00 -1.1077083237e-20 
0.0000000000e+00 -1.3314082403e-19 
0.0000000000e+00 -1.1327126875e-19 
0.0000000000e+00 -9.4358881775e-20 
0.0000000000e+00 -8.5766426009e-20 
0.0000000000e+00 5.8337689373e-20 
0.0000000000e+00 -2.1289600696e-21 
0.0000000000e+00 -4.1963077655e-21 
0.0000000000e+00 -3.7617999300e-20 
0.0000000000e+00 -3.2779786808e-20 
0.0000000000e+00 7.2523334747e-22 
0.0000000000e+00 1.9817127706e-20 
0.0000000000e+00 9.9658240925e-22 
0.0000000000e+00 1.0762195202e-23 
0.0000000000e+00 -1.2541589307e-20 
0.0000000000e+00 -1.1297451534e-20 
0.0000000000e+00 7.8132784402e-21 
0.0000000000e+00 -7.4058930357e-21 
0.0000000000e+00 -4.4091226255e-22 
0.0000000000e+00 -2.2439797993e-22 
0.0000000000e+00 6.3868526490e-23 
0.0000000000e+00 3.3368678172e-21 
0.0000000000e+00 7.5434033451e-24 
0.0000000000e+00 -2.5990951864e-21 
0.0000000000e+00 1.7680570987e-21 
0.0000000000e+00 -1.4744098719e-21 
0.0000000000e+00 1.1387331631e-22 
0.0000000000e+00 3.3327464624e-23 
0.0000000000e+00 -8.7826237579e-22 
0.0000000000e+00 2.2543641272e-23 
0.0000000000e+00 -1.2718781747e-22 
0.0000000000e+00 2.2213286362e-22 
0.0000000000e+00 1.2063793607e-23 
0.0000000000e+00 4.1136542938e-22 
0.0000000000e+00 -2.3546008713e-22 
0.0000000000e+00 9.2716369071e-23 
0.0000000000e+00 -1.1130946623e-22 
0.0000000000e+00 1.2085206781e-22 
0.0000000000e+00 -2.2461129529e-22 
0.0000000000e+00 1.2519590580e-23 
0.0000000000e+00 2.0492253093e-22 
0.0000000000e+00 2.4258117324e-24 
0.0000000000e+00 -1.1501842383e-10 
0.0000000000e+00 -7.6749283911e-11 
0.0000000000e+00 -7.7678623861e-11 
0.0000000000e+00 -7.8874812815e-11 
0.0000000000e+00 -8.0454942792e-11 
0.0000000000e+00 -8.2577806734e-11 
0.0000000000e+00 -8.5480818078e-11 
0.0000000000e+00 -8.8907013067e-11 
0.0000000000e+00 -9.2628977744e-11 
0.0000000000e+00 -9.3810754989e-11 
0.0000000000e+00 4.2374103197e-11 
0.0000000000e+00 -4.4464087969e-12 
0.0000000000e+00 -3.7485418341e-12 
0.0000000000e+00 -3.0127317908e-12 
0.0000000000e+00 -2.2789588395e-12 
0.0000000000e+00 -1.5955751449e-12 
0.0000000000e+00 -1.0115590491e-12 
0.0000000000e+00 -5.6285809375e-13 
0.0000000000e+00 -2.6089072753e-13 
0.0000000000e+00 -8.9776660173e-14 
0.0000000000e+00 -1.4382130931e-14 
0.0000000000e+00 5.4467954478e-15 
0.0000000000e+00 2.1912715672e-15 
0.0000000000e+00 -5.1395727467e-15 
0.0000000000e+00 -9.5656348901e-15 
0.0000000000e+00 -1.0905694491e-14 
0.0000000000e+00 -1.0874737809e-14 
0.0000000000e+00 -1.0643569358e-14 
0.0000000000e+00 -1.0537610578e-14 
0.0000000000e+00 -1.0513209589e-14 
0.0000000000e+00 -1.0501690978e-14 
0.0000000000e+00 -1.0482768540e-14 
0.0000000000e+00 -1.0457118979e-14 
0.0000000000e+00 -1.0426214424e-14 
0.0000000000e+00 -1.0389564458e-14 
0.0000000000e+00 -1.0346049179e-14 
0.0000000000e+00 -1.0294427156e-14 
0.0000000000e+00 -1.0233320229e-14 
0.0000000000e+00 -1.0161174314e-14 
0.0000000000e+00 -1.0076252899e-14 
0.0000000000e+00 -9.9766476722e-15 
0.0000000000e+00 -9.8603014889e-15 
0.0000000000e+00 -9.7989106074e-15 
1.2336165325e-01 9.9253525214e-12 
1.8787985452e-01 6.4502724910e-12 
2.1592363564e-01 6.4630565787e-12 
2.4559120156e-01 6.4940691920e-12 
2.8119228068e-01 6.5497131993e-12 
3.2391357562e-01 6.6446350580e-12 
3.7301382721e-01 6.7989717957e-12 
4.2398565312e-01 7.0202417398e-12 
4.7273039571e-01 7.3024150240e-12 
5.2282016270e-01 7.6806779405e-12 
5.7727774073e-01 8.1574259210e-12 
6.3134394811e-01 8.8306688960e-12 
6.5938738341e-01 9.3489229032e-12 
6.9303950576e-01 9.9827141653e-12 
7.1323077917e-01 1.0424997228e-11 
7.3746030727e-01 1.1025636235e-11 
7.6653574098e-01 1.1869723557e-11 
7.8398100121e-01 1.2453115314e-11 
8.0491531349e-01 1.3245623686e-11 
8.3003648822e-01 1.4358769732e-11 
8.4510919306e-01 1.5129502674e-11 
8.6319643886e-01 1.6179254988e-11 
8.8490113383e-01 1.7661170608e-11 
8.9792395081e-01 1.8694872905e-11 
9.1355133118e-01 2.0112076388e-11 
9.3230418763e-01 2.2133696843e-11 
9.4355590150e-01 2.3561615116e-11 
9.5705795815e-01 2.5541298146e-11 
9.7326042612e-01 2.8413584137e-11 
9.8298190691e-01 3.0480163490e-11 
9.9464768385e-01 3.3396216833e-11 
1.0086466162e+00 3.7740949435e-11 
1.0170459756e+00 4.0954366028e-11 
1.0271252069e+00 4.5618227212e-11 
1.0392202844e+00 5.2892250710e-11 
1.0464773309e+00 5.8495793276e-11 
1.0551857867e+00 6.7050773387e-11 
1.0656359337e+00 8.1498443329e-11 
1.0719060219e+00 9.3614207645e-11 
1.0794301277e+00 1.1410368446e-10 
1.0839445912e+00 1.3133796741e-10 
1.0893619474e+00 1.6060578638e-10 
1.0958627749e+00 2.2100508028e-10 
1.0997632713e+00 2.8548704451e-10 
1.1044438671e+00 4.4644963968e-10 
1.1071540819e+00 6.6351897356e-10 
1.1087802108e+00 9.2632574963e-10 
1.1097558882e+00 1.2031463940e-09 
1.1109267010e+00 1.8849264856e-09 
1.1115721408e+00 2.7065886928e-09 
1.1123466686e+00 6.0887002954e-09 
1.1126527236e+00 1.0872267578e-08 
1.1128098122e+00 1.6564985163e-08 
1.1129983187e+00 4.1452820663e-08 
1.1130701745e+00 7.0556511944e-08 
1.1131495122e+00 1.7627641034e-07 
1.1132157085e+00 7.1754173575e-07 
1.1132587895e+00 2.1859513534e-06 
1.1132922834e+00 5.3645141628e-06 
1.1133218547e+00 1.1721993392e-05 
1.1133498267e+00 2.2803391249e-05 
1.1133808373e+00 4.0552782093e-05 
1.1134180499e+00 6.3203217768e-05 
1.1134555412e+00 8.1172165996e-05 
1.1134978208e+00 9.3395774752e-05 
1.1135485564e+00 9.9954378825e-05 
1.1136094391e+00 1.0222829117e-04 
1.1136804159e+00 1.0239137307e-04 
1.1137655882e+00 1.0204409258e-04 
1.1138677949e+00 1.0181323940e-04 
1.1139904429e+00 1.0176747596e-04 
1.1141376205e+00 1.0180854198e-04 
1.1143142337e+00 1.0186786202e-04 
1.1145261695e+00 1.0192985848e-04 
1.1147804924e+00 1.0199962805e-04 
1.1150856800e+00 1.0208287329e-04 
1.1154519050e+00 1.0218311623e-04 
1.1158913751e+00 1.0230361972e-04 
1.1164187392e+00 1.0244838039e-04 
1.1170515761e+00 1.0262230896e-04 
1.1178109804e+00 1.0283134121e-04 
1.1187222655e+00 1.0308264002e-04 
1.1198158077e+00 1.0338486248e-04 
1.1211280582e+00 1.0374848783e-04 
1.1227027590e+00 1.0418622265e-04 
1.1245923998e+00 1.0471350528e-04 
1.1268599688e+00 1.0534913870e-04 
1.1295810516e+00 1.0611608894e-04 
1.1328463510e+00 1.0704250194e-04 
1.1367647103e+00 1.0816301065e-04 
1.1414667414e+00 1.0952043970e-04 
1.1471091787e+00 1.1116801128e-04 
1.1538801035e+00 1.1317231596e-04 
1.1620052133e+00 1.1561692694e-04 
1.1717553450e+00 1.1860807748e-04 
1.1834555031e+00 1.2228309040e-04 
1.1974956928e+00 1.2681996881e-04 
1.2143439204e+00 1.3245313699e-04 
1.2345617935e+00 1.3949605763e-04 
1.2588232413e+00 1.4837439012e-04 
1.2879369786e+00 1.5967756548e-04 
1.3228734633e+00 1.7423090296e-04 
1.3647972451e+00 1.9323171966e-04 
1.4151057831e+00 2.1843522963e-04 
1.4754760288e+00 2.5245647973e-04 
1.5479203237e+00 2.9921788271e-04 
1.6348534774e+00 3.6468160022e-04 
1.7391732620e+00 4.5777108562e-04 
1.8643570035e+00 5.9125248246e-04 
2.0145774932e+00 7.8218596186e-04 
2.1624870864e+00 1.0001712764e-03 
2.3139838065e+00 1.2499192873e-03 
2.4637072143e+00 1.5188197819e-03 
2.5000000000e+00 1.5868545031e-03 
2.5000000000e+00 1.5868932362e-03 
2.5000000000e+00 1.5868810618e-03 
2.5000000000e+00 1.5868803314e-03 
2.5000000000e+00 1.5868803787e-03 
2.5000000000e+00 1.5868803900e-03 
2.4382196635e+00 1.4717356489e-03 
2.3862248465e+00 1.3772303370e-03 
2.3463238674e+00 1.3063395969e-03 
2.2984426926e+00 1.2232486329e-03 
2.2409852828e+00 1.1265677043e-03 
2.1720363910e+00 1.0152295155e-03 
2.0903420554e+00 8.9044612200e-04 
2.0086362353e+00 7.7409380087e-04 
1.9259887620e+00 6.6571183152e-04 
1.8376020294e+00 5.6079112206e-04 
1.7416613724e+00 4.6025792268e-04 
1.6398944248e+00 3.6886756891e-04 
1.5336581057e+00 2.8952105900e-04 
1.4264158515e+00 2.2452073383e-04 
1.3235520905e+00 1.7454890874e-04 
1.2312317385e+00 1.3833409385e-04 
1.1539274668e+00 1.1320528590e-04 
1.0958024552e+00 9.6930520412e-05 
1.0497237961e+00 8.5421169448e-05 
1.0032685099e+00 7.4925800689e-05 
9.5311611639e-01 6.4710939436e-05 
9.0265294673e-01 5.5473959452e-05 
8.5325662978e-01 4.7338509319e-05 
8.0343379985e-01 3.9946311724e-05 
7.5161190542e-01 3.3036190309e-05 
6.9655042885e-01 2.6483444909e-05 
6.3490856116e-01 2.0029659030e-05 
5.6093831993e-01 1.3426935078e-05 
4.7217403046e-01 7.1006786395e-06 
4.1891545677e-01 4.1793470109e-06 
3.8696031256e-01 2.7750215203e-06 
3.6778722604e-01 2.0697186469e-06 
3.4477952220e-01 1.3687542559e-06 
3.3097489990e-01 1.0268450588e-06 
3.1440935315e-01 6.9481825152e-07 
3.0447002509e-01 5.3526942004e-07 
2.9254283142e-01 3.8052858254e-07 
2.7823019902e-01 2.4221213073e-07 
2.6964261958e-01 1.8069386386e-07 
2.5933752426e-01 1.2443933617e-07 
2.5315446706e-01 9.8476573116e-08 
2.4573479842e-01 7.3671383198e-08 
2.3683119606e-01 5.1399346414e-08 
2.3148903464e-01 4.1236278212e-08 
2.2507844094e-01 3.1565176747e-08 
2.1738572850e-01 2.2861757235e-08 
2.1277010103e-01 1.8850919616e-08 
2.0723134808e-01 1.4982489475e-08 
2.0058484453e-01 1.1420080601e-08 
1.9659694240e-01 9.7327634763e-09 
1.9181145984e-01 8.0621336161e-09 
1.8606888077e-01 6.4678103886e-09 
1.8262333333e-01 5.6854676381e-09 
1.7848867641e-01 4.8870099215e-09 
1.7600788225e-01 4.4709911223e-09 
1.7303092926e-01 4.0255476489e-09 
1.6945858567e-01 3.5584703420e-09 
1.6731517952e-01 3.3092290047e-09 
1.6474309214e-01 3.0371849547e-09 
1.6165658728e-01 2.7453607813e-09 
1.5980468437e-01 2.5865086449e-09 
1.5758240087e-01 2.4103220252e-09 
1.5624903077e-01 2.3115988139e-09 
1.5464898665e-01 2.1995422489e-09 
1.5272893371e-01 2.0736723481e-09 
1.5042487018e-01 1.9340147979e-09 
1.4904243206e-01 1.8557306155e-09 
1.4738350632e-01 1.7668417155e-09 
1.4539279543e-01 1.6669494406e-09 
1.4419836889e-01 1.6103323803e-09 
1.4276505705e-01 1.5454747352e-09 
1.4104508284e-01 1.4718132879e-09 
1.4001309832e-01 1.4296818487e-09 
1.3877471689e-01 1.3810603826e-09 
1.3728865917e-01 1.3253603439e-09 
1.3550538991e-01 1.2621081574e-09 
1.3443542835e-01 1.2259319065e-09 
1.3315147449e-01 1.1841817396e-09 
1.3161072985e-01 1.1363542656e-09 
1.2976183628e-01 1.0820392235e-09 
1.2865250013e-01 1.0509762449e-09 
1.2732129677e-01 1.0151192702e-09 
1.2572385272e-01 9.7403926677e-10 
1.2380691987e-01 9.2737875857e-10 
1.2265676016e-01 9.0068502994e-10 
1.2127656850e-01 8.6987159966e-10 
1.1962033852e-01 8.3456094344e-10 
1.1763286254e-01 7.9444184674e-10 
1.1644037695e-01 7.7148380186e-10 
1.1500939424e-01 7.4497571273e-10 
1.1329221499e-01 7.1458850334e-10 
1.1123159990e-01 6.8004804199e-10 
1.0999523084e-01 6.6027405561e-10 
1.0851158797e-01 6.3743394391e-10 
1.0673121652e-01 6.1123905064e-10 
1.0459477079e-01 5.8144561586e-10 
1.0331290335e-01 5.6437942082e-10 
1.0177466242e-01 5.4465704292e-10 
9.9928773310e-02 5.2202331362e-10 
9.7713706374e-02 4.9625903889e-10 
9.5055626051e-02 4.6720649918e-10 
9.3460777857e-02 4.5068484713e-10 
9.1546960024e-02 4.3169966380e-10 
8.9250378624e-02 4.1005260785e-10 
8.6494480945e-02 3.8559093199e-10 
8.4840942338e-02 3.7165256114e-10 
8.2856696009e-02 3.5560853622e-10 
8.0475600414e-02 3.3727559693e-10 
7.7618285700e-02 3.1650196704e-10 
7.4189508044e-02 2.9318311993e-10 
7.2132241450e-02 2.7996450877e-10 
6.9663521537e-02 2.6480427961e-10 
6.6701057642e-02 2.4754445403e-10 
6.3146100967e-02 2.2805193353e-10 
6.1013126963e-02 2.1693928668e-10 
5.8453558157e-02 2.0413434050e-10 
5.5382075591e-02 1.8945829788e-10 
5.1696296511e-02 1.7275158033e-10 
4.7273361615e-02 1.5384758695e-10 
4.4619600677e-02 1.4304004579e-10 
4.1435087552e-02 1.3053511599e-10 
3.7613671802e-02 1.1609279605e-10 
3.3027972902e-02 9.9490549072e-11 
2.7525134222e-02 8.0411482145e-11 
2.0921727806e-02 5.8438212846e-11 
1.2997640107e-02 3.2955475807e-11 
3.4887348674e-03 3.0126830624e-12 
0.0000000000e+00 -7.9067114539e-12 
