EXPORTED XY-GRAPH DATA
214 2 2
V[1]
I[ASPLIT_drain]
0.0000000000e+00 -3.0032699844e-22 
0.0000000000e+00 -1.6352450480e-21 
0.0000000000e+00 -1.4958129902e-20 
0.0000000000e+00 -1.4655817580e-19 
0.0000000000e+00 -1.1607745404e-19 
0.0000000000e+00 -1.0325503643e-19 
0.0000000000e+00 -7.8294755534e-20 
0.0000000000e+00 5.9032645281e-20 
0.0000000000e+00 -5.3615852910e-21 
0.0000000000e+00 1.2300324508e-21 
0.0000000000e+00 -3.8410803132e-20 
0.0000000000e+00 -3.2790876593e-20 
0.0000000000e+00 -2.1472983922e-23 
0.0000000000e+00 2.0119473277e-20 
0.0000000000e+00 4.4788149182e-22 
0.0000000000e+00 7.4821939686e-22 
0.0000000000e+00 -1.3674498942e-20 
0.0000000000e+00 -1.0441394877e-20 
0.0000000000e+00 7.5612748572e-21 
0.0000000000e+00 -7.1545485887e-21 
0.0000000000e+00 1.4948174825e-22 
0.0000000000e+00 2.0126902383e-22 
0.0000000000e+00 8.7581232100e-23 
0.0000000000e+00 3.1026529995e-21 
0.0000000000e+00 -1.1455321028e-23 
0.0000000000e+00 -2.4506333116e-21 
0.0000000000e+00 1.8646074828e-21 
0.0000000000e+00 -1.7129516111e-21 
0.0000000000e+00 2.2505113582e-23 
0.0000000000e+00 4.7723709167e-23 
0.0000000000e+00 -9.8772207287e-22 
0.0000000000e+00 7.9532874955e-24 
0.0000000000e+00 9.1284979883e-23 
0.0000000000e+00 4.3936770469e-24 
0.0000000000e+00 -1.8831089461e-23 
0.0000000000e+00 3.9437543646e-22 
0.0000000000e+00 -3.1720340818e-22 
0.0000000000e+00 2.9455599378e-23 
0.0000000000e+00 -2.2478349357e-22 
0.0000000000e+00 8.7301558091e-23 
0.0000000000e+00 -1.6198168066e-22 
0.0000000000e+00 1.2278595069e-23 
0.0000000000e+00 9.6690285446e-23 
0.0000000000e+00 -1.8567139372e-22 
0.0000000000e+00 -5.0429832398e-11 
0.0000000000e+00 -3.2865458970e-11 
0.0000000000e+00 -3.2982910018e-11 
0.0000000000e+00 -3.3134601334e-11 
0.0000000000e+00 -3.3345711658e-11 
0.0000000000e+00 -3.3657726000e-11 
0.0000000000e+00 -3.4156685334e-11 
0.0000000000e+00 -3.5039996519e-11 
0.0000000000e+00 -3.6035495405e-11 
0.0000000000e+00 1.7442756893e-11 
0.0000000000e+00 -1.3462718632e-14 
0.0000000000e+00 -9.3517886211e-15 
0.0000000000e+00 -5.3241395825e-15 
0.0000000000e+00 -2.2268556072e-15 
0.0000000000e+00 -4.6297378532e-16 
0.0000000000e+00 1.7271114899e-16 
0.0000000000e+00 -3.2704908154e-18 
0.0000000000e+00 5.8633262081e-18 
0.0000000000e+00 9.6351990824e-19 
0.0000000000e+00 2.4900155706e-19 
0.0000000000e+00 8.6960559130e-20 
0.0000000000e+00 7.5515505823e-20 
0.0000000000e+00 1.6540541119e-20 
0.0000000000e+00 -1.4504878684e-21 
0.0000000000e+00 -1.6626664470e-21 
0.0000000000e+00 -2.8132617743e-22 
0.0000000000e+00 5.6306370488e-23 
0.0000000000e+00 3.2649962374e-23 
0.0000000000e+00 3.1120733804e-24 
0.0000000000e+00 -1.1019843065e-24 
0.0000000000e+00 -3.0994315499e-25 
0.0000000000e+00 -1.1069185966e-23 
0.0000000000e+00 -5.2403404661e-24 
0.0000000000e+00 4.1043446318e-24 
0.0000000000e+00 -5.9991866883e-23 
0.0000000000e+00 -1.1098252950e-24 
0.0000000000e+00 -1.1755666649e-23 
0.0000000000e+00 2.1395551383e-23 
0.0000000000e+00 -8.7805912994e-24 
5.3483103623e-02 1.8353831054e-10 
9.0398138610e-02 2.0981021330e-10 
1.1647121436e-01 2.1989903645e-10 
1.4197773211e-01 2.2757835314e-10 
1.7258555339e-01 2.3599814830e-10 
2.0931493894e-01 2.4619813813e-10 
2.4866577964e-01 2.5796202060e-10 
2.8968958917e-01 2.7169991223e-10 
3.3368640637e-01 2.8884045436e-10 
3.8134044552e-01 3.1152700101e-10 
4.3249686113e-01 3.4327459283e-10 
4.8705518296e-01 3.9139206540e-10 
5.4506442172e-01 4.7386117607e-10 
6.0617673877e-01 6.4785441962e-10 
6.6758842172e-01 1.2480886423e-09 
6.9226601568e-01 2.0440093557e-09 
7.0632169012e-01 3.1610202027e-09 
7.1475509478e-01 4.6297751736e-09 
7.2487518038e-01 1.2686330995e-08 
7.2843559556e-01 2.8128782019e-08 
7.3002608514e-01 4.9838668562e-08 
7.3095989760e-01 8.0584302063e-08 
7.3205658288e-01 2.2552877696e-07 
7.3282766094e-01 8.3350409513e-07 
7.3333798567e-01 1.7913939609e-06 
7.3382972797e-01 2.8879445364e-06 
7.3441248669e-01 3.8451904982e-06 
7.3492628492e-01 4.2816975873e-06 
7.3554284281e-01 4.4862471830e-06 
7.3628271227e-01 4.5501194904e-06 
7.3712429846e-01 4.5655417763e-06 
7.3813420189e-01 4.5839943769e-06 
7.3934608600e-01 4.6179168086e-06 
7.4080034694e-01 4.6655099761e-06 
7.4254546007e-01 4.7244872128e-06 
7.4463959582e-01 4.7956837200e-06 
7.4715255871e-01 4.8819557714e-06 
7.5016811419e-01 4.9870665881e-06 
7.5378678077e-01 5.1155761752e-06 
7.5812918066e-01 5.2732876202e-06 
7.6334006053e-01 5.4677003717e-06 
7.6959311637e-01 5.7085744300e-06 
7.7709678338e-01 6.0088078190e-06 
7.8610118379e-01 6.3856829695e-06 
7.9690646428e-01 6.8626355004e-06 
8.0987280088e-01 7.4719734237e-06 
8.2543240479e-01 8.2589455095e-06 
8.4410392948e-01 9.2879362638e-06 
8.6650975911e-01 1.0652165951e-05 
8.9339675467e-01 1.2488974215e-05 
9.2566114934e-01 1.5004703841e-05 
9.6437842295e-01 1.8515262194e-05 
1.0108391513e+00 2.3515081621e-05 
1.0665920253e+00 3.0801429085e-05 
1.1334954740e+00 4.1718056591e-05 
1.2137796126e+00 5.8713489769e-05 
1.3101205788e+00 8.6820909190e-05 
1.4257297384e+00 1.3829221269e-04 
1.5626605196e+00 2.4590002423e-04 
1.6988755894e+00 4.3659694835e-04 
1.8150869552e+00 6.6216148189e-04 
1.9059383469e+00 8.6005262869e-04 
1.9713083951e+00 1.0081111930e-03 
2.0481833579e+00 1.1855665130e-03 
2.1168416877e+00 1.3458931460e-03 
2.1822445113e+00 1.4996741077e-03 
2.2524265051e+00 1.6654919771e-03 
2.3299201025e+00 1.8493631102e-03 
2.4142304502e+00 2.0502727419e-03 
2.5000000000e+00 2.2554801152e-03 
2.5000000000e+00 2.2558300705e-03 
2.5000000000e+00 2.2557674720e-03 
2.5000000000e+00 2.2557473792e-03 
2.5000000000e+00 2.2557471653e-03 
2.4863954923e+00 2.2233675046e-03 
2.4700700832e+00 2.1843305033e-03 
2.4504795921e+00 2.1374427605e-03 
2.4269710029e+00 2.0812236332e-03 
2.3987606958e+00 2.0138519015e-03 
2.3649083273e+00 1.9331270617e-03 
2.3242854852e+00 1.8364235802e-03 
2.2755380745e+00 1.7206585215e-03 
2.2170411818e+00 1.5821678640e-03 
2.1507042625e+00 1.4257131758e-03 
2.0920243101e+00 1.2880456198e-03 
2.0400588005e+00 1.1669163888e-03 
1.9908181037e+00 1.0530763335e-03 
1.9429512068e+00 9.4365186284e-04 
1.8966665766e+00 8.3952749293e-04 
1.8519571218e+00 7.4115456256e-04 
1.8083586202e+00 6.4821606742e-04 
1.7653121547e+00 5.6055073563e-04 
1.7224006812e+00 4.7869757005e-04 
1.6790604606e+00 4.0331439913e-04 
1.6341672198e+00 3.3451652318e-04 
1.5851645880e+00 2.7115019342e-04 
1.5292161427e+00 2.1324949289e-04 
1.4650806131e+00 1.6281566009e-04 
1.3969470379e+00 1.2322764584e-04 
1.3295096455e+00 9.4011331451e-05 
1.2613901944e+00 7.1506075105e-05 
1.1899169454e+00 5.3286966254e-05 
1.1151690181e+00 3.8582353093e-05 
1.0395925405e+00 2.7180765591e-05 
9.6628744304e-01 1.8779196599e-05 
8.9812944822e-01 1.2895364177e-05 
8.3620190585e-01 8.8867288588e-06 
7.7963061378e-01 6.1489685372e-06 
7.2696299023e-01 4.2527993439e-06 
6.7721957261e-01 2.9266962639e-06 
6.2998308437e-01 1.9936753485e-06 
6.0742941994e-01 1.6381793014e-06 
5.8036502262e-01 1.2738971651e-06 
5.4788774584e-01 9.0957106919e-07 
5.0891501370e-01 5.7597718883e-07 
4.7128120316e-01 3.5561783785e-07 
4.5459871125e-01 2.8443010007e-07 
4.3457972095e-01 2.1648057480e-07 
4.1055693260e-01 1.5564416914e-07 
3.8172958657e-01 1.0532581863e-07 
3.5103398914e-01 7.0669857261e-08 
3.2250450000e-01 4.9872381313e-08 
2.9465247797e-01 3.6330516985e-08 
2.6538827930e-01 2.6702212931e-08 
2.3349683317e-01 1.9615283155e-08 
1.9809337994e-01 1.4335188145e-08 
1.5921488497e-01 1.0433799924e-08 
1.1676919002e-01 7.4616111018e-09 
7.0521784316e-02 4.8414388060e-09 
2.2105489395e-02 1.7289215306e-09 
0.0000000000e+00 -8.5689499664e-12 
