EXPORTED XY-GRAPH DATA
572 2 2
V[2]
I[ASPLIT_drain]
0.0000000000e+00 1.0245306612e-18 
0.0000000000e+00 -5.2304631538e-19 
0.0000000000e+00 -1.1077083237e-20 
0.0000000000e+00 -1.3314082403e-19 
0.0000000000e+00 -1.1327126875e-19 
0.0000000000e+00 -9.4358881775e-20 
0.0000000000e+00 -8.5766426009e-20 
0.0000000000e+00 5.8337689373e-20 
0.0000000000e+00 -2.1289600696e-21 
0.0000000000e+00 -4.1963077655e-21 
0.0000000000e+00 -3.7617999300e-20 
0.0000000000e+00 -3.2779786808e-20 
0.0000000000e+00 7.2523334747e-22 
0.0000000000e+00 1.9817127706e-20 
0.0000000000e+00 9.9658240925e-22 
0.0000000000e+00 1.0762195202e-23 
0.0000000000e+00 -1.2541589307e-20 
0.0000000000e+00 -1.1297451534e-20 
0.0000000000e+00 7.8132784402e-21 
0.0000000000e+00 -7.4058930357e-21 
0.0000000000e+00 -4.4091226255e-22 
0.0000000000e+00 -2.2439797993e-22 
0.0000000000e+00 6.3868526490e-23 
0.0000000000e+00 3.3368678172e-21 
0.0000000000e+00 7.5434033451e-24 
0.0000000000e+00 -2.5990951864e-21 
0.0000000000e+00 1.7680570987e-21 
0.0000000000e+00 -1.4744098719e-21 
0.0000000000e+00 1.1387331631e-22 
0.0000000000e+00 3.3327464624e-23 
0.0000000000e+00 -8.7826237579e-22 
0.0000000000e+00 2.2543641272e-23 
0.0000000000e+00 -1.2718781747e-22 
0.0000000000e+00 2.2213286362e-22 
0.0000000000e+00 1.2063793607e-23 
0.0000000000e+00 4.1136542938e-22 
0.0000000000e+00 -2.3546008713e-22 
0.0000000000e+00 9.2716369071e-23 
0.0000000000e+00 -1.1130946623e-22 
0.0000000000e+00 1.2085206781e-22 
0.0000000000e+00 -2.2461129529e-22 
0.0000000000e+00 1.2519590580e-23 
0.0000000000e+00 2.0492253093e-22 
0.0000000000e+00 2.4258117324e-24 
-1.4212447106e-01 2.0327906279e-10 
-2.1977849980e-01 1.2764281448e-10 
-2.6177950461e-01 1.2665606369e-10 
-3.1218071038e-01 1.2558794213e-10 
-3.7266215730e-01 1.2439371824e-10 
-4.3918487460e-01 1.2316970581e-10 
-5.0666870074e-01 1.2202232123e-10 
-5.7419445567e-01 1.2098491234e-10 
-6.4449584058e-01 1.2011814486e-10 
-7.1577933021e-01 1.1972697152e-10 
-7.8762444362e-01 1.1994093728e-10 
-8.6423019077e-01 1.2031158624e-10 
-9.4414350420e-01 1.2041210534e-10 
-1.0000000000e+00 1.2031094126e-10 
-1.0000000000e+00 -5.8174390655e-11 
-1.0000000000e+00 4.4151617949e-12 
-1.0000000000e+00 3.9858281867e-12 
-1.0000000000e+00 3.3819142211e-12 
-1.0000000000e+00 2.5998165207e-12 
-1.0000000000e+00 1.7230992546e-12 
-1.0000000000e+00 9.2642352870e-13 
-1.0000000000e+00 3.7203401027e-13 
-1.0000000000e+00 8.9887630590e-14 
-1.0000000000e+00 -1.1757087328e-14 
-1.0000000000e+00 -3.1212371002e-14 
-1.0000000000e+00 -1.9462970417e-14 
-1.0000000000e+00 -5.5181683763e-15 
-1.0000000000e+00 3.0182062924e-16 
-1.0000000000e+00 8.7708813154e-16 
-1.0000000000e+00 3.0139756034e-16 
-1.0000000000e+00 1.5662412794e-17 
-1.0000000000e+00 -1.5897208600e-17 
-1.0000000000e+00 1.7586298286e-18 
-1.0000000000e+00 8.4970312752e-18 
-1.0000000000e+00 8.6551611746e-18 
-1.0000000000e+00 8.2896463740e-18 
-1.0000000000e+00 8.2295676834e-18 
-1.0000000000e+00 8.2347691512e-18 
-1.0000000000e+00 8.2291748672e-18 
-1.0000000000e+00 8.2256457138e-18 
-1.0000000000e+00 8.2242534685e-18 
-1.0000000000e+00 8.2150184806e-18 
-1.0000000000e+00 8.2074347017e-18 
-1.0000000000e+00 8.2388218560e-18 
-9.9450104180e-01 -6.9077712005e-12 
-9.8790229197e-01 -4.8587631273e-12 
-9.7998379216e-01 -4.9729518498e-12 
-9.7048159240e-01 -4.9944414161e-12 
-9.5907895268e-01 -4.9738502354e-12 
-9.4539578502e-01 -4.9423913481e-12 
-9.2897598382e-01 -4.9095170797e-12 
-9.0927222239e-01 -4.8721308297e-12 
-8.8562770867e-01 -4.8233799201e-12 
-8.5725429221e-01 -4.7562677790e-12 
-8.2320619245e-01 -4.6647801243e-12 
-7.8234847274e-01 -4.5503792891e-12 
-7.3331920910e-01 -4.4404158360e-12 
-6.7448409272e-01 -4.3865122638e-12 
-6.2120063050e-01 -4.3996018427e-12 
-5.7938726251e-01 -4.4225305543e-12 
-5.3985878326e-01 -4.4431460019e-12 
-4.9715964075e-01 -4.4663865894e-12 
-4.5275415973e-01 -4.4920895814e-12 
-4.0879995739e-01 -4.5187695844e-12 
-3.6458560230e-01 -4.5466852310e-12 
-3.1875718045e-01 -4.5768116927e-12 
-2.7056541255e-01 -4.6102018991e-12 
-2.1945297310e-01 -4.6483993056e-12 
-1.6721612728e-01 -4.6910849132e-12 
-1.2571187950e-01 -4.7280599886e-12 
-9.1279341582e-02 -4.7606950220e-12 
-5.6431643479e-02 -4.7954808161e-12 
-1.9302782518e-02 -4.8349098484e-12 
1.7990805819e-02 -4.8775037985e-12 
5.4718415681e-02 -4.9228123808e-12 
9.2004348816e-02 -4.9725958128e-12 
1.3161783041e-01 -5.0301460874e-12 
1.7682187589e-01 -5.1023336353e-12 
2.3106673046e-01 -5.1992819937e-12 
2.9616055596e-01 -5.3325569128e-12 
3.7427314655e-01 -5.5194974477e-12 
4.5807821029e-01 -5.7546241248e-12 
5.3823490962e-01 -5.9853317813e-12 
6.1200751926e-01 -5.8980068185e-12 
6.7985903031e-01 -3.1318887541e-12 
7.1099468684e-01 2.4190878183e-12 
7.2967608076e-01 9.5250678989e-12 
7.5209375347e-01 2.5643024172e-11 
7.6554435709e-01 4.2032465097e-11 
7.7361471926e-01 5.5478570329e-11 
7.8329915387e-01 7.6344690582e-11 
7.9492047540e-01 1.1015023633e-10 
8.0189326832e-01 1.3620857691e-10 
8.0607694407e-01 1.5431401834e-10 
8.1109735497e-01 1.7878275297e-10 
8.1712184805e-01 2.1246283344e-10 
8.2073654390e-01 2.3515540131e-10 
8.2507417892e-01 2.6502981977e-10 
8.3027934094e-01 3.0492028818e-10 
8.3340243815e-01 3.3108888994e-10 
8.3715015481e-01 3.6478947202e-10 
8.4164741480e-01 4.0863104229e-10 
8.4434577079e-01 4.3675865322e-10 
8.4758379798e-01 4.7233212135e-10 
8.5146943061e-01 5.1763915715e-10 
8.5380081019e-01 5.4619073350e-10 
8.5659846568e-01 5.8178921167e-10 
8.5995565227e-01 6.2637397855e-10 
8.6196996423e-01 6.5408265918e-10 
8.6438713857e-01 6.8824661460e-10 
8.6728774779e-01 7.3050485721e-10 
8.7076847884e-01 7.8292646037e-10 
8.7285691748e-01 8.1522032525e-10 
8.7536304384e-01 8.5474263720e-10 
8.7837039547e-01 9.0318599317e-10 
8.8017480646e-01 9.3273754423e-10 
8.8234009963e-01 9.6863209284e-10 
8.8493845144e-01 1.0122619031e-09 
8.8805647362e-01 1.0653019954e-09 
8.8992728692e-01 1.0974243904e-09 
8.9217226289e-01 1.1362102247e-09 
8.9486623405e-01 1.1830224232e-09 
8.9648261674e-01 1.2112117796e-09 
8.9842227598e-01 1.2451057139e-09 
9.0074986706e-01 1.2858301088e-09 
9.0354297635e-01 1.3346989407e-09 
9.0521884193e-01 1.3639803297e-09 
9.0722988063e-01 1.3990468771e-09 
9.0964312706e-01 1.4409850931e-09 
9.1109107492e-01 1.4660516013e-09 
9.1282861235e-01 1.4960196236e-09 
9.1491365727e-01 1.5318004571e-09 
9.1741571117e-01 1.5744436758e-09 
9.1891694351e-01 1.5998559210e-09 
9.2071842232e-01 1.6301665675e-09 
9.2288019689e-01 1.6662606226e-09 
9.2547432637e-01 1.7091489061e-09 
9.2703080407e-01 1.7346436939e-09 
9.2889857729e-01 1.7649949152e-09 
9.3113990517e-01 1.8010608567e-09 
9.3248470189e-01 1.8225071750e-09 
9.3409845796e-01 1.8480538655e-09 
9.3603496525e-01 1.8784253873e-09 
9.3835877399e-01 1.9144680718e-09 
9.3975305923e-01 1.9358769643e-09 
9.4142620153e-01 1.9613564721e-09 
9.4343397228e-01 1.9916244387e-09 
9.4584329718e-01 2.0275116363e-09 
9.4728889212e-01 2.0488136269e-09 
9.4902360605e-01 2.0741540022e-09 
9.5110526277e-01 2.1042426265e-09 
9.5360325083e-01 2.1399022723e-09 
9.5660083650e-01 2.1820654218e-09 
9.5839938790e-01 2.2070397714e-09 
9.6055764958e-01 2.2366878045e-09 
9.6314756360e-01 2.2718306887e-09 
9.6625546043e-01 2.3133998040e-09 
9.6812019852e-01 2.3380364275e-09 
9.7035788423e-01 2.3672973929e-09 
9.7304310709e-01 2.4020082671e-09 
9.7626537452e-01 2.4431107530e-09 
9.7819873497e-01 2.4674981633e-09 
9.8051876752e-01 2.4964891711e-09 
9.8330280658e-01 2.5309223593e-09 
9.8664365344e-01 2.5717611422e-09 
9.8864816156e-01 2.5960290583e-09 
9.9105357131e-01 2.6249138046e-09 
9.9394006300e-01 2.6592753879e-09 
9.9740385303e-01 2.7001103335e-09 
9.9948212705e-01 2.7244234641e-09 
1.0019760559e+00 2.7534016566e-09 
1.0049687705e+00 2.7879383837e-09 
1.0085600280e+00 2.8290748105e-09 
1.0107147825e+00 2.8536036087e-09 
1.0133004879e+00 2.8829049225e-09 
1.0164033344e+00 2.9178995390e-09 
1.0201267501e+00 2.9596876490e-09 
1.0223607996e+00 2.9846609536e-09 
1.0250416590e+00 3.0145485904e-09 
1.0282586902e+00 3.0503233924e-09 
1.0321191277e+00 3.0931591661e-09 
1.0344353902e+00 3.1188202642e-09 
1.0372149052e+00 3.1495923984e-09 
1.0405503232e+00 3.1865144096e-09 
1.0445528247e+00 3.2308518996e-09 
1.0469543257e+00 3.2574810044e-09 
1.0498361268e+00 3.2894818884e-09 
1.0532942882e+00 3.3279762743e-09 
1.0574440818e+00 3.3743441991e-09 
1.0599339580e+00 3.4022688742e-09 
1.0629218094e+00 3.4359022166e-09 
1.0665072311e+00 3.4764690106e-09 
1.0708097372e+00 3.5254904504e-09 
1.0733912408e+00 3.5550972532e-09 
1.0764890452e+00 3.5908397476e-09 
1.0802064104e+00 3.6340699464e-09 
1.0824368295e+00 3.6602037638e-09 
1.0851133325e+00 3.6917568388e-09 
1.0883251360e+00 3.7299280933e-09 
1.0921793003e+00 3.7762072584e-09 
1.0944917989e+00 3.8042461611e-09 
1.0972667971e+00 3.8381550348e-09 
1.1005967951e+00 3.8792597405e-09 
1.1045927926e+00 3.9292159813e-09 
1.1069903911e+00 3.9595520162e-09 
1.1098675093e+00 3.9962960809e-09 
1.1133200511e+00 4.0409271784e-09 
1.1174631014e+00 4.0952990046e-09 
1.1199489315e+00 4.1283677612e-09 
1.1229319276e+00 4.1685106750e-09 
1.1265115230e+00 4.2173708219e-09 
1.1308070375e+00 4.2770386297e-09 
1.1333843462e+00 4.3134037159e-09 
1.1364771166e+00 4.3576220078e-09 
1.1401884411e+00 4.4115488182e-09 
1.1446420305e+00 4.4775579959e-09 
1.1473141841e+00 4.5178695972e-09 
1.1505207685e+00 4.5669677447e-09 
1.1543686697e+00 4.6269628590e-09 
1.1566774105e+00 4.6635508259e-09 
1.1594478994e+00 4.7080409882e-09 
1.1627724860e+00 4.7623067274e-09 
1.1667619900e+00 4.8287321638e-09 
1.1691556924e+00 4.8693047802e-09 
1.1720281353e+00 4.9187019997e-09 
1.1754750668e+00 4.9790445087e-09 
1.1796113845e+00 5.0530431609e-09 
1.1820931752e+00 5.0983148240e-09 
1.1850713240e+00 5.1535041768e-09 
1.1886451025e+00 5.2210281156e-09 
1.1929336368e+00 5.3039901312e-09 
1.1955067573e+00 5.3548316683e-09 
1.1985945020e+00 5.4168935442e-09 
1.2022997956e+00 5.4929506438e-09 
1.2067461479e+00 5.5865823315e-09 
1.2094139592e+00 5.6440662721e-09 
1.2126153329e+00 5.7143335856e-09 
1.2164569813e+00 5.8005958475e-09 
1.2187619703e+00 5.8534016580e-09 
1.2215279572e+00 5.9178566302e-09 
1.2248471414e+00 5.9967626555e-09 
1.2288301624e+00 6.0937970271e-09 
1.2312199751e+00 6.1532860897e-09 
1.2340877502e+00 6.2259675019e-09 
1.2375290804e+00 6.3151028969e-09 
1.2416586766e+00 6.4249228220e-09 
1.2441364344e+00 6.4923617112e-09 
1.2471097437e+00 6.5748689305e-09 
1.2506777148e+00 6.6762229741e-09 
1.2549592802e+00 6.8013501991e-09 
1.2575282194e+00 6.8783260958e-09 
1.2606109465e+00 6.9726424021e-09 
1.2643102189e+00 7.0887151131e-09 
1.2687493459e+00 7.2323344778e-09 
1.2714128221e+00 7.3208580105e-09 
1.2746089935e+00 7.4295002589e-09 
1.2784443992e+00 7.5634704907e-09 
1.2830468861e+00 7.7296412003e-09 
1.2858083782e+00 7.8322897211e-09 
1.2891221687e+00 7.9585020228e-09 
1.2930987174e+00 8.1144934428e-09 
1.2978705757e+00 8.3085435295e-09 
1.3007336907e+00 8.4286935638e-09 
1.3041694288e+00 8.5767301834e-09 
1.3082923144e+00 8.7601593668e-09 
1.3107660458e+00 8.8733628241e-09 
1.3137345234e+00 9.0124419117e-09 
1.3172966966e+00 9.1841657547e-09 
1.3215713044e+00 9.3974935619e-09 
1.3241360691e+00 9.5294461072e-09 
1.3272137867e+00 9.6918669131e-09 
1.3309070479e+00 9.8928739015e-09 
1.3353389613e+00 1.0143281697e-08 
1.3379981093e+00 1.0298551672e-08 
1.3411890869e+00 1.0490068915e-08 
1.3450182601e+00 1.0727679723e-08 
1.3496132679e+00 1.1024590215e-08 
1.3523702726e+00 1.1209186061e-08 
1.3556786782e+00 1.1437383243e-08 
1.3596487649e+00 1.1721266971e-08 
1.3644128690e+00 1.2077157943e-08 
1.3672713315e+00 1.2299054457e-08 
1.3707014864e+00 1.2574015397e-08 
1.3748176723e+00 1.2917060823e-08 
1.3797570954e+00 1.3348618729e-08 
1.3856844032e+00 1.3897079422e-08 
1.3892407878e+00 1.4243166435e-08 
1.3935084494e+00 1.4676380297e-08 
1.3986296433e+00 1.5223566582e-08 
1.4017023596e+00 1.5566970145e-08 
1.4053896192e+00 1.5994813033e-08 
1.4098143307e+00 1.6532126511e-08 
1.4151239846e+00 1.7213473148e-08 
1.4183097768e+00 1.7642529549e-08 
1.4221327276e+00 1.8178635479e-08 
1.4267202685e+00 1.8854248008e-08 
1.4322253176e+00 1.9714594051e-08 
1.4355283470e+00 2.0258387706e-08 
1.4394919824e+00 2.0939971945e-08 
1.4442483448e+00 2.1802192462e-08 
1.4499559797e+00 2.2905291856e-08 
1.4533805606e+00 2.3605369019e-08 
1.4574900577e+00 2.4485867159e-08 
1.4624214542e+00 2.5604418742e-08 
1.4683391301e+00 2.7042840325e-08 
1.4754403411e+00 2.8920544037e-08 
1.4797010677e+00 3.0133447286e-08 
1.4848139397e+00 3.1681962672e-08 
1.4909493860e+00 3.3685497542e-08 
1.4983119216e+00 3.6320371973e-08 
1.5027294429e+00 3.8033221565e-08 
1.5080304686e+00 4.0231592138e-08 
1.5143916993e+00 4.3093945975e-08 
1.5220251762e+00 4.6886302301e-08 
1.5266052623e+00 4.9366937453e-08 
1.5321013657e+00 5.2566791041e-08 
1.5386966897e+00 5.6757543700e-08 
1.5466110786e+00 6.2346982452e-08 
1.5513597119e+00 6.6022667118e-08 
1.5570580719e+00 7.0783661038e-08 
1.5638961038e+00 7.7047301468e-08 
1.5721017422e+00 8.5440841935e-08 
1.5770251252e+00 9.0979016856e-08 
1.5829331848e+00 9.8167926651e-08 
1.5900228563e+00 1.0764241691e-07 
1.5985304622e+00 1.2034791991e-07 
1.6087395892e+00 1.3771953750e-07 
1.6209905416e+00 1.6196232381e-07 
1.6283411131e+00 1.7843755391e-07 
1.6371617988e+00 2.0024456583e-07 
1.6477466217e+00 2.2946381019e-07 
1.6540975155e+00 2.4863061439e-07 
1.6617185879e+00 2.7325028184e-07 
1.6708638749e+00 3.0508116983e-07 
1.6818382193e+00 3.4643114079e-07 
1.6950074325e+00 4.0023724303e-07 
1.7108104884e+00 4.7008135127e-07 
1.7202923220e+00 5.1439605454e-07 
1.7316705222e+00 5.6955261519e-07 
1.7453243625e+00 6.3812409232e-07 
1.7617089709e+00 7.2323151404e-07 
1.7813705009e+00 8.2863532877e-07 
1.8049643369e+00 9.5884882120e-07 
1.8191206385e+00 1.0385620127e-06 
1.8361082005e+00 1.1355115038e-06 
1.8564932748e+00 1.2534236251e-06 
1.8809553640e+00 1.3967743757e-06 
1.9103098710e+00 1.5709021612e-06 
1.9455352795e+00 1.7821330172e-06 
1.9666705246e+00 1.9097798032e-06 
1.9920328186e+00 2.0636361738e-06 
2.0224675715e+00 2.2490023165e-06 
2.0589892750e+00 2.4721724802e-06 
2.1028153192e+00 2.7405754607e-06 
2.1291109457e+00 2.9017603779e-06 
2.1606656975e+00 3.0951693003e-06 
2.1985313996e+00 3.3270608925e-06 
2.2439702422e+00 3.6047849293e-06 
2.2984968533e+00 3.9369010115e-06 
2.3312128200e+00 4.1354344171e-06 
2.3704719800e+00 4.3728280778e-06 
2.3940274760e+00 4.5147925227e-06 
2.4222940712e+00 4.6846593508e-06 
2.4562139854e+00 4.8877743598e-06 
2.4969178825e+00 5.1304538764e-06 
2.5213402208e+00 5.2755078557e-06 
2.5506470267e+00 5.4490280756e-06 
2.5858151938e+00 5.6564763563e-06 
2.6280169943e+00 5.9043152129e-06 
2.6533380746e+00 6.0524535144e-06 
2.6837233709e+00 6.2296718294e-06 
2.7201857266e+00 6.4415592063e-06 
2.7639405533e+00 6.6947318353e-06 
2.8164463454e+00 6.9970071634e-06 
2.8479498207e+00 7.1775909343e-06 
2.8857539910e+00 7.3935419750e-06 
2.9311189954e+00 7.6516379767e-06 
2.9855570007e+00 7.9599165118e-06 
3.0000000000e+00 8.0414520783e-06 
3.0000000000e+00 8.1074711194e-06 
3.0000000000e+00 8.1875044198e-06 
3.0000000000e+00 8.2838810678e-06 
3.0000000000e+00 8.3991581939e-06 
3.0000000000e+00 8.5362889285e-06 
3.0000000000e+00 8.6982863738e-06 
3.0000000000e+00 8.8863471075e-06 
3.0000000000e+00 9.0915401855e-06 
3.0000000000e+00 9.2740616387e-06 
3.0000000000e+00 9.3353954316e-06 
2.9525738745e+00 9.1904044557e-06 
2.8956625240e+00 8.8726513060e-06 
2.8463203389e+00 8.5513337424e-06 
2.8167150279e+00 8.3542497975e-06 
2.7811886546e+00 8.1198640849e-06 
2.7385570068e+00 7.8404250375e-06 
2.7129780180e+00 7.6729281175e-06 
2.6822832316e+00 7.4715193980e-06 
2.6454494878e+00 7.2290283252e-06 
2.6012489953e+00 6.9368498778e-06 
2.5747286997e+00 6.7609150415e-06 
2.5429043451e+00 6.5491597714e-06 
2.5047151196e+00 6.2941182567e-06 
2.4818015843e+00 6.1405926877e-06 
2.4543053419e+00 5.9558535372e-06 
2.4213098510e+00 5.7334179413e-06 
2.3817152620e+00 5.4653910948e-06 
2.3342017551e+00 5.1421268595e-06 
2.3056936510e+00 4.9472984147e-06 
2.2714839261e+00 4.7126336255e-06 
2.2304322561e+00 4.4297950332e-06 
2.2058012542e+00 4.2594602499e-06 
2.1762440519e+00 4.0544679701e-06 
2.1407754090e+00 3.8077003387e-06 
2.0982130377e+00 3.5106333865e-06 
2.0726756149e+00 3.3320011145e-06 
2.0420307075e+00 3.1173899319e-06 
2.0052568186e+00 2.8597034767e-06 
1.9831924853e+00 2.7051226158e-06 
1.9567152853e+00 2.5197943503e-06 
1.9249426453e+00 2.2978578641e-06 
1.9058790613e+00 2.1650544224e-06 
1.8830027605e+00 2.0061912207e-06 
1.8555511996e+00 1.8165190575e-06 
1.8390802630e+00 1.7033629949e-06 
1.8193151392e+00 1.5683919915e-06 
1.7955969905e+00 1.4079005632e-06 
1.7671352121e+00 1.2180867227e-06 
1.7500581451e+00 1.1060673276e-06 
1.7295656647e+00 9.7401688150e-07 
1.7172701764e+00 8.9628267661e-07 
1.7025155905e+00 8.0477594366e-07 
1.6848100874e+00 6.9799690799e-07 
1.6741867855e+00 6.3578878754e-07 
1.6614388233e+00 5.6328358262e-07 
1.6461412686e+00 4.7983833291e-07 
1.6369627358e+00 4.3189943214e-07 
1.6259484964e+00 3.7676087258e-07 
1.6193399528e+00 3.4504817465e-07 
1.6114097005e+00 3.0847177951e-07 
1.6018933977e+00 2.6688357903e-07 
1.5904738343e+00 2.2060438530e-07 
1.5836220963e+00 1.9488939211e-07 
1.5754000106e+00 1.6621052116e-07 
1.5655335079e+00 1.3511254468e-07 
1.5596136062e+00 1.1825860692e-07 
1.5525097242e+00 9.9868395288e-08 
1.5439850659e+00 8.0461145072e-08 
1.5388702708e+00 7.0192827769e-08 
1.5327325168e+00 5.9196343848e-08 
1.5253672120e+00 4.7823775711e-08 
1.5209480290e+00 4.1897512283e-08 
1.5156450096e+00 3.5610059033e-08 
1.5092813862e+00 2.9153824504e-08 
1.5016450381e+00 2.2794504453e-08 
1.4924814204e+00 1.6850956358e-08 
1.4869832498e+00 1.4019357035e-08 
1.4803854451e+00 1.1219568474e-08 
1.4724680795e+00 8.5691852172e-09 
1.4629672406e+00 6.1884975755e-09 
1.4515662341e+00 4.1800742309e-09 
1.4378850262e+00 2.6070636443e-09 
1.4220591400e+00 1.5091926860e-09 
1.4065335532e+00 8.8315753979e-10 
1.3912521333e+00 5.2195832694e-10 
1.3755865268e+00 3.0540235838e-10 
1.3594075057e+00 1.7671055048e-10 
1.3428921877e+00 1.0232836645e-10 
1.3260974188e+00 6.0001979979e-11 
1.3088773857e+00 3.6030451683e-11 
1.2911562858e+00 2.2628811979e-11 
1.2726189825e+00 1.5180087676e-11 
1.2529962423e+00 1.1119290987e-11 
1.2307782905e+00 8.8772888754e-12 
1.2056051781e+00 7.7321668503e-12 
1.1792980453e+00 7.2096560637e-12 
1.1532465106e+00 6.9669643267e-12 
1.1274437878e+00 6.8349382809e-12 
1.1014720123e+00 6.7465622350e-12 
1.0753558766e+00 6.6761944248e-12 
1.0494248246e+00 6.6124624866e-12 
1.0238444242e+00 6.5477840141e-12 
9.9856165964e-01 6.4761012720e-12 
9.7352906600e-01 6.3954218657e-12 
9.4874394483e-01 6.3100338326e-12 
9.2419341084e-01 6.2273772564e-12 
8.9993816154e-01 6.1524046357e-12 
8.7596021364e-01 6.0853681399e-12 
8.5211319481e-01 6.0240010021e-12 
8.2822613839e-01 5.9660619871e-12 
8.0420537394e-01 5.9102691863e-12 
7.8003142073e-01 5.8561054041e-12 
7.5569340540e-01 5.8033578792e-12 
7.3115921006e-01 5.7518929623e-12 
7.0624884952e-01 5.7013480084e-12 
6.8070404039e-01 5.6512718974e-12 
6.5459376856e-01 5.6019081663e-12 
6.2806851562e-01 5.5536248883e-12 
6.0110283517e-01 5.5064150636e-12 
5.7354589356e-01 5.4600469759e-12 
5.4523406842e-01 5.4142949501e-12 
5.1599614980e-01 5.3689553298e-12 
4.8567195679e-01 5.3238642971e-12 
4.5409332995e-01 5.2788730694e-12 
4.2100151944e-01 5.2337378952e-12 
3.8613621179e-01 5.1882580530e-12 
3.4925257480e-01 5.1422992480e-12 
3.1011703684e-01 5.0957338811e-12 
2.6855279521e-01 5.0486778362e-12 
2.2425217361e-01 5.0009783242e-12 
1.7704629642e-01 4.9526463954e-12 
1.2683464162e-01 4.9038156242e-12 
7.3564362266e-02 4.8546789830e-12 
1.7295603033e-02 4.8055069194e-12 
-4.1719508834e-02 4.7566896309e-12 
-1.0334643306e-01 4.7084722000e-12 
-1.6714870789e-01 4.6612774848e-12 
-2.3398944013e-01 4.6145714648e-12 
-3.0304521205e-01 4.5691436169e-12 
-3.7345908363e-01 4.5255455458e-12 
-4.4739549528e-01 4.4820975745e-12 
-5.2401290198e-01 4.4393589110e-12 
-6.0078580375e-01 4.3988675907e-12 
-6.7692148175e-01 4.3609011349e-12 
-7.5477192658e-01 4.3243363289e-12 
-8.3472122237e-01 4.2903882465e-12 
-9.1583279848e-01 4.2661186874e-12 
-9.9770739121e-01 4.2787380978e-12 
-1.0000000000e+00 4.2890587335e-12 
