EXPORTED XY-GRAPH DATA
304 2 2
V[2]
I[ASPLIT_drain]
0.0000000000e+00 2.6356662315e-19 
0.0000000000e+00 -1.2678197193e-19 
0.0000000000e+00 1.6616565672e-20 
0.0000000000e+00 -1.4523878014e-19 
0.0000000000e+00 -1.1627065818e-19 
0.0000000000e+00 -9.6607656027e-20 
0.0000000000e+00 -7.6755695718e-20 
0.0000000000e+00 5.9782479848e-20 
0.0000000000e+00 -4.5245158080e-21 
0.0000000000e+00 -4.3587484712e-22 
0.0000000000e+00 -3.7726636434e-20 
0.0000000000e+00 -3.3544089738e-20 
0.0000000000e+00 1.8821455321e-21 
0.0000000000e+00 2.0366927739e-20 
0.0000000000e+00 6.4712623306e-22 
0.0000000000e+00 1.1689174977e-21 
0.0000000000e+00 -1.3795599875e-20 
0.0000000000e+00 -1.0309021547e-20 
0.0000000000e+00 8.4662014041e-21 
0.0000000000e+00 -7.1214183956e-21 
0.0000000000e+00 4.7673383751e-23 
0.0000000000e+00 -3.8515177581e-22 
0.0000000000e+00 2.4318124868e-23 
0.0000000000e+00 3.2005276735e-21 
0.0000000000e+00 2.2354569248e-22 
0.0000000000e+00 -2.3207520785e-21 
0.0000000000e+00 1.9074918748e-21 
0.0000000000e+00 -1.8379863318e-21 
0.0000000000e+00 1.1049420879e-22 
0.0000000000e+00 -2.1675812273e-23 
0.0000000000e+00 -1.0396583299e-21 
0.0000000000e+00 6.8046485428e-23 
0.0000000000e+00 -4.7710701793e-24 
0.0000000000e+00 -4.5956374470e-23 
0.0000000000e+00 -2.1773803813e-23 
0.0000000000e+00 3.3245895967e-22 
0.0000000000e+00 -2.8759548671e-22 
0.0000000000e+00 8.2236281864e-23 
0.0000000000e+00 -1.0978247532e-22 
0.0000000000e+00 -4.8400698828e-24 
0.0000000000e+00 -2.0606439252e-22 
0.0000000000e+00 7.3362663487e-23 
0.0000000000e+00 6.5957307249e-23 
0.0000000000e+00 -1.0575370557e-22 
-1.4212447106e-01 4.4906881625e-10 
-1.9532380137e-01 2.8262310141e-10 
-2.1766417676e-01 2.8175516445e-10 
-2.4147484528e-01 2.8078128684e-10 
-2.7004764751e-01 2.7988749361e-10 
-3.0433501017e-01 2.7941066719e-10 
-3.4547984538e-01 2.7937729936e-10 
-3.8614302555e-01 2.7917662663e-10 
-4.2669269037e-01 2.7863187907e-10 
-4.6832906811e-01 2.7789306803e-10 
-5.1082878459e-01 2.7710717082e-10 
-5.5603102881e-01 2.7630985219e-10 
-6.0178471031e-01 2.7556887107e-10 
-6.4838371445e-01 2.7488129111e-10 
-6.9743564365e-01 2.7422151746e-10 
-7.4669055705e-01 2.7362185145e-10 
-7.9788243385e-01 2.7305889770e-10 
-8.5088597039e-01 2.7253808565e-10 
-9.0369343120e-01 2.7208022398e-10 
-9.5936636482e-01 2.7165835388e-10 
-1.0000000000e+00 2.7139674466e-10 
-1.0000000000e+00 -1.3240589180e-10 
-1.0000000000e+00 1.0050271145e-11 
-1.0000000000e+00 9.9996135023e-12 
-1.0000000000e+00 9.9372853591e-12 
-1.0000000000e+00 9.8645866878e-12 
-1.0000000000e+00 9.7789052587e-12 
-1.0000000000e+00 9.6766131978e-12 
-1.0000000000e+00 9.5534438673e-12 
-1.0000000000e+00 9.4056555961e-12 
-1.0000000000e+00 9.2349846122e-12 
-1.0000000000e+00 9.0498445434e-12 
-1.0000000000e+00 8.8554193183e-12 
-1.0000000000e+00 8.6459331432e-12 
-1.0000000000e+00 8.4086592569e-12 
-1.0000000000e+00 8.1180268131e-12 
-1.0000000000e+00 7.6154939256e-12 
-1.0000000000e+00 5.6318964560e-12 
-1.0000000000e+00 1.1227687261e-12 
-1.0000000000e+00 -7.6309995116e-13 
-1.0000000000e+00 -4.1713235663e-13 
-1.0000000000e+00 -6.3967023444e-14 
-1.0000000000e+00 1.6388393631e-14 
-1.0000000000e+00 8.7440579589e-15 
-1.0000000000e+00 8.3770612191e-16 
-1.0000000000e+00 -3.0139724679e-16 
-1.0000000000e+00 -6.5795202584e-17 
-1.0000000000e+00 2.2681084760e-17 
-1.0000000000e+00 2.4611686449e-17 
-1.0000000000e+00 2.1853227792e-17 
-1.0000000000e+00 2.1553933643e-17 
-1.0000000000e+00 2.1594760915e-17 
-7.1781177123e-01 -7.6591982443e-12 
-5.7917607750e-01 -5.0438721262e-12 
-5.3512265808e-01 -4.9479853164e-12 
-4.9626761484e-01 -4.9203359652e-12 
-4.5252925874e-01 -4.9044405731e-12 
-4.0985173341e-01 -4.8884145248e-12 
-3.6716585943e-01 -4.8697831137e-12 
-3.2514011266e-01 -4.8493716143e-12 
-2.8265736672e-01 -4.8268498280e-12 
-2.3906984112e-01 -4.8015196048e-12 
-1.9401349957e-01 -4.7724973728e-12 
-1.4687736873e-01 -4.7384239749e-12 
-9.5402897845e-02 -4.6958556329e-12 
-3.3633532781e-02 -4.6353462369e-12 
4.0489705296e-02 -4.5431764244e-12 
1.2943759099e-01 -4.3859146340e-12 
2.1473948998e-01 -4.1413836990e-12 
2.8511394440e-01 -3.8448131727e-12 
3.4466245601e-01 -3.6437865391e-12 
3.9604427408e-01 -3.5994604036e-12 
4.3714549581e-01 -3.5937121549e-12 
4.7324544190e-01 -3.5566817603e-12 
5.1108346682e-01 -3.4176693511e-12 
5.5118836315e-01 -2.9168320376e-12 
5.9108081266e-01 -1.2444160914e-12 
6.3073941077e-01 4.3324346844e-12 
6.7137819620e-01 2.4983798865e-11 
6.9220806701e-01 5.3883430554e-11 
7.0470598950e-01 8.6262716402e-11 
7.1970349648e-01 1.5945478470e-10 
7.2870200067e-01 2.4219656249e-10 
7.3950020570e-01 4.4948747774e-10 
7.4535244955e-01 6.9541837067e-10 
7.4886379586e-01 9.6356438344e-10 
7.5307741143e-01 1.6626934021e-09 
7.5524045185e-01 2.4962536929e-09 
7.5653827610e-01 3.4524684440e-09 
7.5809566519e-01 6.3325129693e-09 
7.5880308372e-01 9.7438692187e-09 
7.5921183321e-01 1.3646450729e-08 
7.5970233259e-01 2.5780835145e-08 
7.5991883676e-01 3.9137101256e-08 
7.6017689967e-01 8.8785631194e-08 
7.6038819762e-01 4.6933291729e-07 
7.6051461148e-01 1.6239643888e-06 
7.6059939212e-01 3.5846869164e-06 
7.6066062144e-01 6.1637513886e-06 
7.6072357007e-01 1.0379442669e-05 
7.6076733235e-01 1.4363670253e-05 
7.6081211541e-01 1.9205761770e-05 
7.6086585508e-01 2.5492620856e-05 
7.6093034269e-01 3.2641309108e-05 
7.6100772782e-01 3.9444214407e-05 
7.6110058998e-01 4.4686159022e-05 
7.6121202457e-01 4.7847106275e-05 
7.6134574607e-01 4.9232244241e-05 
7.6150621188e-01 4.9558720855e-05 
7.6169877084e-01 4.9477809465e-05 
7.6192984160e-01 4.9352758113e-05 
7.6220712652e-01 4.9290985833e-05 
7.6253986841e-01 4.9277366115e-05 
7.6293915869e-01 4.9278353518e-05 
7.6341830701e-01 4.9278348151e-05 
7.6399328501e-01 4.9275467790e-05 
7.6468325860e-01 4.9271106839e-05 
7.6551122691e-01 4.9265877791e-05 
7.6650478889e-01 4.9259672589e-05 
7.6769706326e-01 4.9252225932e-05 
7.6912779250e-01 4.9243262233e-05 
7.7084466759e-01 4.9232464853e-05 
7.7290491770e-01 4.9219452561e-05 
7.7537721784e-01 4.9203759332e-05 
7.7834397799e-01 4.9184814646e-05 
7.8190409019e-01 4.9161917828e-05 
7.8617622481e-01 4.9134203763e-05 
7.9130278637e-01 4.9100600305e-05 
7.9745466023e-01 4.9059770988e-05 
8.0483690887e-01 4.9010041234e-05 
8.1369560724e-01 4.8949280553e-05 
8.2432604528e-01 4.8874800077e-05 
8.3708257092e-01 4.8783148723e-05 
8.5239040170e-01 4.8669816470e-05 
8.7075979863e-01 4.8528893887e-05 
8.9280307495e-01 4.8352653799e-05 
9.1925500653e-01 4.8130926507e-05 
9.5099732443e-01 4.7850721050e-05 
9.8669066314e-01 4.7520296359e-05 
1.0246218248e+00 4.7160602849e-05 
1.0655061628e+00 4.6783067683e-05 
1.1124454609e+00 4.6394267737e-05 
1.1687726186e+00 4.6016923881e-05 
1.2363652079e+00 4.5666367517e-05 
1.3174763150e+00 4.5260359643e-05 
1.4148096435e+00 4.4548584250e-05 
1.5316096377e+00 4.3212917325e-05 
1.6633194115e+00 4.1672179761e-05 
1.7761229816e+00 4.1178652743e-05 
1.8408157351e+00 4.1346282505e-05 
1.8895487331e+00 4.1661786893e-05 
1.9381703198e+00 4.2116364349e-05 
1.9863809285e+00 4.2691997512e-05 
2.0308517715e+00 4.3329038517e-05 
2.0718083459e+00 4.4008282548e-05 
2.1106030531e+00 4.4740324806e-05 
2.1477508290e+00 4.5531654312e-05 
2.1834232693e+00 4.6386854970e-05 
2.2177890082e+00 4.7313545617e-05 
2.2510165099e+00 4.8322272797e-05 
2.2832642470e+00 4.9426237789e-05 
2.3147360469e+00 5.0643978927e-05 
2.3455912010e+00 5.1996155672e-05 
2.3759463136e+00 5.3503814023e-05 
2.4059764893e+00 5.5192354741e-05 
2.4358664592e+00 5.7088476188e-05 
2.4658747327e+00 5.9223160333e-05 
2.4962274452e+00 6.1623473116e-05 
2.5270400791e+00 6.4302562610e-05 
2.5584445488e+00 6.7268083368e-05 
2.5905973106e+00 7.0526157870e-05 
2.6236302955e+00 7.4080167621e-05 
2.6575849865e+00 7.7924851594e-05 
2.6924071134e+00 8.2043893547e-05 
2.7279911825e+00 8.6412290165e-05 
2.7642473809e+00 9.1002478431e-05 
2.8011663065e+00 9.5792318789e-05 
2.8388441395e+00 1.0076985616e-04 
2.8774423948e+00 1.0593015425e-04 
2.9172501790e+00 1.1128570947e-04 
2.9587440812e+00 1.1687614425e-04 
3.0000000000e+00 1.2242118240e-04 
3.0000000000e+00 1.2637011187e-04 
3.0000000000e+00 1.2968959736e-04 
3.0000000000e+00 1.3174632848e-04 
3.0000000000e+00 1.3308776932e-04 
3.0000000000e+00 1.3368091210e-04 
3.0000000000e+00 1.3380916774e-04 
3.0000000000e+00 1.3377205735e-04 
2.9105701120e+00 1.2392164345e-04 
2.8423173428e+00 1.1446226963e-04 
2.7742968231e+00 1.0495329927e-04 
2.6957170125e+00 9.4435820232e-05 
2.6137369541e+00 8.4174385773e-05 
2.5331113663e+00 7.4949037237e-05 
2.4541500199e+00 6.6940517999e-05 
2.3785649430e+00 6.0481882289e-05 
2.3091748123e+00 5.5760306111e-05 
2.2455894215e+00 5.2401137708e-05 
2.1847811889e+00 4.9892029185e-05 
2.1242509406e+00 4.7910562952e-05 
2.0623781968e+00 4.6282688540e-05 
1.9978765480e+00 4.4914294257e-05 
1.9295966074e+00 4.3762275309e-05 
1.8560590251e+00 4.2823004798e-05 
1.7755237721e+00 4.2157373399e-05 
1.6897233594e+00 4.1946127831e-05 
1.6206959681e+00 4.2241960570e-05 
1.5689374591e+00 4.2755480947e-05 
1.5225638384e+00 4.3387238667e-05 
1.4765924852e+00 4.4097248738e-05 
1.4324243334e+00 4.4771151058e-05 
1.3913780817e+00 4.5323726577e-05 
1.3517678369e+00 4.5751424237e-05 
1.3116409099e+00 4.6064399479e-05 
1.2709117626e+00 4.6265336936e-05 
1.2310828907e+00 4.6372398212e-05 
1.1927526590e+00 4.6426651896e-05 
1.1562176956e+00 4.6472969750e-05 
1.1217763823e+00 4.6550336354e-05 
1.0897983719e+00 4.6681829363e-05 
1.0605863788e+00 4.6866004788e-05 
1.0341972881e+00 4.7079671506e-05 
1.0106520025e+00 4.7293171791e-05 
9.9107826650e-01 4.7476475147e-05 
9.7422974741e-01 4.7633969573e-05 
9.5745447012e-01 4.7788538470e-05 
9.3920880789e-01 4.7952923850e-05 
9.2032948767e-01 4.8118156995e-05 
9.0202803927e-01 4.8273120257e-05 
8.8404262798e-01 4.8420240838e-05 
8.6589782542e-01 4.8563398859e-05 
8.4756053922e-01 4.8702738034e-05 
8.2915163370e-01 4.8837259108e-05 
8.1060356667e-01 4.8967536543e-05 
7.9153424320e-01 4.9096063488e-05 
7.7100530244e-01 4.9228520076e-05 
7.4691960167e-01 4.9376414135e-05 
7.1801676074e-01 4.9543866849e-05 
6.8333335162e-01 4.9731676737e-05 
6.4171326069e-01 4.9941089739e-05 
5.9176915156e-01 5.0177756661e-05 
5.3183622061e-01 5.0465142386e-05 
4.5991670347e-01 5.0549737368e-05 
3.7361328291e-01 5.0776625382e-05 
2.7281370871e-01 5.1196204771e-05 
1.8741091767e-01 5.1602989120e-05 
1.2494946911e-01 5.1914650138e-05 
7.2634812745e-02 5.2172639998e-05 
2.5541745058e-02 5.2374910481e-05 
-1.9593654040e-02 5.2498455571e-05 
-6.8083803180e-02 5.2515528812e-05 
-1.2627198215e-01 5.2383006544e-05 
-1.9609779691e-01 5.2075875018e-05 
-2.7988877463e-01 5.1605258921e-05 
-3.8043794788e-01 5.1001417278e-05 
-5.0109695579e-01 5.0298793741e-05 
-6.4588776528e-01 4.9525532441e-05 
-8.1963673667e-01 4.8698585850e-05 
-1.0000000000e+00 4.7936230137e-05 
