EXPORTED XY-GRAPH DATA
147 2 2
V[1]
I[ASPLIT_drain]
0.0000000000e+00 1.0245306612e-18 
0.0000000000e+00 -5.2304631538e-19 
0.0000000000e+00 -1.1077083237e-20 
0.0000000000e+00 -1.3314082403e-19 
0.0000000000e+00 -1.1327126875e-19 
0.0000000000e+00 -9.4358881775e-20 
0.0000000000e+00 -8.5766426009e-20 
0.0000000000e+00 5.8337689373e-20 
0.0000000000e+00 -2.1289600696e-21 
0.0000000000e+00 -4.1963077655e-21 
0.0000000000e+00 -3.7617999300e-20 
0.0000000000e+00 -3.2779786808e-20 
0.0000000000e+00 7.2523334747e-22 
0.0000000000e+00 1.9817127706e-20 
0.0000000000e+00 9.9658240925e-22 
0.0000000000e+00 1.0762195202e-23 
0.0000000000e+00 -1.2541589307e-20 
0.0000000000e+00 -1.1297451534e-20 
0.0000000000e+00 7.8132784402e-21 
0.0000000000e+00 -7.4058930357e-21 
0.0000000000e+00 -4.4091226255e-22 
0.0000000000e+00 -2.2439797993e-22 
0.0000000000e+00 6.3868526490e-23 
0.0000000000e+00 3.3368678172e-21 
0.0000000000e+00 7.5434033451e-24 
0.0000000000e+00 -2.5990951864e-21 
0.0000000000e+00 1.7680570987e-21 
0.0000000000e+00 -1.4744098719e-21 
0.0000000000e+00 1.1387331631e-22 
0.0000000000e+00 3.3327464624e-23 
0.0000000000e+00 -8.7826237579e-22 
0.0000000000e+00 2.2543641272e-23 
0.0000000000e+00 -1.2718781747e-22 
0.0000000000e+00 2.2213286362e-22 
0.0000000000e+00 1.2063793607e-23 
0.0000000000e+00 4.1136542938e-22 
0.0000000000e+00 -2.3546008713e-22 
0.0000000000e+00 9.2716369071e-23 
0.0000000000e+00 -1.1130946623e-22 
0.0000000000e+00 1.2085206781e-22 
0.0000000000e+00 -2.2461129529e-22 
0.0000000000e+00 1.2519590580e-23 
0.0000000000e+00 2.0492253093e-22 
0.0000000000e+00 2.4258117324e-24 
0.0000000000e+00 -3.8077656294e-11 
0.0000000000e+00 -2.4940118998e-11 
0.0000000000e+00 -2.5095767385e-11 
0.0000000000e+00 -2.5312155485e-11 
0.0000000000e+00 -2.5596860851e-11 
0.0000000000e+00 -2.5969322008e-11 
0.0000000000e+00 -2.6127049210e-11 
0.0000000000e+00 1.3790558714e-11 
0.0000000000e+00 3.8372795742e-14 
0.0000000000e+00 3.9316589711e-14 
0.0000000000e+00 1.3800368497e-14 
0.0000000000e+00 9.2269747773e-16 
0.0000000000e+00 -1.2284768177e-15 
0.0000000000e+00 -5.0913177422e-16 
0.0000000000e+00 -4.6656668035e-17 
0.0000000000e+00 2.1321077958e-17 
0.0000000000e+00 2.4308370630e-18 
0.0000000000e+00 -6.0159436701e-18 
0.0000000000e+00 -6.4697161734e-18 
0.0000000000e+00 -6.1366370759e-18 
0.0000000000e+00 -6.0754795336e-18 
0.0000000000e+00 -6.0801702384e-18 
0.0000000000e+00 -6.0823390450e-18 
0.0000000000e+00 -6.0823792411e-18 
0.0000000000e+00 -6.0823217106e-18 
0.0000000000e+00 -6.0822919014e-18 
0.0000000000e+00 -6.0822701021e-18 
0.0000000000e+00 -6.0822433383e-18 
0.0000000000e+00 -6.0822111978e-18 
0.0000000000e+00 -6.0821762035e-18 
0.0000000000e+00 -6.0821266613e-18 
0.0000000000e+00 -6.0820734443e-18 
0.0000000000e+00 -6.0820265043e-18 
1.7352257531e-01 8.4573471658e-12 
2.5941901272e-01 5.3118256004e-12 
2.9711598841e-01 5.2868314995e-12 
3.3844023181e-01 5.2573105539e-12 
3.8802932390e-01 5.2233845437e-12 
4.4753623440e-01 5.1854194582e-12 
5.1264657632e-01 5.1470666638e-12 
5.7876101811e-01 5.1111393169e-12 
6.4231753147e-01 5.0790929619e-12 
7.0668520803e-01 5.0487451941e-12 
7.7705067261e-01 5.0178568159e-12 
8.4722844430e-01 4.9900576102e-12 
9.1606163674e-01 4.9680644775e-12 
9.9045438214e-01 4.9595004516e-12 
1.0661491211e+00 4.9945753826e-12 
1.1402424252e+00 5.0916941923e-12 
1.2193211526e+00 5.2062838896e-12 
1.3026125995e+00 5.2863553476e-12 
1.3850506619e+00 5.3311524077e-12 
1.4686927143e+00 5.3594540509e-12 
1.5609929043e+00 5.3811279522e-12 
1.6556530805e+00 5.3963933662e-12 
1.7488690629e+00 5.4069056005e-12 
1.8457480299e+00 5.4148986136e-12 
1.8979529399e+00 5.4179128829e-12 
1.9605988319e+00 5.4212493031e-12 
2.0357739022e+00 5.4248864348e-12 
2.1259839866e+00 5.4285717875e-12 
2.2342360880e+00 5.4324287269e-12 
2.3574433291e+00 5.4367569556e-12 
2.4750983398e+00 5.4414932006e-12 
2.5000000000e+00 5.4425471861e-12 
2.5000000000e+00 -2.5644418923e-12 
2.5000000000e+00 -8.9120327014e-14 
2.5000000000e+00 -7.7040904040e-15 
2.5000000000e+00 2.2539885227e-14 
2.5000000000e+00 2.3863093974e-14 
2.5000000000e+00 2.2230466738e-14 
2.4668438000e+00 -8.0339670333e-12 
2.4270563600e+00 -5.5044492433e-12 
2.3793114321e+00 -5.4168371473e-12 
2.3220175185e+00 -5.3971061354e-12 
2.2532648222e+00 -5.4012413346e-12 
2.1707615867e+00 -5.4053543034e-12 
2.0717577040e+00 -5.4071907671e-12 
1.9529530449e+00 -5.4069729604e-12 
1.8103874539e+00 -5.4030648325e-12 
1.6559790351e+00 -5.3922800902e-12 
1.5228353925e+00 -5.3731864315e-12 
1.4046831640e+00 -5.3425291445e-12 
1.2948390604e+00 -5.2920713448e-12 
1.1911540354e+00 -5.2047335061e-12 
1.0992418871e+00 -5.0725574507e-12 
1.0215110502e+00 -4.9612627656e-12 
9.5710877137e-01 -4.9441979485e-12 
9.0659215459e-01 -4.9632877900e-12 
8.6430330450e-01 -4.9797793800e-12 
8.2117475018e-01 -4.9964053876e-12 
7.7500257956e-01 -5.0154119179e-12 
7.2851988099e-01 -5.0357574671e-12 
6.8246091169e-01 -5.0569617137e-12 
6.3545256810e-01 -5.0796510451e-12 
5.8646679226e-01 -5.1044921858e-12 
5.3494058841e-01 -5.1320611327e-12 
4.7921688234e-01 -5.1636921058e-12 
4.1234843505e-01 -5.2043410630e-12 
3.3210629831e-01 -5.2576694598e-12 
2.3581573421e-01 -5.3295615505e-12 
1.2026705730e-01 -5.4301262169e-12 
0.0000000000e+00 -5.5579900362e-12 
