EXPORTED XY-GRAPH DATA
321 2 2
V[2]
I[ASPLIT_drain]
0.0000000000e+00 -5.4911728517e-18 
0.0000000000e+00 2.7440679081e-18 
0.0000000000e+00 8.6388295417e-21 
0.0000000000e+00 -1.3754431422e-19 
0.0000000000e+00 -1.1656025132e-19 
0.0000000000e+00 -9.0400945016e-20 
0.0000000000e+00 -7.2852564940e-20 
0.0000000000e+00 6.3148536564e-20 
0.0000000000e+00 -4.1094668044e-21 
0.0000000000e+00 1.9426321023e-21 
0.0000000000e+00 -3.6346713639e-20 
0.0000000000e+00 -3.1493704587e-20 
0.0000000000e+00 1.7816397899e-21 
0.0000000000e+00 1.8790054055e-20 
0.0000000000e+00 9.0693551853e-22 
0.0000000000e+00 8.0845499307e-22 
0.0000000000e+00 -1.1907354277e-20 
0.0000000000e+00 -1.0831645900e-20 
0.0000000000e+00 8.0859846035e-21 
0.0000000000e+00 -6.7704183482e-21 
0.0000000000e+00 2.0867670791e-22 
0.0000000000e+00 1.4639182209e-22 
0.0000000000e+00 -1.4391590441e-22 
0.0000000000e+00 3.4119219888e-21 
0.0000000000e+00 3.6668431972e-22 
0.0000000000e+00 -2.1319920558e-21 
0.0000000000e+00 1.7638565774e-21 
0.0000000000e+00 -1.7296170253e-21 
0.0000000000e+00 1.6483113571e-22 
0.0000000000e+00 -3.0339272529e-23 
0.0000000000e+00 -9.7489228241e-22 
0.0000000000e+00 1.3384335412e-23 
0.0000000000e+00 5.4692503119e-23 
0.0000000000e+00 8.5069856774e-23 
0.0000000000e+00 1.3064686176e-22 
0.0000000000e+00 4.3792625832e-22 
0.0000000000e+00 -2.8925270841e-22 
0.0000000000e+00 -5.6518875949e-23 
0.0000000000e+00 -2.4356218879e-22 
0.0000000000e+00 -3.0454728561e-24 
0.0000000000e+00 -1.4996597716e-22 
0.0000000000e+00 1.4650278178e-22 
0.0000000000e+00 2.5473045130e-22 
0.0000000000e+00 -2.4837483259e-22 
-1.4212447106e-01 4.6222248058e-10 
-1.9426518080e-01 2.9562033898e-10 
-2.1696192254e-01 2.9607951527e-10 
-2.4288854415e-01 2.9628805083e-10 
-2.7400049008e-01 2.9664765963e-10 
-3.1133482519e-01 2.9727471485e-10 
-3.5421202909e-01 2.9842506503e-10 
-3.9786399168e-01 3.0006351725e-10 
-4.3953531548e-01 3.0121754518e-10 
-4.8177546584e-01 3.0166335484e-10 
-5.2625991801e-01 3.0158152228e-10 
-5.7012447790e-01 3.0119538650e-10 
-6.1339614879e-01 3.0067155256e-10 
-6.5977093007e-01 3.0004105916e-10 
-7.0648071316e-01 2.9937608972e-10 
-7.5194482420e-01 2.9873106628e-10 
-7.9953131242e-01 2.9808355215e-10 
-8.4940304062e-01 2.9744624025e-10 
-8.9842534550e-01 2.9688508203e-10 
-9.4704450566e-01 2.9640416272e-10 
-9.9951146581e-01 2.9598211636e-10 
-1.0000000000e+00 2.9599011439e-10 
-1.0000000000e+00 -1.4307027765e-10 
-1.0000000000e+00 1.1214069807e-11 
-1.0000000000e+00 1.1491639164e-11 
-1.0000000000e+00 1.1456417961e-11 
-1.0000000000e+00 1.1452977805e-11 
-1.0000000000e+00 1.1450625387e-11 
-1.0000000000e+00 1.1447710492e-11 
-1.0000000000e+00 1.1444211985e-11 
-1.0000000000e+00 1.1440022336e-11 
-1.0000000000e+00 1.1435008911e-11 
-1.0000000000e+00 1.1429020238e-11 
-1.0000000000e+00 1.1421874705e-11 
-1.0000000000e+00 1.1413396000e-11 
-1.0000000000e+00 1.1402900537e-11 
-1.0000000000e+00 1.1390612026e-11 
-1.0000000000e+00 1.1375945220e-11 
-1.0000000000e+00 1.1358460189e-11 
-1.0000000000e+00 1.1337627936e-11 
-1.0000000000e+00 1.1312852103e-11 
-1.0000000000e+00 1.1283428855e-11 
-1.0000000000e+00 1.1248538219e-11 
-1.0000000000e+00 1.1207295920e-11 
-1.0000000000e+00 1.1158468257e-11 
-1.0000000000e+00 1.1100752778e-11 
-1.0000000000e+00 1.1032937396e-11 
-1.0000000000e+00 1.0953352733e-11 
-1.0000000000e+00 1.0859439577e-11 
-1.0000000000e+00 1.0748802826e-11 
-1.0000000000e+00 1.0617094508e-11 
-1.0000000000e+00 1.0457642238e-11 
-1.0000000000e+00 1.0263259122e-11 
-1.0000000000e+00 1.0036912106e-11 
-1.0000000000e+00 9.7911876938e-12 
-1.0000000000e+00 9.5212444437e-12 
-1.0000000000e+00 9.1756046265e-12 
-1.0000000000e+00 8.4925271981e-12 
-1.0000000000e+00 6.2394217721e-12 
-1.0000000000e+00 1.7996512461e-12 
-1.0000000000e+00 -5.8084262755e-13 
-1.0000000000e+00 -5.2151653017e-13 
-1.0000000000e+00 -1.3463563072e-13 
-1.0000000000e+00 5.7794446224e-15 
-1.0000000000e+00 1.3537859795e-14 
-1.0000000000e+00 3.0440604325e-15 
-1.0000000000e+00 -2.0358274917e-16 
-1.0000000000e+00 -1.9412614759e-16 
-1.0000000000e+00 -6.3906102039e-18 
-1.0000000000e+00 2.2477363854e-17 
-1.0000000000e+00 1.8541578842e-17 
-1.0000000000e+00 1.7069447764e-17 
-1.0000000000e+00 1.7033312702e-17 
-1.0000000000e+00 1.7053438617e-17 
-1.0000000000e+00 1.7041047256e-17 
-1.0000000000e+00 1.7113464898e-17 
-8.1241131761e-01 -7.9855545335e-12 
-6.6379594490e-01 -5.2930889264e-12 
-5.8374653161e-01 -5.2050608690e-12 
-4.8768723565e-01 -5.1791330551e-12 
-3.9408857592e-01 -5.1543223206e-12 
-3.1120765729e-01 -5.1218754793e-12 
-2.4104985094e-01 -5.0852960770e-12 
-1.8222647685e-01 -5.0469505162e-12 
-1.3449781535e-01 -5.0085641244e-12 
-9.8400281397e-02 -4.9731932777e-12 
-6.4657918646e-02 -4.9343738896e-12 
-2.8265483044e-02 -4.8848278315e-12 
9.2181535606e-03 -4.8224183559e-12 
4.5921123246e-02 -4.7462917650e-12 
8.2458133017e-02 -4.6526963254e-12 
1.2038454512e-01 -4.5366386081e-12 
1.6166320261e-01 -4.3980388504e-12 
2.1119759160e-01 -4.2447591485e-12 
2.7063885838e-01 -4.0687954379e-12 
3.2154359714e-01 -3.6921743543e-12 
3.6153726329e-01 -2.6852855927e-12 
3.9911944383e-01 1.7069408377e-13 
4.1708098470e-01 3.1293730822e-12 
4.3863483374e-01 9.7017352650e-12 
4.5156714316e-01 1.6572656080e-11 
4.5932652882e-01 2.2487784609e-11 
4.6863779160e-01 3.2404266184e-11 
4.7981130694e-01 5.1229420792e-11 
4.8651541615e-01 6.8866848534e-11 
4.9456034720e-01 1.0244016100e-10 
4.9938730582e-01 1.3445130289e-10 
5.0517965618e-01 1.9795381178e-10 
5.0865506639e-01 2.6192672622e-10 
5.1282555864e-01 4.0138506924e-10 
5.1532785400e-01 5.6031492319e-10 
5.1682923121e-01 7.1494371688e-10 
5.1863088386e-01 1.0381596886e-09 
5.1971187545e-01 1.3864012714e-09 
5.2100906536e-01 2.2498386337e-09 
5.2178418585e-01 3.4231796510e-09 
5.2224925814e-01 4.7842293467e-09 
5.2280734489e-01 8.8004793296e-09 
5.2307914897e-01 1.3703915242e-08 
5.2340531386e-01 3.9315544668e-08 
5.2352708125e-01 7.6193390974e-08 
5.2359013800e-01 1.1784786226e-07 
5.2366580610e-01 2.4933230209e-07 
5.2373420631e-01 9.6106598005e-07 
5.2377856422e-01 4.9441190317e-06 
5.2380753043e-01 1.4919701393e-05 
5.2383105368e-01 3.1618305728e-05 
5.2385514505e-01 5.5982118104e-05 
5.2388405470e-01 8.6727641741e-05 
5.2391424165e-01 1.1289363125e-04 
5.2394878594e-01 1.3247281804e-04 
5.2399023907e-01 1.4451130223e-04 
5.2403998284e-01 1.4987729187e-04 
5.2409967536e-01 1.5118266410e-04 
5.2417091657e-01 1.5090537230e-04 
5.2425640603e-01 1.5044868509e-04 
5.2435899337e-01 1.5022758664e-04 
5.2448209819e-01 1.5018716760e-04 
5.2462982397e-01 1.5020229455e-04 
5.2480709490e-01 1.5021573112e-04 
5.2501982002e-01 1.5022136002e-04 
5.2527509017e-01 1.5022493673e-04 
5.2558141434e-01 1.5022930889e-04 
5.2594900335e-01 1.5023484704e-04 
5.2639011016e-01 1.5024155606e-04 
5.2691943833e-01 1.5024962312e-04 
5.2755463214e-01 1.5025933491e-04 
5.2831686470e-01 1.5027103955e-04 
5.2923154378e-01 1.5028515794e-04 
5.3032915868e-01 1.5030217607e-04 
5.3164629656e-01 1.5032266081e-04 
5.3322686201e-01 1.5034745139e-04 
5.3512354055e-01 1.5037718624e-04 
5.3739955481e-01 1.5041297876e-04 
5.4013077191e-01 1.5045619667e-04 
5.4340823243e-01 1.5050793228e-04 
5.4734118506e-01 1.5056769664e-04 
5.5206072821e-01 1.5063138849e-04 
5.5772417999e-01 1.5069154582e-04 
5.6452032213e-01 1.5074030480e-04 
5.7267569270e-01 1.5076586923e-04 
5.8246213738e-01 1.5074627304e-04 
5.9420587099e-01 1.5069349963e-04 
6.0829835133e-01 1.5063939982e-04 
6.2520932774e-01 1.5058599614e-04 
6.4550249943e-01 1.5053181754e-04 
6.6985430545e-01 1.5047482672e-04 
6.9907647268e-01 1.5041173585e-04 
7.3205833246e-01 1.5034197102e-04 
7.6505846500e-01 1.5026931267e-04 
7.9966650087e-01 1.5018691054e-04 
8.3959255521e-01 1.5008097089e-04 
8.8187644202e-01 1.4995297141e-04 
9.2225126002e-01 1.4981406065e-04 
9.6168221462e-01 1.4966251190e-04 
1.0007777135e+00 1.4949899670e-04 
1.0398512238e+00 1.4933179834e-04 
1.0797760833e+00 1.4918004547e-04 
1.1225316515e+00 1.4908061819e-04 
1.1723946625e+00 1.4909907055e-04 
1.2322302757e+00 1.4932454969e-04 
1.3040330116e+00 1.4977369644e-04 
1.3901962946e+00 1.5024830869e-04 
1.4935922342e+00 1.5013590984e-04 
1.6176673617e+00 1.4813124740e-04 
1.7665575147e+00 1.4204089941e-04 
1.9452256983e+00 1.2972775696e-04 
2.1211247286e+00 1.1670736631e-04 
2.2138929005e+00 1.1189095108e-04 
2.2792865355e+00 1.0970757850e-04 
2.3435997773e+00 1.0848602798e-04 
2.4065896599e+00 1.0810834118e-04 
2.4638526821e+00 1.0842195609e-04 
2.5165138802e+00 1.0924220949e-04 
2.5672016130e+00 1.1050007573e-04 
2.6167875519e+00 1.1216656413e-04 
2.6653530981e+00 1.1420755765e-04 
2.7136912623e+00 1.1663032861e-04 
2.7631576891e+00 1.1950211164e-04 
2.8137293114e+00 1.2283715860e-04 
2.8649145084e+00 1.2661508522e-04 
2.9165706601e+00 1.3083441972e-04 
2.9687507988e+00 1.3551176835e-04 
3.0000000000e+00 1.3851336361e-04 
3.0000000000e+00 1.4111671925e-04 
3.0000000000e+00 1.4408999374e-04 
3.0000000000e+00 1.4664743490e-04 
3.0000000000e+00 1.4975634996e-04 
3.0000000000e+00 1.5341324027e-04 
3.0000000000e+00 1.5721473267e-04 
3.0000000000e+00 1.6008086488e-04 
3.0000000000e+00 1.6113143411e-04 
2.9257077889e+00 1.5427850983e-04 
2.8707087205e+00 1.4776428775e-04 
2.8105858155e+00 1.4090363194e-04 
2.7384383296e+00 1.3354688335e-04 
2.6518613465e+00 1.2595382867e-04 
2.5556563782e+00 1.1901807372e-04 
2.4547485581e+00 1.1347912218e-04 
2.3513329483e+00 1.0978165853e-04 
2.2438438163e+00 1.0823276727e-04 
2.1305023533e+00 1.0940932036e-04 
2.0081883837e+00 1.1455359474e-04 
1.8714736171e+00 1.2519689874e-04 
1.7074158972e+00 1.3951548293e-04 
1.5601925297e+00 1.4813188125e-04 
1.4983863876e+00 1.5008746948e-04 
1.4577706398e+00 1.5086758621e-04 
1.4137252936e+00 1.5131166145e-04 
1.3666621043e+00 1.5139187066e-04 
1.3252398340e+00 1.5119313205e-04 
1.2889470832e+00 1.5086761189e-04 
1.2539586487e+00 1.5047082220e-04 
1.2189248287e+00 1.5004491749e-04 
1.1849292743e+00 1.4966054758e-04 
1.1531994062e+00 1.4937945078e-04 
1.1239361388e+00 1.4922466948e-04 
1.0970094990e+00 1.4918460085e-04 
1.0722893321e+00 1.4922224388e-04 
1.0500549411e+00 1.4929439174e-04 
1.0313730493e+00 1.4936851193e-04 
1.0146568425e+00 1.4943893870e-04 
9.9756889014e-01 1.4951187694e-04 
9.7910009513e-01 1.4958981202e-04 
9.6035034673e-01 1.4966668359e-04 
9.4214355857e-01 1.4973836299e-04 
9.2411073427e-01 1.4980605896e-04 
9.0589275483e-01 1.4987100234e-04 
8.8751168880e-01 1.4993337353e-04 
8.6906952497e-01 1.4999241988e-04 
8.5046674665e-01 1.5004854021e-04 
8.3122694452e-01 1.5010313990e-04 
8.1029832680e-01 1.5015880765e-04 
7.8562857737e-01 1.5022015889e-04 
7.5602487806e-01 1.5028858527e-04 
7.2050043889e-01 1.5036549087e-04 
6.7787111188e-01 1.5045607104e-04 
6.2671591947e-01 1.5058059191e-04 
5.6532968858e-01 1.5074348949e-04 
4.9166621151e-01 1.4974383892e-04 
4.0504488328e-01 1.4875428576e-04 
3.1226655535e-01 1.4808813623e-04 
2.3253392113e-01 1.4771092630e-04 
1.7278959084e-01 1.4747151630e-04 
1.2218468026e-01 1.4725867568e-04 
7.6198313638e-02 1.4700843482e-04 
3.2017310356e-02 1.4664275363e-04 
-1.4553270029e-02 1.4604331600e-04 
-7.0437966491e-02 1.4500537904e-04 
-1.3749960225e-01 1.4340935088e-04 
-2.1797356515e-01 1.4122597425e-04 
-3.1454232064e-01 1.3850074965e-04 
-4.3042482722e-01 1.3532749169e-04 
-5.6948383512e-01 1.3181989007e-04 
-7.3635464461e-01 1.2809217282e-04 
-9.3659961598e-01 1.2424361120e-04 
-1.0000000000e+00 1.2314517371e-04 
