EXPORTED XY-GRAPH DATA
479 2 2
V[2]
I[ASPLIT_drain]
0.0000000000e+00 -3.0027890627e-20 
0.0000000000e+00 1.4304317520e-20 
0.0000000000e+00 1.0088978393e-20 
0.0000000000e+00 -1.5333068052e-19 
0.0000000000e+00 -1.1846823207e-19 
0.0000000000e+00 -1.0470592406e-19 
0.0000000000e+00 -8.0851918980e-20 
0.0000000000e+00 5.5054911367e-20 
0.0000000000e+00 -4.4988822155e-21 
0.0000000000e+00 -2.5687051853e-21 
0.0000000000e+00 -4.1552311470e-20 
0.0000000000e+00 -3.3376686782e-20 
0.0000000000e+00 2.5504950459e-21 
0.0000000000e+00 2.0160615269e-20 
0.0000000000e+00 -4.9923891885e-22 
0.0000000000e+00 1.5655571888e-21 
0.0000000000e+00 -1.3928095479e-20 
0.0000000000e+00 -9.8432831873e-21 
0.0000000000e+00 8.1072918458e-21 
0.0000000000e+00 -8.2065869549e-21 
0.0000000000e+00 2.7140317228e-22 
0.0000000000e+00 -2.0874082101e-22 
0.0000000000e+00 -6.7287213668e-23 
0.0000000000e+00 3.3800566828e-21 
0.0000000000e+00 -2.1685526848e-22 
0.0000000000e+00 -2.3198959365e-21 
0.0000000000e+00 1.7620477721e-21 
0.0000000000e+00 -1.7721944695e-21 
0.0000000000e+00 -6.3847940244e-23 
0.0000000000e+00 9.5880667195e-23 
0.0000000000e+00 -1.1886449173e-21 
0.0000000000e+00 5.2273303030e-23 
0.0000000000e+00 1.6934265513e-22 
0.0000000000e+00 3.9390196623e-23 
0.0000000000e+00 1.1247585387e-22 
0.0000000000e+00 4.2950208049e-22 
0.0000000000e+00 -3.0256329197e-22 
0.0000000000e+00 2.4564679308e-22 
0.0000000000e+00 -2.2939473557e-22 
0.0000000000e+00 3.6570377039e-22 
0.0000000000e+00 -3.2073589992e-22 
0.0000000000e+00 -1.5990583462e-22 
0.0000000000e+00 9.0610923537e-23 
0.0000000000e+00 -1.4674936697e-22 
-1.4212447106e-01 1.9372545704e-10 
-2.1635776810e-01 1.2212516038e-10 
-2.5676488550e-01 1.2129101301e-10 
-3.0525342638e-01 1.2043645318e-10 
-3.5992039006e-01 1.1954011092e-10 
-4.1670090391e-01 1.1866738597e-10 
-4.7980873241e-01 1.1776210206e-10 
-5.4418178979e-01 1.1692351487e-10 
-6.0798117309e-01 1.1624204794e-10 
-6.7326304548e-01 1.1588976220e-10 
-7.4211816719e-01 1.1613035796e-10 
-8.1714131476e-01 1.1680463431e-10 
-8.9806130278e-01 1.1733790116e-10 
-9.8122527030e-01 1.1750234476e-10 
-1.0000000000e+00 1.1751300297e-10 
-1.0000000000e+00 -5.5436464178e-11 
-1.0000000000e+00 5.4535270425e-12 
-1.0000000000e+00 5.3171736742e-12 
-1.0000000000e+00 5.1286970992e-12 
-1.0000000000e+00 4.8652949691e-12 
-1.0000000000e+00 4.4968384040e-12 
-1.0000000000e+00 3.9869373309e-12 
-1.0000000000e+00 3.3094670647e-12 
-1.0000000000e+00 2.4816044965e-12 
-1.0000000000e+00 1.6002465474e-12 
-1.0000000000e+00 8.2795083193e-13 
-1.0000000000e+00 2.9974536327e-13 
-1.0000000000e+00 3.6204788550e-14 
-1.0000000000e+00 -4.2234198639e-14 
-1.0000000000e+00 -3.7521947643e-14 
-1.0000000000e+00 -1.6029606601e-14 
-1.0000000000e+00 -2.8271280289e-15 
-1.0000000000e+00 1.0088741869e-15 
-1.0000000000e+00 8.5782629058e-16 
-1.0000000000e+00 2.3111715657e-16 
-1.0000000000e+00 -1.7974384373e-18 
-1.0000000000e+00 -1.4970739994e-17 
-1.0000000000e+00 3.1855494134e-18 
-1.0000000000e+00 9.0186414202e-18 
-1.0000000000e+00 9.0506737634e-18 
-1.0000000000e+00 8.7118714427e-18 
-1.0000000000e+00 8.6542537651e-18 
-1.0000000000e+00 8.6563930023e-18 
-1.0000000000e+00 8.6580342160e-18 
-1.0000000000e+00 8.6532968663e-18 
-1.0000000000e+00 8.6593352915e-18 
-1.0000000000e+00 8.6574767180e-18 
-1.0000000000e+00 8.6491594027e-18 
-1.0000000000e+00 8.6621242421e-18 
-8.1252014624e-01 -7.3001229204e-12 
-7.0215982074e-01 -4.2876111206e-12 
-6.6336825778e-01 -4.2124366578e-12 
-6.2441948762e-01 -4.2225905272e-12 
-5.8628032428e-01 -4.2322000635e-12 
-5.4664197420e-01 -4.2460844764e-12 
-5.0616684564e-01 -4.2630633956e-12 
-4.6652305140e-01 -4.2812304013e-12 
-4.2688614481e-01 -4.3003734870e-12 
-3.8626408069e-01 -4.3208885124e-12 
-3.4438221806e-01 -4.3430143135e-12 
-3.0102465572e-01 -4.3670588606e-12 
-2.5561555010e-01 -4.3936601563e-12 
-2.0600404226e-01 -4.4246726166e-12 
-1.4647023286e-01 -4.4651420206e-12 
-7.5029661573e-02 -4.5200103330e-12 
1.0699023968e-02 -4.5989072915e-12 
1.1357344662e-01 -4.7221198173e-12 
2.3186877631e-01 -4.9217646898e-12 
3.5710851214e-01 -5.2187240773e-12 
4.8721115297e-01 -5.6088553539e-12 
6.1430311558e-01 -5.9400408165e-12 
7.3855064860e-01 -5.9720023335e-13 
7.6783032232e-01 8.2786292349e-12 
8.0296593077e-01 3.7206193573e-11 
8.1350661331e-01 5.3767533233e-11 
8.2615543235e-01 8.1747370802e-11 
8.4133401520e-01 1.3169135792e-10 
8.5044116491e-01 1.7324583850e-10 
8.5590545474e-01 2.0338527226e-10 
8.6246260253e-01 2.4543272872e-10 
8.7033117988e-01 3.0534365432e-10 
8.7505232629e-01 3.4672607701e-10 
8.8071770198e-01 4.0211689490e-10 
8.8411692740e-01 4.3846758144e-10 
8.8819599790e-01 4.8523044208e-10 
8.9309088250e-01 5.4583730184e-10 
8.9602781325e-01 5.8454674628e-10 
8.9955213017e-01 6.3325412529e-10 
9.0378131046e-01 6.9480223714e-10 
9.0631881863e-01 7.3327880735e-10 
9.0936382844e-01 7.8087622290e-10 
9.1301784022e-01 8.3987715784e-10 
9.1740265435e-01 9.1306793332e-10 
9.2003354282e-01 9.5806244844e-10 
9.2319060899e-01 1.0129403283e-09 
9.2697908840e-01 1.0798072384e-09 
9.2925217604e-01 1.1203258297e-09 
9.3197988122e-01 1.1692158701e-09 
9.3525312742e-01 1.2281025644e-09 
9.3721707515e-01 1.2634638164e-09 
9.3957381242e-01 1.3058516291e-09 
9.4240189714e-01 1.3565571595e-09 
9.4579559881e-01 1.4170195582e-09 
9.4783181981e-01 1.4530153602e-09 
9.5027528501e-01 1.4958712273e-09 
9.5320744325e-01 1.5467399072e-09 
9.5672603314e-01 1.6068677648e-09 
9.5883718707e-01 1.6424035620e-09 
9.6137057179e-01 1.6844768295e-09 
9.6441063345e-01 1.7341112283e-09 
9.6623467045e-01 1.7634194132e-09 
9.6842351485e-01 1.7981135481e-09 
9.7105012813e-01 1.8390568261e-09 
9.7420206406e-01 1.8871879010e-09 
9.7609322562e-01 1.9155293199e-09 
9.7836261949e-01 1.9490131299e-09 
9.8108589214e-01 1.9884496841e-09 
9.8435381931e-01 2.0347223559e-09 
9.8631457562e-01 2.0619446428e-09 
9.8866748319e-01 2.0940693671e-09 
9.9149097227e-01 2.1318870597e-09 
9.9487915916e-01 2.1762524827e-09 
9.9691207130e-01 2.2023556505e-09 
9.9935156586e-01 2.2331773596e-09 
1.0022789593e+00 2.2694916446e-09 
1.0057918315e+00 2.3121539189e-09 
1.0078995548e+00 2.3372935076e-09 
1.0104288228e+00 2.3670222276e-09 
1.0134639443e+00 2.4021188415e-09 
1.0171060902e+00 2.4434615326e-09 
1.0192913777e+00 2.4678887345e-09 
1.0219137228e+00 2.4968382345e-09 
1.0250605368e+00 2.5311125183e-09 
1.0288367136e+00 2.5716314667e-09 
1.0311024197e+00 2.5956544339e-09 
1.0338212671e+00 2.6242003554e-09 
1.0370838838e+00 2.6581115605e-09 
1.0409990240e+00 2.6983670834e-09 
1.0433481081e+00 2.7223105488e-09 
1.0461670090e+00 2.7508639209e-09 
1.0495496901e+00 2.7849081256e-09 
1.0536089074e+00 2.8255001681e-09 
1.0560444377e+00 2.8497374554e-09 
1.0589670742e+00 2.8787322642e-09 
1.0624742380e+00 2.9134315793e-09 
1.0666828344e+00 2.9549872567e-09 
1.0692079923e+00 2.9798954391e-09 
1.0722381818e+00 3.0097856567e-09 
1.0758744092e+00 3.0456876331e-09 
1.0802378821e+00 3.0888691180e-09 
1.0828559658e+00 3.1148486799e-09 
1.0859976662e+00 3.1461185498e-09 
1.0897677068e+00 3.1838104245e-09 
1.0942917554e+00 3.2293329295e-09 
1.0970061846e+00 3.2568190353e-09 
1.1002634996e+00 3.2899976682e-09 
1.1041722777e+00 3.3301257885e-09 
1.1088628113e+00 3.3787828783e-09 
1.1116771315e+00 3.4082618804e-09 
1.1150543157e+00 3.4439440135e-09 
1.1191069368e+00 3.4872391723e-09 
1.1239700821e+00 3.5399353538e-09 
1.1268879692e+00 3.5719656932e-09 
1.1303894338e+00 3.6108382683e-09 
1.1345911913e+00 3.6581510654e-09 
1.1371122459e+00 3.6869035811e-09 
1.1401375113e+00 3.7217857299e-09 
1.1437678298e+00 3.7642147372e-09 
1.1481242120e+00 3.8159923475e-09 
1.1507380413e+00 3.8475297291e-09 
1.1538746365e+00 3.8858613299e-09 
1.1576385507e+00 3.9325885124e-09 
1.1621552478e+00 3.9897595184e-09 
1.1648652660e+00 4.0246601352e-09 
1.1681172879e+00 4.0671574722e-09 
1.1720197141e+00 4.1190760090e-09 
1.1767026257e+00 4.1827643016e-09 
1.1795123726e+00 4.2217316504e-09 
1.1828840689e+00 4.2692692183e-09 
1.1869301044e+00 4.3274743973e-09 
1.1917853471e+00 4.3990635603e-09 
1.1946984927e+00 4.4429653241e-09 
1.1981942674e+00 4.4966233211e-09 
1.2023891970e+00 4.5624701355e-09 
1.2074231126e+00 4.6436760176e-09 
1.2104434620e+00 4.6935916577e-09 
1.2140678812e+00 4.7547179339e-09 
1.2184171843e+00 4.8299035850e-09 
1.2210267661e+00 4.8760152812e-09 
1.2241582643e+00 4.9323585995e-09 
1.2279160622e+00 5.0014819009e-09 
1.2324254196e+00 5.0866906585e-09 
1.2351310340e+00 5.1390514360e-09 
1.2383777714e+00 5.2031304761e-09 
1.2422738562e+00 5.2818955996e-09 
1.2469491580e+00 5.3792179525e-09 
1.2497543390e+00 5.4391485914e-09 
1.2531205563e+00 5.5126168761e-09 
1.2571600170e+00 5.6031134403e-09 
1.2620073699e+00 5.7152191032e-09 
1.2649157817e+00 5.7844105877e-09 
1.2684058757e+00 5.8693909744e-09 
1.2725939886e+00 5.9743098826e-09 
1.2776197241e+00 6.1046443569e-09 
1.2806351654e+00 6.1852859265e-09 
1.2842536949e+00 6.2845350614e-09 
1.2885959303e+00 6.4073829714e-09 
1.2938066129e+00 6.5604732536e-09 
1.2969330224e+00 6.6554573257e-09 
1.3006847138e+00 6.7726363812e-09 
1.3051867435e+00 6.9180962910e-09 
1.3105891792e+00 7.1000064874e-09 
1.3138306406e+00 7.2132190087e-09 
1.3177203942e+00 7.3532575176e-09 
1.3223880986e+00 7.5276521056e-09 
1.3279893439e+00 7.7466020970e-09 
1.3313500911e+00 7.8833069991e-09 
1.3353829877e+00 8.0529237963e-09 
1.3402224636e+00 8.2649020207e-09 
1.3460298347e+00 8.5321751951e-09 
1.3495142574e+00 8.6996946260e-09 
1.3536955646e+00 8.9081634794e-09 
1.3587131332e+00 9.1696660318e-09 
1.3647342156e+00 9.5008667538e-09 
1.3683468650e+00 9.7092360050e-09 
1.3726820443e+00 9.9694128318e-09 
1.3778842594e+00 1.0297055156e-08 
1.3841269176e+00 1.0713960824e-08 
1.3878725125e+00 1.0977303973e-08 
1.3923672264e+00 1.1307214047e-08 
1.3977608831e+00 1.1724321084e-08 
1.4042332711e+00 1.2257584342e-08 
1.4081167039e+00 1.2595803962e-08 
1.4127768233e+00 1.3020955376e-08 
1.4183689666e+00 1.3560671809e-08 
1.4250795385e+00 1.4254086668e-08 
1.4291058816e+00 1.4695759036e-08 
1.4339374934e+00 1.5252940737e-08 
1.4397354275e+00 1.5963340179e-08 
1.4466929484e+00 1.6880887427e-08 
1.4550419735e+00 1.8084934808e-08 
1.4600513886e+00 1.8866196648e-08 
1.4660626867e+00 1.9867424517e-08 
1.4732762444e+00 2.1168850354e-08 
1.4819325137e+00 2.2889955857e-08 
1.4923200368e+00 2.5214776506e-08 
1.4985525506e+00 2.6761590374e-08 
1.5060315673e+00 2.8786466263e-08 
1.5150063872e+00 3.1487100958e-08 
1.5257761712e+00 3.5170912659e-08 
1.5322380416e+00 3.7641209665e-08 
1.5399922860e+00 4.0894853391e-08 
1.5492973793e+00 4.5264075657e-08 
1.5604634913e+00 5.1267649474e-08 
1.5738628258e+00 5.9744197760e-08 
1.5819024264e+00 6.5589170916e-08 
1.5915499472e+00 7.3460912550e-08 
1.6031269721e+00 8.4303003881e-08 
1.6170194020e+00 9.9613303777e-08 
1.6253548599e+00 1.1014474975e-07 
1.6353574095e+00 1.2426556500e-07 
1.6473604689e+00 1.4354724457e-07 
1.6617641403e+00 1.7035935038e-07 
1.6790485458e+00 2.0824576810e-07 
1.6894191892e+00 2.3410379714e-07 
1.7018639612e+00 2.6826915689e-07 
1.7167976877e+00 3.1368124544e-07 
1.7257579235e+00 3.4315278670e-07 
1.7365102066e+00 3.8055850287e-07 
1.7494129462e+00 4.2810665928e-07 
1.7648962338e+00 4.8849765497e-07 
1.7741862063e+00 5.2625929871e-07 
1.7853341734e+00 5.7283644648e-07 
1.7987117338e+00 6.3025057829e-07 
1.8147648064e+00 7.0093248609e-07 
1.8340284934e+00 7.8778109594e-07 
1.8571449179e+00 8.9425003860e-07 
1.8848846273e+00 1.0244716609e-06 
1.9181722785e+00 1.1834122766e-06 
1.9381448693e+00 1.2798928251e-06 
1.9621119782e+00 1.3965684878e-06 
1.9908725088e+00 1.5376621035e-06 
2.0253851456e+00 1.7082414323e-06 
2.0668003098e+00 1.9143532912e-06 
2.0916494083e+00 2.0386085899e-06 
2.1214683265e+00 2.1881576661e-06 
2.1572510283e+00 2.3680858125e-06 
2.2001902706e+00 2.5844317719e-06 
2.2517173612e+00 2.8443132680e-06 
2.2826336156e+00 3.0002481810e-06 
2.3197331209e+00 3.1872454045e-06 
2.3642525272e+00 3.4113230420e-06 
2.3909641710e+00 3.5455577775e-06 
2.4230181435e+00 3.7063897959e-06 
2.4614829106e+00 3.8989931025e-06 
2.5076406311e+00 4.1295157558e-06 
2.5353352634e+00 4.2675100414e-06 
2.5685688221e+00 4.4327892211e-06 
2.6084490926e+00 4.6306823082e-06 
2.6323772549e+00 4.7491937457e-06 
2.6610910496e+00 4.8911965300e-06 
2.6955476033e+00 5.0613133829e-06 
2.7368954678e+00 5.2650747718e-06 
2.7617041865e+00 5.3871504417e-06 
2.7914746489e+00 5.5334864604e-06 
2.8271992037e+00 5.7089030206e-06 
2.8700686696e+00 5.9192009454e-06 
2.9215120286e+00 6.1714001496e-06 
2.9523780440e+00 6.3227014673e-06 
2.9894172625e+00 6.5043331276e-06 
3.0000000000e+00 6.5562496206e-06 
3.0000000000e+00 6.5982344907e-06 
3.0000000000e+00 6.6489673395e-06 
3.0000000000e+00 6.7102139074e-06 
3.0000000000e+00 6.7839144727e-06 
3.0000000000e+00 6.8723011806e-06 
3.0000000000e+00 6.9778803552e-06 
3.0000000000e+00 7.1032093961e-06 
3.0000000000e+00 7.2497639763e-06 
3.0000000000e+00 7.4131543766e-06 
3.0000000000e+00 7.5697431118e-06 
3.0000000000e+00 7.6692668712e-06 
2.9155880414e+00 7.3503275108e-06 
2.8689863665e+00 7.0892433949e-06 
2.8410253616e+00 6.9235030201e-06 
2.8074721558e+00 6.7263437268e-06 
2.7672083087e+00 6.4932785566e-06 
2.7430500005e+00 6.3546654938e-06 
2.7140600306e+00 6.1889104046e-06 
2.6792720667e+00 5.9904570709e-06 
2.6375265101e+00 5.7527369721e-06 
2.6124791762e+00 5.6102710609e-06 
2.5824223754e+00 5.4394098731e-06 
2.5463542145e+00 5.2344325995e-06 
2.5247133179e+00 5.1114438761e-06 
2.4987442420e+00 4.9638160152e-06 
2.4675813510e+00 4.7865573351e-06 
2.4301858818e+00 4.5736329158e-06 
2.3853113187e+00 4.3177266603e-06 
2.3583865808e+00 4.1639451134e-06 
2.3260768954e+00 3.9791398223e-06 
2.2873052729e+00 3.7569650145e-06 
2.2407793259e+00 3.4897699277e-06 
2.2128637576e+00 3.3291670527e-06 
2.1793650758e+00 3.1362022104e-06 
2.1391666576e+00 2.9043950377e-06 
2.0909285557e+00 2.6261100266e-06 
2.0619856946e+00 2.4592267938e-06 
2.0272542612e+00 2.2592516355e-06 
1.9855765412e+00 2.0200022618e-06 
1.9605699092e+00 1.8770006911e-06 
1.9305619508e+00 1.7061572747e-06 
1.8945524007e+00 1.5025892951e-06 
1.8729466707e+00 1.3814136363e-06 
1.8470197946e+00 1.2372313502e-06 
1.8314636690e+00 1.1514966546e-06 
1.8127963182e+00 1.0495439020e-06 
1.7903954973e+00 9.2881208007e-07 
1.7769550047e+00 8.5738176157e-07 
1.7608264137e+00 7.7286680546e-07 
1.7511492590e+00 7.2288137582e-07 
1.7395366735e+00 6.6372392223e-07 
1.7256015708e+00 5.9409540216e-07 
1.7088794476e+00 5.1285089146e-07 
1.6988461736e+00 4.6551969567e-07 
1.6868062449e+00 4.1036413217e-07 
1.6723583305e+00 3.4692614311e-07 
1.6550208331e+00 2.7553829270e-07 
1.6446183347e+00 2.3563166787e-07 
1.6321353366e+00 1.9115107993e-07 
1.6171557389e+00 1.4343696910e-07 
1.6081679803e+00 1.1812939275e-07 
1.5973826699e+00 9.1382804687e-08 
1.5844402975e+00 6.4795940893e-08 
1.5689094506e+00 4.0809269872e-08 
1.5595909425e+00 3.0230363809e-08 
1.5484087327e+00 2.0743911121e-08 
1.5349900810e+00 1.3003243030e-08 
1.5188876989e+00 7.3525623894e-09 
1.5034117592e+00 4.2464231434e-09 
1.4894474876e+00 2.5941672180e-09 
1.4756972776e+00 1.6011298469e-09 
1.4613778843e+00 9.7114145204e-10 
1.4465303609e+00 5.7989738768e-10 
1.4313835162e+00 3.4401606826e-10 
1.4159811844e+00 2.0353319628e-10 
1.4003062828e+00 1.2053929552e-10 
1.3842700038e+00 7.1779653428e-11 
1.3679027919e+00 4.3541416988e-11 
1.3510619956e+00 2.7275407279e-11 
1.3337362989e+00 1.8054660638e-11 
1.3155684885e+00 1.2835637936e-11 
1.2962953422e+00 9.9328523714e-12 
1.2740173724e+00 8.2709164132e-12 
1.2472838087e+00 7.3737083619e-12 
1.2152035322e+00 6.9266092572e-12 
1.1789411173e+00 6.7042404966e-12 
1.1398457768e+00 6.5659652399e-12 
1.0993310818e+00 6.4548403055e-12 
1.0578860450e+00 6.3518765197e-12 
1.0148085532e+00 6.2494231613e-12 
9.6918460577e-01 6.1437036366e-12 
9.2048082436e-01 6.0332993405e-12 
8.7162241795e-01 5.9252920022e-12 
8.2329134576e-01 5.8217794747e-12 
7.7010894873e-01 5.7124550896e-12 
7.1513166916e-01 5.6057600709e-12 
6.6065804255e-01 5.5072012215e-12 
6.0601675952e-01 5.4154735121e-12 
5.4945699208e-01 5.3275866189e-12 
4.9258086236e-01 5.2460269720e-12 
4.3786021501e-01 5.1734500750e-12 
3.8557558834e-01 5.1088058276e-12 
3.3381044096e-01 5.0487143969e-12 
2.8199445046e-01 4.9920919947e-12 
2.2965244934e-01 4.9381508432e-12 
1.7602586719e-01 4.8859524702e-12 
1.2042076098e-01 4.8348020184e-12 
6.1819928565e-02 4.7838648904e-12 
1.5936570455e-03 4.7344523413e-12 
-6.0006032954e-02 4.6867034102e-12 
-1.2243302084e-01 4.6409315600e-12 
-1.8741023350e-01 4.5958021980e-12 
-2.5345552871e-01 4.5523788492e-12 
-3.2199835167e-01 4.5096705807e-12 
-3.9125973439e-01 4.4687861284e-12 
-4.6185187672e-01 4.4292523325e-12 
-5.3368129068e-01 4.3910608727e-12 
-6.0733975810e-01 4.3538658474e-12 
-6.8356775193e-01 4.3173618536e-12 
-7.6057645729e-01 4.2826621925e-12 
-8.3698882557e-01 4.2515687321e-12 
-9.1516730906e-01 4.2289209556e-12 
-9.9658321637e-01 4.2393760368e-12 
-1.0000000000e+00 4.2517067996e-12 
