EXPORTED XY-GRAPH DATA
307 2 2
V[1]
I[ASPLIT_drain]
0.0000000000e+00 -5.4911728517e-18 
0.0000000000e+00 2.7440679081e-18 
0.0000000000e+00 8.6388295417e-21 
0.0000000000e+00 -1.3754431422e-19 
0.0000000000e+00 -1.1656025132e-19 
0.0000000000e+00 -9.0400945016e-20 
0.0000000000e+00 -7.2852564940e-20 
0.0000000000e+00 6.3148536564e-20 
0.0000000000e+00 -4.1094668044e-21 
0.0000000000e+00 1.9426321023e-21 
0.0000000000e+00 -3.6346713639e-20 
0.0000000000e+00 -3.1493704587e-20 
0.0000000000e+00 1.7816397899e-21 
0.0000000000e+00 1.8790054055e-20 
0.0000000000e+00 9.0693551853e-22 
0.0000000000e+00 8.0845499307e-22 
0.0000000000e+00 -1.1907354277e-20 
0.0000000000e+00 -1.0831645900e-20 
0.0000000000e+00 8.0859846035e-21 
0.0000000000e+00 -6.7704183482e-21 
0.0000000000e+00 2.0867670791e-22 
0.0000000000e+00 1.4639182209e-22 
0.0000000000e+00 -1.4391590441e-22 
0.0000000000e+00 3.4119219888e-21 
0.0000000000e+00 3.6668431972e-22 
0.0000000000e+00 -2.1319920558e-21 
0.0000000000e+00 1.7638565774e-21 
0.0000000000e+00 -1.7296170253e-21 
0.0000000000e+00 1.6483113571e-22 
0.0000000000e+00 -3.0339272529e-23 
0.0000000000e+00 -9.7489228241e-22 
0.0000000000e+00 1.3384335412e-23 
0.0000000000e+00 5.4692503119e-23 
0.0000000000e+00 8.5069856774e-23 
0.0000000000e+00 1.3064686176e-22 
0.0000000000e+00 4.3792625832e-22 
0.0000000000e+00 -2.8925270841e-22 
0.0000000000e+00 -5.6518875949e-23 
0.0000000000e+00 -2.4356218879e-22 
0.0000000000e+00 -3.0454728561e-24 
0.0000000000e+00 -1.4996597716e-22 
0.0000000000e+00 1.4650278178e-22 
0.0000000000e+00 2.5473045130e-22 
0.0000000000e+00 -2.4837483259e-22 
0.0000000000e+00 -4.9630399847e-11 
0.0000000000e+00 -3.2492573802e-11 
0.0000000000e+00 -3.2691259765e-11 
0.0000000000e+00 -3.2975161280e-11 
0.0000000000e+00 -3.3371369093e-11 
0.0000000000e+00 -3.3933337957e-11 
0.0000000000e+00 -3.4737047721e-11 
0.0000000000e+00 -3.5185304046e-11 
0.0000000000e+00 1.7562737904e-11 
0.0000000000e+00 6.6318672980e-14 
0.0000000000e+00 1.0821230090e-13 
0.0000000000e+00 5.3486459509e-14 
0.0000000000e+00 1.1797456747e-14 
0.0000000000e+00 -1.6511010220e-15 
0.0000000000e+00 -1.8495813653e-15 
0.0000000000e+00 -1.4905683105e-16 
0.0000000000e+00 5.0211491425e-16 
0.0000000000e+00 5.4012604741e-16 
0.0000000000e+00 4.9439146417e-16 
0.0000000000e+00 4.8074792649e-16 
0.0000000000e+00 4.8086449223e-16 
0.0000000000e+00 4.8159479657e-16 
0.0000000000e+00 4.8166698672e-16 
0.0000000000e+00 4.8161244547e-16 
0.0000000000e+00 4.8156155540e-16 
0.0000000000e+00 4.8150661267e-16 
0.0000000000e+00 4.8144080908e-16 
0.0000000000e+00 4.8136172998e-16 
0.0000000000e+00 4.8126684568e-16 
0.0000000000e+00 4.8115303782e-16 
0.0000000000e+00 4.8101651735e-16 
0.0000000000e+00 4.8085277662e-16 
0.0000000000e+00 4.8065639817e-16 
0.0000000000e+00 4.8042090885e-16 
0.0000000000e+00 4.8013856366e-16 
0.0000000000e+00 4.8011447707e-16 
2.1204862753e-02 7.9518700577e-12 
4.6650698058e-02 5.1279375904e-12 
6.8904452265e-02 5.0863857335e-12 
9.5608957314e-02 5.0558933932e-12 
1.2765436337e-01 5.0229355387e-12 
1.6610885064e-01 4.9875369813e-12 
2.1225423537e-01 4.9512642066e-12 
2.6762869704e-01 4.9157466770e-12 
3.3362065090e-01 4.8831709843e-12 
3.9761233731e-01 4.8607362857e-12 
4.6093290119e-01 4.8458765274e-12 
5.2692393998e-01 4.8379183861e-12 
5.9465016187e-01 4.8388999111e-12 
6.6398487805e-01 4.8507390689e-12 
7.3743789445e-01 4.8761019969e-12 
8.1197889008e-01 4.9166453175e-12 
8.8621095920e-01 4.9751438153e-12 
9.6480044176e-01 5.0678423399e-12 
1.0433732711e+00 5.2185467274e-12 
1.1196620139e+00 5.4743638914e-12 
1.2005885196e+00 5.9282277544e-12 
1.2833974291e+00 6.5905226518e-12 
1.3239085587e+00 6.9910298313e-12 
1.3725219142e+00 7.5883523124e-12 
1.4308579408e+00 8.5744176634e-12 
1.4658595568e+00 9.3832484112e-12 
1.5078614959e+00 1.0712735378e-11 
1.5330626594e+00 1.1794773622e-11 
1.5633040556e+00 1.3549473793e-11 
1.5995937310e+00 1.6830190278e-11 
1.6213675363e+00 1.9922661394e-11 
1.6474961026e+00 2.6013376788e-11 
1.6631732424e+00 3.2244601278e-11 
1.6819858101e+00 4.6244091163e-11 
1.6932733508e+00 6.3256904990e-11 
1.7000458752e+00 8.1130868446e-11 
1.7081729044e+00 1.2496477215e-10 
1.7130491220e+00 1.8607255087e-10 
1.7159748525e+00 2.6125159315e-10 
1.7194857292e+00 5.5699547780e-10 
1.7210382182e+00 1.1459705483e-09 
1.7217924497e+00 2.2274165879e-09 
1.7222183645e+00 4.6425101707e-09 
1.7224329756e+00 9.5778649272e-09 
1.7225394197e+00 1.7957551015e-08 
1.7225967155e+00 3.0308250009e-08 
1.7226301602e+00 4.6374052733e-08 
1.7226702939e+00 1.1179692779e-07 
1.7226859130e+00 1.8194526347e-07 
1.7227046297e+00 4.3722651833e-07 
1.7227126522e+00 7.0452055586e-07 
1.7227222791e+00 1.4998859313e-06 
1.7227312976e+00 4.5045972797e-06 
1.7227376024e+00 1.2756961392e-05 
1.7227425095e+00 3.2027920392e-05 
1.7227467031e+00 7.0238361831e-05 
1.7227506404e+00 1.3494984730e-04 
1.7227549686e+00 2.3698570900e-04 
1.7227601625e+00 3.7667378830e-04 
1.7227656148e+00 5.1188424867e-04 
1.7227718468e+00 6.3006461553e-04 
1.7227782595e+00 7.0929728745e-04 
1.7227850019e+00 7.5664553123e-04 
1.7227930927e+00 7.8376747929e-04 
1.7228028017e+00 7.9544494104e-04 
1.7228142278e+00 7.9817891268e-04 
1.7228279391e+00 7.9753096175e-04 
1.7228443927e+00 7.9645553564e-04 
1.7228641369e+00 7.9591290264e-04 
1.7228878300e+00 7.9583517485e-04 
1.7229162618e+00 7.9594001290e-04 
1.7229503799e+00 7.9607132267e-04 
1.7229913216e+00 7.9620120311e-04 
1.7230404517e+00 7.9634495208e-04 
1.7230994078e+00 7.9651608602e-04 
1.7231701550e+00 7.9672174723e-04 
1.7232550518e+00 7.9696796308e-04 
1.7233569279e+00 7.9726202987e-04 
1.7234791792e+00 7.9761265708e-04 
1.7236258808e+00 7.9802977913e-04 
1.7238019227e+00 7.9852436344e-04 
1.7240131729e+00 7.9910808796e-04 
1.7242666733e+00 7.9979245012e-04 
1.7245708737e+00 8.0058725451e-04 
1.7249359141e+00 8.0149865622e-04 
1.7253739627e+00 8.0252745026e-04 
1.7258996210e+00 8.0366966304e-04 
1.7265304109e+00 8.0492207472e-04 
1.7272873588e+00 8.0629130756e-04 
1.7281956963e+00 8.0780318880e-04 
1.7292857013e+00 8.0950689287e-04 
1.7305937073e+00 8.1147293515e-04 
1.7321633146e+00 8.1378779913e-04 
1.7340468432e+00 8.1654906717e-04 
1.7363070776e+00 8.1986399746e-04 
1.7390193588e+00 8.2385269104e-04 
1.7422740963e+00 8.2865482570e-04 
1.7461797813e+00 8.3443789123e-04 
1.7508666034e+00 8.4140557902e-04 
1.7564907898e+00 8.4980651873e-04 
1.7632398135e+00 8.5994451768e-04 
1.7713386419e+00 8.7219147330e-04 
1.7810572360e+00 8.8700544658e-04 
1.7927195489e+00 9.0494938148e-04 
1.8067143245e+00 9.2671726529e-04 
1.8235080551e+00 9.5317214223e-04 
1.8436605319e+00 9.8538769197e-04 
1.8678435040e+00 1.0247055927e-03 
1.8968630705e+00 1.0728075361e-03 
1.9316865503e+00 1.1318059102e-03 
1.9734747261e+00 1.2043540479e-03 
2.0236205371e+00 1.2937883542e-03 
2.0837955103e+00 1.4042928997e-03 
2.1560054781e+00 1.5410950134e-03 
2.2426574394e+00 1.7107081674e-03 
2.3466397930e+00 1.9212364932e-03 
2.4714186174e+00 2.1825441738e-03 
2.5000000000e+00 2.2435839502e-03 
2.5000000000e+00 2.2436288134e-03 
2.5000000000e+00 2.2436321739e-03 
2.5000000000e+00 2.2436295111e-03 
2.5000000000e+00 2.2436277672e-03 
2.5000000000e+00 2.2436274460e-03 
2.5000000000e+00 2.2436274652e-03 
2.4969400472e+00 2.2370876145e-03 
2.4932681038e+00 2.2292343324e-03 
2.4888617717e+00 2.2198196176e-03 
2.4835741732e+00 2.2085324681e-03 
2.4772290550e+00 2.1950042041e-03 
2.4696149131e+00 2.1787953686e-03 
2.4604779429e+00 2.1593826888e-03 
2.4495135786e+00 2.1361442503e-03 
2.4363563415e+00 2.1083420517e-03 
2.4205676570e+00 2.0751031839e-03 
2.4016212356e+00 2.0353986659e-03 
2.3788855298e+00 1.9880222052e-03 
2.3516026830e+00 1.9315699435e-03 
2.3188632667e+00 1.8644243478e-03 
2.2795759673e+00 1.7847496555e-03 
2.2324312079e+00 1.6905197642e-03 
2.1758574966e+00 1.5795645703e-03 
2.1079690431e+00 1.4497064073e-03 
2.0265028989e+00 1.2990974077e-03 
1.9343011737e+00 1.1363675159e-03 
1.8543397216e+00 1.0027285834e-03 
1.7836625781e+00 8.9105582583e-04 
1.7151363380e+00 7.8911070686e-04 
1.6462638943e+00 6.9338345918e-04 
1.5774927232e+00 6.0493879759e-04 
1.5088634107e+00 5.2410154717e-04 
1.4396116234e+00 4.5022856927e-04 
1.3689279159e+00 3.8281176231e-04 
1.2962605329e+00 3.2173303877e-04 
1.2210504283e+00 2.6687209521e-04 
1.1425393354e+00 2.1796730883e-04 
1.0596303091e+00 1.7460446054e-04 
9.7081724818e-01 1.3629948337e-04 
8.7450325372e-01 1.0273152734e-04 
7.7168892945e-01 7.4297232803e-05 
6.7291166247e-01 5.2693267310e-05 
5.9524924595e-01 3.8888452219e-05 
5.4603169189e-01 3.1390279001e-05 
5.0276270419e-01 2.5529922176e-05 
4.5364772279e-01 1.9663613923e-05 
4.0166486807e-01 1.4330063955e-05 
3.5206530009e-01 1.0062456159e-05 
3.0438004735e-01 6.7093459954e-06 
2.8043846982e-01 5.3016231084e-06 
2.5170857679e-01 3.8535321940e-06 
2.3447064097e-01 3.1091288166e-06 
2.1378511799e-01 2.3361630275e-06 
2.0137380420e-01 1.9337156682e-06 
1.8648022765e-01 1.5094532890e-06 
1.6860793579e-01 1.0814471911e-06 
1.5788456067e-01 8.6510724067e-07 
1.4501651054e-01 6.4338748704e-07 
1.3729568045e-01 5.2926992015e-07 
1.2803068435e-01 4.1014661787e-07 
1.1691268903e-01 2.9157749095e-07 
1.1024189184e-01 2.3252999975e-07 
1.0223693521e-01 1.7295672227e-07 
9.2630987257e-02 1.1659824806e-07 
8.1103849710e-02 6.8308805632e-08 
7.4187567182e-02 4.7939634318e-08 
7.0037797665e-02 3.8306518554e-08 
6.7547935955e-02 3.3348418827e-08 
6.4560101903e-02 2.8132263836e-08 
6.0974701041e-02 2.2820375011e-08 
5.8823460523e-02 2.0076995548e-08 
5.6241971902e-02 1.7176130214e-08 
5.4693078729e-02 1.5622249565e-08 
5.2834406922e-02 1.3925885816e-08 
5.0604000754e-02 1.2111932655e-08 
4.9265757052e-02 1.1129747790e-08 
4.7659864611e-02 1.0047222955e-08 
4.5732793681e-02 8.8754297163e-09 
4.4576551123e-02 8.2337133969e-09 
4.3189060054e-02 7.5195467290e-09 
4.1524070771e-02 6.7371144504e-09 
4.0525077201e-02 6.3038521092e-09 
3.9326284917e-02 5.8171672676e-09 
3.7887734176e-02 5.2778625713e-09 
3.7024603732e-02 4.9761286274e-09 
3.5988847199e-02 4.6343598157e-09 
3.4745939359e-02 4.2516956468e-09 
3.3254449951e-02 3.8292281794e-09 
3.2359556306e-02 3.5936357673e-09 
3.1285683932e-02 3.3274106075e-09 
2.9997037084e-02 3.0301782182e-09 
2.8450660865e-02 2.7031487078e-09 
2.7522835134e-02 2.5213717496e-09 
2.6409444257e-02 2.3165225344e-09 
2.5073375205e-02 2.0885481182e-09 
2.4271733773e-02 1.9605026989e-09 
2.3309764056e-02 1.8149597406e-09 
2.2155400394e-02 1.6513035554e-09 
2.0770164001e-02 1.4696388806e-09 
1.9939022164e-02 1.3678277094e-09 
1.8941651961e-02 1.2523100055e-09 
1.7744807717e-02 1.1226855492e-09 
1.6308594624e-02 9.7914466170e-10 
1.4585138912e-02 8.2268594068e-10 
1.2516992059e-02 6.5532783090e-10 
1.0035215834e-02 4.8027134099e-10 
7.0570843644e-03 3.0195483571e-10 
3.4833266010e-03 1.2595769815e-10 
0.0000000000e+00 -1.3164154954e-11 
