EXPORTED XY-GRAPH DATA
364 2 2
V[1]
I[ASPLIT_drain]
0.0000000000e+00 -3.0027890627e-20 
0.0000000000e+00 1.4304317520e-20 
0.0000000000e+00 1.0088978393e-20 
0.0000000000e+00 -1.5333068052e-19 
0.0000000000e+00 -1.1846823207e-19 
0.0000000000e+00 -1.0470592406e-19 
0.0000000000e+00 -8.0851918980e-20 
0.0000000000e+00 5.5054911367e-20 
0.0000000000e+00 -4.4988822155e-21 
0.0000000000e+00 -2.5687051853e-21 
0.0000000000e+00 -4.1552311470e-20 
0.0000000000e+00 -3.3376686782e-20 
0.0000000000e+00 2.5504950459e-21 
0.0000000000e+00 2.0160615269e-20 
0.0000000000e+00 -4.9923891885e-22 
0.0000000000e+00 1.5655571888e-21 
0.0000000000e+00 -1.3928095479e-20 
0.0000000000e+00 -9.8432831873e-21 
0.0000000000e+00 8.1072918458e-21 
0.0000000000e+00 -8.2065869549e-21 
0.0000000000e+00 2.7140317228e-22 
0.0000000000e+00 -2.0874082101e-22 
0.0000000000e+00 -6.7287213668e-23 
0.0000000000e+00 3.3800566828e-21 
0.0000000000e+00 -2.1685526848e-22 
0.0000000000e+00 -2.3198959365e-21 
0.0000000000e+00 1.7620477721e-21 
0.0000000000e+00 -1.7721944695e-21 
0.0000000000e+00 -6.3847940244e-23 
0.0000000000e+00 9.5880667195e-23 
0.0000000000e+00 -1.1886449173e-21 
0.0000000000e+00 5.2273303030e-23 
0.0000000000e+00 1.6934265513e-22 
0.0000000000e+00 3.9390196623e-23 
0.0000000000e+00 1.1247585387e-22 
0.0000000000e+00 4.2950208049e-22 
0.0000000000e+00 -3.0256329197e-22 
0.0000000000e+00 2.4564679308e-22 
0.0000000000e+00 -2.2939473557e-22 
0.0000000000e+00 3.6570377039e-22 
0.0000000000e+00 -3.2073589992e-22 
0.0000000000e+00 -1.5990583462e-22 
0.0000000000e+00 9.0610923537e-23 
0.0000000000e+00 -1.4674936697e-22 
0.0000000000e+00 -1.0864021693e-10 
0.0000000000e+00 -7.2576661471e-11 
0.0000000000e+00 -7.4301677562e-11 
0.0000000000e+00 -7.6699725450e-11 
0.0000000000e+00 -8.0021593008e-11 
0.0000000000e+00 -8.4366346169e-11 
0.0000000000e+00 -8.6847645217e-11 
0.0000000000e+00 3.7421093407e-11 
0.0000000000e+00 -4.5069890270e-12 
0.0000000000e+00 -3.3324089410e-12 
0.0000000000e+00 -2.1750630764e-12 
0.0000000000e+00 -1.1965582087e-12 
0.0000000000e+00 -5.1218378116e-13 
0.0000000000e+00 -1.3517590491e-13 
0.0000000000e+00 1.1342039061e-14 
0.0000000000e+00 3.3828850107e-14 
0.0000000000e+00 1.5098138683e-14 
0.0000000000e+00 -3.3605191986e-15 
0.0000000000e+00 -1.1492416765e-14 
0.0000000000e+00 -1.2851664252e-14 
0.0000000000e+00 -1.2243929184e-14 
0.0000000000e+00 -1.1776862152e-14 
0.0000000000e+00 -1.1664739960e-14 
0.0000000000e+00 -1.1672075202e-14 
0.0000000000e+00 -1.1679248144e-14 
0.0000000000e+00 -1.1673907468e-14 
0.0000000000e+00 -1.1664178099e-14 
0.0000000000e+00 -1.1652785562e-14 
0.0000000000e+00 -1.1639389165e-14 
0.0000000000e+00 -1.1623382470e-14 
0.0000000000e+00 -1.1604231643e-14 
0.0000000000e+00 -1.1581341125e-14 
0.0000000000e+00 -1.1554004299e-14 
0.0000000000e+00 -1.1533217876e-14 
1.7055092752e-01 9.7193019928e-12 
2.3405834215e-01 6.0879925014e-12 
2.6138420192e-01 6.0553275713e-12 
2.8953810829e-01 6.0272699175e-12 
3.2332279593e-01 5.9994484679e-12 
3.6386442111e-01 5.9724085537e-12 
4.1251437131e-01 5.9492502899e-12 
4.6216548950e-01 5.9369797301e-12 
5.1356165964e-01 5.9364420349e-12 
5.6459600380e-01 5.9488043652e-12 
6.1582960252e-01 5.9750743724e-12 
6.7209396381e-01 6.0214154623e-12 
7.2848192790e-01 6.0887993545e-12 
7.8427715203e-01 6.1788486598e-12 
8.4506097080e-01 6.3097622663e-12 
9.0613593163e-01 6.4808063615e-12 
9.6648499622e-01 6.6956290503e-12 
1.0323220436e+00 7.0054321193e-12 
1.0987889064e+00 7.4013465487e-12 
1.1639057730e+00 7.9379819907e-12 
1.2345198094e+00 8.7134165079e-12 
1.3071188336e+00 9.8569758446e-12 
1.3426797203e+00 1.0606083716e-11 
1.3853527844e+00 1.1748962460e-11 
1.4365604613e+00 1.3662451306e-11 
1.4672850674e+00 1.5247127257e-11 
1.5041545948e+00 1.7851843990e-11 
1.5483980277e+00 2.2824482659e-11 
1.5749440874e+00 2.7632731635e-11 
1.5908717232e+00 3.1697988617e-11 
1.6099848862e+00 3.8680130205e-11 
1.6329206818e+00 5.3487799854e-11 
1.6466821591e+00 6.9977464287e-11 
1.6549390455e+00 8.5870039439e-11 
1.6648473092e+00 1.1908194105e-10 
1.6707922674e+00 1.5541168342e-10 
1.6779262173e+00 2.5146973285e-10 
1.6819962818e+00 3.9206797093e-10 
1.6843965751e+00 5.7959070999e-10 
1.6858367510e+00 8.0457514894e-10 
1.6875649621e+00 1.6095203421e-09 
1.6882945780e+00 2.7393869028e-09 
1.6886765469e+00 4.1706380929e-09 
1.6889057282e+00 5.9360904714e-09 
1.6891807459e+00 1.2793698575e-08 
1.6892892874e+00 2.1606536976e-08 
1.6893468256e+00 3.1597407963e-08 
1.6894158713e+00 6.5335702848e-08 
1.6894739097e+00 3.1325722345e-07 
1.6895090551e+00 1.3167112231e-06 
1.6895338959e+00 3.7914837487e-06 
1.6895543365e+00 9.6582177392e-06 
1.6895715631e+00 2.2062609004e-05 
1.6895870368e+00 4.5082173997e-05 
1.6896028724e+00 8.4186294013e-05 
1.6896218752e+00 1.4481590985e-04 
1.6896436409e+00 2.1123467049e-04 
1.6896652550e+00 2.5901439387e-04 
1.6896911919e+00 2.9070552458e-04 
1.6897223162e+00 3.0553389818e-04 
1.6897596654e+00 3.0936945035e-04 
1.6898031941e+00 3.0877463741e-04 
1.6898554285e+00 3.0763884142e-04 
1.6899181099e+00 3.0710695694e-04 
1.6899933275e+00 3.0705914376e-04 
1.6900835887e+00 3.0717324804e-04 
1.6901919021e+00 3.0729989402e-04 
1.6903218781e+00 3.0742459391e-04 
1.6904778494e+00 3.0756567374e-04 
1.6906650149e+00 3.0773494559e-04 
1.6908896135e+00 3.0793856651e-04 
1.6911591319e+00 3.0818262633e-04 
1.6914825539e+00 3.0847472677e-04 
1.6918706603e+00 3.0882394308e-04 
1.6923363881e+00 3.0924075578e-04 
1.6928952613e+00 3.0973700547e-04 
1.6935659092e+00 3.1032565774e-04 
1.6943706867e+00 3.1102029762e-04 
1.6953364197e+00 3.1183453628e-04 
1.6964952993e+00 3.1278211724e-04 
1.6978859548e+00 3.1387907495e-04 
1.6995547414e+00 3.1514943557e-04 
1.7015572853e+00 3.1663118305e-04 
1.7039603380e+00 3.1837941712e-04 
1.7068440013e+00 3.2046513751e-04 
1.7103043972e+00 3.2297316163e-04 
1.7144568723e+00 3.2600232481e-04 
1.7194398424e+00 3.2966944831e-04 
1.7254194065e+00 3.3411626960e-04 
1.7325948834e+00 3.3951835727e-04 
1.7412054558e+00 3.4609564329e-04 
1.7515381425e+00 3.5412463534e-04 
1.7639373667e+00 3.6395830585e-04 
1.7788164357e+00 3.7604791186e-04 
1.7966713185e+00 3.9097561467e-04 
1.8180971778e+00 4.0949741551e-04 
1.8438082090e+00 4.3261027269e-04 
1.8746614465e+00 4.6162983193e-04 
1.9116853314e+00 4.9831294771e-04 
1.9561139933e+00 5.4500651489e-04 
2.0094283877e+00 6.0485741547e-04 
2.0734056608e+00 6.8206065866e-04 
2.1501783886e+00 7.8214901947e-04 
2.2423056620e+00 9.1228306866e-04 
2.3528583901e+00 1.0815967434e-03 
2.4855216637e+00 1.3015100589e-03 
2.5000000000e+00 1.3265029096e-03 
2.5000000000e+00 1.3265471078e-03 
2.5000000000e+00 1.3265355272e-03 
2.5000000000e+00 1.3265336581e-03 
2.5000000000e+00 1.3265336887e-03 
2.5000000000e+00 1.3265337372e-03 
2.5000000000e+00 1.3265337399e-03 
2.5000000000e+00 1.3265337392e-03 
2.5000000000e+00 1.3265337391e-03 
2.4692811540e+00 1.2737725332e-03 
2.4327850221e+00 1.2121327009e-03 
2.4016314023e+00 1.1605227295e-03 
2.3642470585e+00 1.0998576820e-03 
2.3193858459e+00 1.0289687276e-03 
2.2655523909e+00 9.4680436015e-04 
2.2009522448e+00 8.5264242154e-04 
2.1234320694e+00 7.4645519438e-04 
2.0432367720e+00 6.4500920713e-04 
1.9616632446e+00 5.5111802611e-04 
1.8745772140e+00 4.6162205862e-04 
1.7798355693e+00 3.7695664693e-04 
1.6786812752e+00 3.0071465748e-04 
1.5730131046e+00 2.3546024008e-04 
1.4660529717e+00 1.8250692940e-04 
1.3622904468e+00 1.4167946718e-04 
1.2672629367e+00 1.1170843589e-04 
1.1857400210e+00 9.0586553364e-05 
1.1207829909e+00 7.6242670770e-05 
1.0722613526e+00 6.6750728272e-05 
1.0276257491e+00 5.8835669173e-05 
9.7946662811e-01 5.1079681358e-05 
9.2939156232e-01 4.3786779582e-05 
8.8021148049e-01 3.7307858480e-05 
8.3134898924e-01 3.1476512575e-05 
7.8106671723e-01 2.6046476840e-05 
7.2823181924e-01 2.0909647081e-05 
6.7107485819e-01 1.5961378192e-05 
6.0248650494e-01 1.0813326706e-05 
5.2018048103e-01 5.7679492379e-06 
4.7079686669e-01 3.3865371871e-06 
4.4116669808e-01 2.2299326161e-06 
4.2338859692e-01 1.6490031160e-06 
4.0205487552e-01 1.0766167567e-06 
3.8925464268e-01 8.0181667729e-07 
3.7389436328e-01 5.4040821070e-07 
3.6467819563e-01 4.1759236305e-07 
3.5361879446e-01 3.0067369352e-07 
3.4034751305e-01 1.9801434105e-07 
3.3238474421e-01 1.5278895696e-07 
3.2282942160e-01 1.1124847342e-07 
3.1709622803e-01 9.1822839376e-08 
3.1021639575e-01 7.2879126951e-08 
3.0196059701e-01 5.5244294309e-08 
2.9700711777e-01 4.6846971533e-08 
2.9106294268e-01 3.8504457151e-08 
2.8749643762e-01 3.4272293226e-08 
2.8321663156e-01 2.9842491918e-08 
2.7808086428e-01 2.5328821118e-08 
2.7499940391e-01 2.2984943495e-08 
2.7130165147e-01 2.0484301972e-08 
2.6686434854e-01 1.7876035689e-08 
2.6420196679e-01 1.6492181126e-08 
2.6100710868e-01 1.4989549597e-08 
2.5717327895e-01 1.3388634864e-08 
2.5487298111e-01 1.2522928039e-08 
2.5211262370e-01 1.1568282956e-08 
2.4880019482e-01 1.0532274459e-08 
2.4681273748e-01 9.9628408899e-09 
2.4442778869e-01 9.3265718644e-09 
2.4156585013e-01 8.6251699086e-09 
2.3984868699e-01 8.2343140502e-09 
2.3778809123e-01 7.7927008424e-09 
2.3531537632e-01 7.2994185793e-09 
2.3234811842e-01 6.7558208116e-09 
2.3056776368e-01 6.4529623442e-09 
2.2843133799e-01 6.1108046017e-09 
2.2586762717e-01 5.7286281734e-09 
2.2432940068e-01 5.5131857587e-09 
2.2248352888e-01 5.2674676238e-09 
2.2026848273e-01 4.9899120571e-09 
2.1893945504e-01 4.8319124837e-09 
2.1734462181e-01 4.6502849743e-09 
2.1543082194e-01 4.4431947650e-09 
2.1428254201e-01 4.3243467118e-09 
2.1290460610e-01 4.1868218459e-09 
2.1125108301e-01 4.0287921375e-09 
2.0926685530e-01 3.8486969119e-09 
2.0807631867e-01 3.7453827941e-09 
2.0664767472e-01 3.6258734327e-09 
2.0493330198e-01 3.4885909289e-09 
2.0390467834e-01 3.4092935852e-09 
2.0267032996e-01 3.3170504052e-09 
2.0118911191e-01 3.2103880970e-09 
2.0030038109e-01 3.1484228530e-09 
1.9923390409e-01 3.0760039223e-09 
1.9795413170e-01 2.9918032459e-09 
1.9641840482e-01 2.8944887026e-09 
1.9549696870e-01 2.8379799471e-09 
1.9439124535e-01 2.7719623526e-09 
1.9306437733e-01 2.6952339384e-09 
1.9147213571e-01 2.6066039749e-09 
1.9051679074e-01 2.5551600970e-09 
1.8937037677e-01 2.4950820581e-09 
1.8799468001e-01 2.4252828316e-09 
1.8634384390e-01 2.3446956539e-09 
1.8535334223e-01 2.2979381455e-09 
1.8416474023e-01 2.2433486803e-09 
1.8273841782e-01 2.1799517343e-09 
1.8102683094e-01 2.1067866209e-09 
1.7999987881e-01 2.0643529004e-09 
1.7876753626e-01 2.0148243395e-09 
1.7728872519e-01 1.9573245577e-09 
1.7551415191e-01 1.8909910446e-09 
1.7444940794e-01 1.8525359063e-09 
1.7317171518e-01 1.8076579399e-09 
1.7163848387e-01 1.7555737945e-09 
1.6979860629e-01 1.6955084132e-09 
1.6869467974e-01 1.6606927099e-09 
1.6736996789e-01 1.6200770929e-09 
1.6578031366e-01 1.5729511151e-09 
1.6387272859e-01 1.5186202577e-09 
1.6272817755e-01 1.4871363244e-09 
1.6135471630e-01 1.4504145767e-09 
1.5970656280e-01 1.4078158711e-09 
1.5772877859e-01 1.3587163085e-09 
1.5654210807e-01 1.3302694928e-09 
1.5511810345e-01 1.2970951389e-09 
1.5340929790e-01 1.2586179212e-09 
1.5135873124e-01 1.2142767015e-09 
1.5012839124e-01 1.1885903080e-09 
1.4865198325e-01 1.1586381266e-09 
1.4688029365e-01 1.1239017526e-09 
1.4475426614e-01 1.0838754928e-09 
1.4347864963e-01 1.0606903006e-09 
1.4194790982e-01 1.0336557619e-09 
1.4011102205e-01 1.0023038883e-09 
1.3790675672e-01 9.6617763434e-10 
1.3658419753e-01 9.4525106802e-10 
1.3499712649e-01 9.2084921381e-10 
1.3309264125e-01 8.9254844343e-10 
1.3080725896e-01 8.5993391617e-10 
1.2806480021e-01 8.2262652659e-10 
1.2641932496e-01 8.0114991852e-10 
1.2444475466e-01 7.7623066102e-10 
1.2207527030e-01 7.4749470489e-10 
1.1923188907e-01 7.1459677279e-10 
1.1752586034e-01 6.9564347947e-10 
1.1547862585e-01 6.7363597124e-10 
1.1302194447e-01 6.4823456427e-10 
1.1007392681e-01 6.1911829419e-10 
1.0830511621e-01 6.0232405834e-10 
1.0618254350e-01 5.8280307541e-10 
1.0363545624e-01 5.6024091533e-10 
1.0057895153e-01 5.3433267138e-10 
9.8745048706e-02 5.1936325606e-10 
9.6544365315e-02 5.0193680849e-10 
9.3903545247e-02 4.8175561289e-10 
9.0734561164e-02 4.5852119807e-10 
8.6931780265e-02 4.3194359381e-10 
8.4650111726e-02 4.1662862229e-10 
8.1912109478e-02 3.9882791351e-10 
7.8626506782e-02 3.7823638645e-10 
7.4683783546e-02 3.5453441792e-10 
7.2318149604e-02 3.4082138934e-10 
6.9479388874e-02 3.2475745207e-10 
6.6072875998e-02 3.0606327833e-10 
6.1985060547e-02 2.8435582206e-10 
5.9532371276e-02 2.7167019613e-10 
5.6589144151e-02 2.5675825852e-10 
5.3057271601e-02 2.3921187841e-10 
4.8819024542e-02 2.1861716668e-10 
4.3733128070e-02 1.9441361993e-10 
4.0681590187e-02 1.8009622543e-10 
3.7019744727e-02 1.6306493451e-10 
3.2625530176e-02 1.4274141591e-10 
2.7352472714e-02 1.1842129334e-10 
2.1024803759e-02 8.9141554701e-11 
1.3431601014e-02 5.3598845885e-11 
4.3197577200e-03 1.0030945204e-11 
0.0000000000e+00 -1.1009578512e-11 
