EXPORTED XY-GRAPH DATA
309 2 2
V[2]
I[ASPLIT_drain]
0.0000000000e+00 -3.0027890627e-20 
0.0000000000e+00 1.4304317520e-20 
0.0000000000e+00 1.0088978393e-20 
0.0000000000e+00 -1.5333068052e-19 
0.0000000000e+00 -1.1846823207e-19 
0.0000000000e+00 -1.0470592406e-19 
0.0000000000e+00 -8.0851918980e-20 
0.0000000000e+00 5.5054911367e-20 
0.0000000000e+00 -4.4988822155e-21 
0.0000000000e+00 -2.5687051853e-21 
0.0000000000e+00 -4.1552311470e-20 
0.0000000000e+00 -3.3376686782e-20 
0.0000000000e+00 2.5504950459e-21 
0.0000000000e+00 2.0160615269e-20 
0.0000000000e+00 -4.9923891885e-22 
0.0000000000e+00 1.5655571888e-21 
0.0000000000e+00 -1.3928095479e-20 
0.0000000000e+00 -9.8432831873e-21 
0.0000000000e+00 8.1072918458e-21 
0.0000000000e+00 -8.2065869549e-21 
0.0000000000e+00 2.7140317228e-22 
0.0000000000e+00 -2.0874082101e-22 
0.0000000000e+00 -6.7287213668e-23 
0.0000000000e+00 3.3800566828e-21 
0.0000000000e+00 -2.1685526848e-22 
0.0000000000e+00 -2.3198959365e-21 
0.0000000000e+00 1.7620477721e-21 
0.0000000000e+00 -1.7721944695e-21 
0.0000000000e+00 -6.3847940244e-23 
0.0000000000e+00 9.5880667195e-23 
0.0000000000e+00 -1.1886449173e-21 
0.0000000000e+00 5.2273303030e-23 
0.0000000000e+00 1.6934265513e-22 
0.0000000000e+00 3.9390196623e-23 
0.0000000000e+00 1.1247585387e-22 
0.0000000000e+00 4.2950208049e-22 
0.0000000000e+00 -3.0256329197e-22 
0.0000000000e+00 2.4564679308e-22 
0.0000000000e+00 -2.2939473557e-22 
0.0000000000e+00 3.6570377039e-22 
0.0000000000e+00 -3.2073589992e-22 
0.0000000000e+00 -1.5990583462e-22 
0.0000000000e+00 9.0610923537e-23 
0.0000000000e+00 -1.4674936697e-22 
-1.4212447106e-01 5.0560410216e-10 
-1.9312236539e-01 3.1596649472e-10 
-2.1479512180e-01 3.1451852135e-10 
-2.3726790349e-01 3.1295384110e-10 
-2.6423524152e-01 3.1116430632e-10 
-2.9659604715e-01 3.0916813278e-10 
-3.3542901392e-01 3.0710379339e-10 
-3.7401586578e-01 3.0570433061e-10 
-4.1147024797e-01 3.0494909444e-10 
-4.5132061271e-01 3.0420432611e-10 
-4.9189248067e-01 3.0320781109e-10 
-5.3226658134e-01 3.0204317617e-10 
-5.7558312783e-01 3.0073784291e-10 
-6.2040645761e-01 2.9942491720e-10 
-6.6441702003e-01 2.9821373963e-10 
-7.0922447064e-01 2.9706310931e-10 
-7.5757914779e-01 2.9591091229e-10 
-8.0592069521e-01 2.9484773533e-10 
-8.5321072672e-01 2.9388385952e-10 
-9.0377081870e-01 2.9292897634e-10 
-9.5643884135e-01 2.9201921609e-10 
-1.0000000000e+00 2.9134023358e-10 
-1.0000000000e+00 -1.4321321872e-10 
-1.0000000000e+00 9.0061318413e-12 
-1.0000000000e+00 8.9410993476e-12 
-1.0000000000e+00 8.8597203450e-12 
-1.0000000000e+00 8.7595486138e-12 
-1.0000000000e+00 8.7007895128e-12 
-1.0000000000e+00 8.6268000399e-12 
-1.0000000000e+00 8.5430873274e-12 
-1.0000000000e+00 8.4484561799e-12 
-1.0000000000e+00 8.3449290086e-12 
-1.0000000000e+00 8.2341807194e-12 
-1.0000000000e+00 8.1168763944e-12 
-1.0000000000e+00 7.9878054894e-12 
-1.0000000000e+00 7.8443793918e-12 
-1.0000000000e+00 7.6796427682e-12 
-1.0000000000e+00 7.4814809178e-12 
-1.0000000000e+00 7.2045484008e-12 
-1.0000000000e+00 6.5863680936e-12 
-1.0000000000e+00 4.5168516367e-12 
-1.0000000000e+00 1.0533371702e-12 
-1.0000000000e+00 -5.0228737296e-13 
-1.0000000000e+00 -3.6896291539e-13 
-1.0000000000e+00 -8.4916338359e-14 
-1.0000000000e+00 7.6637410588e-15 
-1.0000000000e+00 9.6944739818e-15 
-1.0000000000e+00 1.9062641319e-15 
-1.0000000000e+00 -1.9862578515e-16 
-1.0000000000e+00 -1.2649939659e-16 
-1.0000000000e+00 6.4319766329e-18 
-1.0000000000e+00 2.3657952616e-17 
-1.0000000000e+00 2.0459401875e-17 
-1.0000000000e+00 1.9485271767e-17 
-1.0000000000e+00 1.9481204872e-17 
-1.0000000000e+00 1.9492389080e-17 
-1.0000000000e+00 1.9552364622e-17 
-8.5845106709e-01 -7.6968826311e-12 
-7.3172167523e-01 -5.1523889135e-12 
-6.7773891315e-01 -5.0439847932e-12 
-6.2127027928e-01 -5.0132499556e-12 
-5.7186096324e-01 -5.0012192697e-12 
-5.2951774323e-01 -4.9890781465e-12 
-4.8637617148e-01 -4.9741356746e-12 
-4.4077251581e-01 -4.9562166159e-12 
-3.9477047386e-01 -4.9358810918e-12 
-3.4873152997e-01 -4.9127380985e-12 
-3.0165726166e-01 -4.8855890664e-12 
-2.5220425207e-01 -4.8523116872e-12 
-1.9894322020e-01 -4.8094233190e-12 
-1.3795886157e-01 -4.7481691916e-12 
-6.4777631205e-02 -4.6493106584e-12 
2.3039845231e-02 -4.4703715967e-12 
1.0518253549e-01 -4.2142208958e-12 
1.7020637526e-01 -4.0267413740e-12 
2.2345589500e-01 -3.9905582360e-12 
2.6736411299e-01 -4.0047951694e-12 
3.0583934944e-01 -4.0198002137e-12 
3.4564117681e-01 -4.0369743023e-12 
3.8782759228e-01 -4.0576206629e-12 
4.3008618306e-01 -4.0767954138e-12 
4.7215390220e-01 -4.0800906870e-12 
5.1533151461e-01 -4.0149178263e-12 
5.6038275795e-01 -3.6723398480e-12 
6.0772425459e-01 -2.1588917048e-12 
6.5880537560e-01 5.2028546603e-12 
6.8808550797e-01 1.9141071728e-11 
7.0565358739e-01 3.7099028097e-11 
7.2673528269e-01 8.2783671585e-11 
7.3938429987e-01 1.3992457259e-10 
7.4697371018e-01 1.9809844196e-10 
7.5608100255e-01 3.2207297915e-10 
7.6154537797e-01 4.5816697766e-10 
7.6810262848e-01 8.0427377446e-10 
7.7151994142e-01 1.2103929011e-09 
7.7357032919e-01 1.6645044261e-09 
7.7603079451e-01 2.9490099112e-09 
7.7719710305e-01 4.4618577987e-09 
7.7788545602e-01 6.2134899930e-09 
7.7871147959e-01 1.1783100453e-08 
7.7907311360e-01 1.8257933083e-08 
7.7948920201e-01 4.9349580469e-08 
7.7964488700e-01 8.8971364213e-08 
7.7980675585e-01 2.2150554387e-07 
7.7994341012e-01 6.5614325918e-07 
7.8004326116e-01 1.5483743054e-06 
7.8012755362e-01 3.2230162836e-06 
7.8019413131e-01 5.6829573854e-06 
7.8026072196e-01 9.7796981667e-06 
7.8030221182e-01 1.3354497210e-05 
7.8033417104e-01 1.6665344667e-05 
7.8036794901e-01 2.0615041631e-05 
7.8040848257e-01 2.5726303255e-05 
7.8045712285e-01 3.1882298690e-05 
7.8051549118e-01 3.8520636606e-05 
7.8058553318e-01 4.4699100020e-05 
7.8066958357e-01 4.9505632967e-05 
7.8077044405e-01 5.2524849360e-05 
7.8089147662e-01 5.3963436658e-05 
7.8103671571e-01 5.4389413283e-05 
7.8121100262e-01 5.4369521306e-05 
7.8142014690e-01 5.4259256522e-05 
7.8167112004e-01 5.4191736890e-05 
7.8197228782e-01 5.4172431960e-05 
7.8233368914e-01 5.4173092537e-05 
7.8276737073e-01 5.4175761346e-05 
7.8328778864e-01 5.4176285795e-05 
7.8391229013e-01 5.4175620855e-05 
7.8466169192e-01 5.4174678245e-05 
7.8556097407e-01 5.4173623834e-05 
7.8664011265e-01 5.4172382752e-05 
7.8793507894e-01 5.4170883347e-05 
7.8948903849e-01 5.4169066181e-05 
7.9135378995e-01 5.4166861853e-05 
7.9359149171e-01 5.4164182949e-05 
7.9627673381e-01 5.4160919472e-05 
7.9949902433e-01 5.4156932391e-05 
8.0336577296e-01 5.4152045237e-05 
8.0800587132e-01 5.4146032375e-05 
8.1357398935e-01 5.4138599263e-05 
8.2025573098e-01 5.4129365854e-05 
8.2827382094e-01 5.4117823785e-05 
8.3789552889e-01 5.4103324572e-05 
8.4944157842e-01 5.4084953703e-05 
8.6329683787e-01 5.4061496122e-05 
8.7992314921e-01 5.4031282499e-05 
8.9987472281e-01 5.3992060457e-05 
9.2381661114e-01 5.3940847413e-05 
9.5254687713e-01 5.3873862560e-05 
9.8702319632e-01 5.3787632710e-05 
1.0243357939e+00 5.3693555935e-05 
1.0644768949e+00 5.3605637297e-05 
1.1102011228e+00 5.3544638362e-05 
1.1650701962e+00 5.3544435379e-05 
1.2309130844e+00 5.3626918638e-05 
1.3099245501e+00 5.3735870791e-05 
1.4047383091e+00 5.3646366379e-05 
1.5185148197e+00 5.2845078604e-05 
1.6550466326e+00 5.0533780652e-05 
1.8188848080e+00 4.6464555093e-05 
1.9577788037e+00 4.3587506792e-05 
2.0389328767e+00 4.2610754279e-05 
2.1027279092e+00 4.2193175920e-05 
2.1632705973e+00 4.2025225767e-05 
2.2197911377e+00 4.2030277579e-05 
2.2714006994e+00 4.2150225358e-05 
2.3195664579e+00 4.2351307616e-05 
2.3656088465e+00 4.2619620981e-05 
2.4107982107e+00 4.2953957151e-05 
2.4555141676e+00 4.3355622090e-05 
2.4991345926e+00 4.3818886363e-05 
2.5413657502e+00 4.4339572220e-05 
2.5823961276e+00 4.4919753595e-05 
2.6224552919e+00 4.5564095908e-05 
2.6616511094e+00 4.6276839339e-05 
2.7000864164e+00 4.7062831651e-05 
2.7379389587e+00 4.7929008469e-05 
2.7754125332e+00 4.8883634761e-05 
2.8126553707e+00 4.9934160079e-05 
2.8498276342e+00 5.1088300690e-05 
2.8871786603e+00 5.2356826048e-05 
2.9250991735e+00 5.3756900516e-05 
2.9638608865e+00 5.5303706888e-05 
3.0000000000e+00 5.6849373360e-05 
3.0000000000e+00 5.8087128652e-05 
3.0000000000e+00 5.9434483242e-05 
3.0000000000e+00 6.0429892419e-05 
3.0000000000e+00 6.1596832325e-05 
3.0000000000e+00 6.2850031595e-05 
3.0000000000e+00 6.3937081449e-05 
3.0000000000e+00 6.4589114419e-05 
3.0000000000e+00 6.4805239272e-05 
3.0000000000e+00 6.4804558224e-05 
2.9795801520e+00 6.4185212333e-05 
2.9550763344e+00 6.3142147668e-05 
2.9291833690e+00 6.1851653671e-05 
2.8981118106e+00 6.0255309767e-05 
2.8608259405e+00 5.8405077399e-05 
2.8160828964e+00 5.6332379645e-05 
2.7623912435e+00 5.4067013976e-05 
2.6979612600e+00 5.1668534989e-05 
2.6295603162e+00 4.9500612659e-05 
2.5604255260e+00 4.7683429623e-05 
2.4902920562e+00 4.6181216268e-05 
2.4186024147e+00 4.4946866368e-05 
2.3446583464e+00 4.3939711883e-05 
2.2676745740e+00 4.3135347535e-05 
2.1869759973e+00 4.2534285920e-05 
2.1022900037e+00 4.2170820269e-05 
2.0110601728e+00 4.2134880252e-05 
1.9102129475e+00 4.2686212402e-05 
1.7965866094e+00 4.4418508654e-05 
1.6677009425e+00 4.7884257942e-05 
1.5695741056e+00 5.0784409843e-05 
1.5113401597e+00 5.2213685130e-05 
1.4639585563e+00 5.3111949507e-05 
1.4156129486e+00 5.3758723843e-05 
1.3687823942e+00 5.4133548120e-05 
1.3268315899e+00 5.4283019514e-05 
1.2881954270e+00 5.4292185620e-05 
1.2502753827e+00 5.4210035178e-05 
1.2123966281e+00 5.4068976348e-05 
1.1756360693e+00 5.3908452602e-05 
1.1411491959e+00 5.3768302193e-05 
1.1090732110e+00 5.3674282141e-05 
1.0794540265e+00 5.3636831381e-05 
1.0524358531e+00 5.3648595313e-05 
1.0279206897e+00 5.3689446955e-05 
1.0063907086e+00 5.3738485486e-05 
9.8842334325e-01 5.3783093212e-05 
9.7191333205e-01 5.3824542538e-05 
9.5460807152e-01 5.3867227059e-05 
9.3594467039e-01 5.3911562519e-05 
9.1732252853e-01 5.3953488452e-05 
8.9925786904e-01 5.3991656220e-05 
8.8125874902e-01 5.4027124021e-05 
8.6304279651e-01 5.4060341594e-05 
8.4469555802e-01 5.4091070011e-05 
8.2628414224e-01 5.4119205811e-05 
8.0764287656e-01 5.4145014651e-05 
7.8821058403e-01 5.4169103673e-05 
7.6673567498e-01 5.4192518857e-05 
7.4096578413e-01 5.4216350537e-05 
7.1004191510e-01 5.4239289437e-05 
6.7293327227e-01 5.4259536804e-05 
6.2840290088e-01 5.4275491803e-05 
5.7496645520e-01 5.4289222163e-05 
5.1084272039e-01 5.4259616267e-05 
4.3389423862e-01 5.4080304204e-05 
3.4474746334e-01 5.3952985803e-05 
2.4838868796e-01 5.3892766322e-05 
1.7712943128e-01 5.3859277032e-05 
1.2113649118e-01 5.3828283394e-05 
7.2161076717e-02 5.3788229278e-05 
2.7193689328e-02 5.3723480428e-05 
-1.6953806242e-02 5.3607449956e-05 
-6.5234220486e-02 5.3396433673e-05 
-1.2317071758e-01 5.3029435865e-05 
-1.9269451409e-01 5.2474099322e-05 
-2.7612306991e-01 5.1725736009e-05 
-3.7623733688e-01 5.0801275562e-05 
-4.9637445726e-01 4.9730604066e-05 
-6.4053900170e-01 4.8549309754e-05 
-8.1353645504e-01 4.7292725102e-05 
-1.0000000000e+00 4.6114433092e-05 
