EXPORTED XY-GRAPH DATA
329 2 2
V[1]
I[ASPLIT_drain]
0.0000000000e+00 -1.2188201277e-18 
0.0000000000e+00 6.2638891440e-19 
0.0000000000e+00 3.0429873787e-21 
0.0000000000e+00 -1.4652255994e-19 
0.0000000000e+00 -1.1495933573e-19 
0.0000000000e+00 -9.6334302303e-20 
0.0000000000e+00 -8.0450777146e-20 
0.0000000000e+00 5.6350137336e-20 
0.0000000000e+00 -4.8144275850e-21 
0.0000000000e+00 -1.7018198559e-21 
0.0000000000e+00 -3.6926900196e-20 
0.0000000000e+00 -3.3165022883e-20 
0.0000000000e+00 3.0118019070e-22 
0.0000000000e+00 1.9878369643e-20 
0.0000000000e+00 5.6325912586e-22 
0.0000000000e+00 8.4356684925e-22 
0.0000000000e+00 -1.3228104333e-20 
0.0000000000e+00 -1.0410743424e-20 
0.0000000000e+00 8.0583939579e-21 
0.0000000000e+00 -7.0651756790e-21 
0.0000000000e+00 -5.8690995189e-22 
0.0000000000e+00 1.6551173608e-22 
0.0000000000e+00 -5.3442176384e-22 
0.0000000000e+00 3.3075219465e-21 
0.0000000000e+00 4.6899341056e-22 
0.0000000000e+00 -2.4212694132e-21 
0.0000000000e+00 2.1393536359e-21 
0.0000000000e+00 -1.7229837652e-21 
0.0000000000e+00 1.8430578606e-22 
0.0000000000e+00 -1.1141282123e-22 
0.0000000000e+00 -5.7017618201e-22 
0.0000000000e+00 6.0286377867e-23 
0.0000000000e+00 1.3781501792e-22 
0.0000000000e+00 -9.6169410953e-23 
0.0000000000e+00 1.7903182191e-22 
0.0000000000e+00 1.5164450022e-22 
0.0000000000e+00 -2.6404763421e-22 
0.0000000000e+00 2.5331936234e-22 
0.0000000000e+00 -2.4770410925e-22 
0.0000000000e+00 8.4610888881e-23 
0.0000000000e+00 -1.5664378872e-22 
0.0000000000e+00 1.4707166251e-22 
0.0000000000e+00 3.9310443394e-23 
0.0000000000e+00 -8.0751759094e-23 
0.0000000000e+00 -5.5153205546e-11 
0.0000000000e+00 -3.6252057922e-11 
0.0000000000e+00 -3.6518661318e-11 
0.0000000000e+00 -3.6885483157e-11 
0.0000000000e+00 -3.7375172307e-11 
0.0000000000e+00 -3.8031734651e-11 
0.0000000000e+00 -3.8925519237e-11 
0.0000000000e+00 -3.9155761972e-11 
0.0000000000e+00 1.9604721827e-11 
0.0000000000e+00 -3.5580549653e-13 
0.0000000000e+00 -1.0053947181e-13 
0.0000000000e+00 5.0017449281e-15 
0.0000000000e+00 2.6904233566e-14 
0.0000000000e+00 1.7933083873e-14 
0.0000000000e+00 6.4339760940e-15 
0.0000000000e+00 7.4644348391e-16 
0.0000000000e+00 -4.7511568560e-16 
0.0000000000e+00 -1.8546899857e-16 
0.0000000000e+00 1.2123027885e-16 
0.0000000000e+00 2.0742388825e-16 
0.0000000000e+00 2.0401798500e-16 
0.0000000000e+00 1.9491076816e-16 
0.0000000000e+00 1.9283539349e-16 
0.0000000000e+00 1.9300122678e-16 
0.0000000000e+00 1.9314819042e-16 
0.0000000000e+00 1.9315564121e-16 
0.0000000000e+00 1.9314100559e-16 
0.0000000000e+00 1.9312756097e-16 
0.0000000000e+00 1.9311275734e-16 
0.0000000000e+00 1.9309498441e-16 
0.0000000000e+00 1.9307364909e-16 
0.0000000000e+00 1.9304802117e-16 
0.0000000000e+00 1.9301729134e-16 
0.0000000000e+00 1.9298042538e-16 
0.0000000000e+00 1.9293620472e-16 
0.0000000000e+00 1.9288315453e-16 
0.0000000000e+00 1.9281953005e-16 
0.0000000000e+00 1.9278029300e-16 
1.4049884051e-01 8.4072962299e-12 
2.2035211411e-01 5.2813924708e-12 
2.5966504893e-01 5.2506382057e-12 
3.0409590549e-01 5.2162974862e-12 
3.5741293337e-01 5.1777787304e-12 
4.2120125405e-01 5.1363066719e-12 
4.8721199620e-01 5.0958321412e-12 
5.4965325732e-01 5.0661808405e-12 
6.1193926866e-01 5.0371223453e-12 
6.8074130974e-01 5.0079871674e-12 
7.4997216058e-01 4.9818449838e-12 
8.1780040921e-01 4.9592279793e-12 
8.9084913619e-01 4.9383464903e-12 
9.6469504416e-01 4.9224777198e-12 
1.0369614550e+00 4.9175701785e-12 
1.1142401413e+00 4.9428561468e-12 
1.1935825235e+00 5.0395588221e-12 
1.2714233376e+00 5.1904391067e-12 
1.3526116326e+00 5.3272633912e-12 
1.3960112891e+00 5.3808979141e-12 
1.4480908770e+00 5.4433816592e-12 
1.5105863825e+00 5.5204045535e-12 
1.5855809890e+00 5.6202288524e-12 
1.6755745169e+00 5.7635123359e-12 
1.7274278120e+00 5.8632100813e-12 
1.7896517660e+00 6.0095831693e-12 
1.8643205109e+00 6.2369585708e-12 
1.9539230048e+00 6.6206197040e-12 
2.0614459975e+00 7.3621138606e-12 
2.1185926532e+00 7.9763186870e-12 
2.1871686402e+00 9.1067680782e-12 
2.2283142323e+00 1.0118281799e-11 
2.2776889429e+00 1.2115249117e-11 
2.3073137692e+00 1.4018175954e-11 
2.3428635609e+00 1.7923142602e-11 
2.3641934358e+00 2.2077408638e-11 
2.3897892858e+00 3.2382824705e-11 
2.4051467958e+00 4.7036600563e-11 
2.4143613018e+00 6.5594549881e-11 
2.4198900054e+00 8.6233280203e-11 
2.4265244497e+00 1.4457306568e-10 
2.4304603112e+00 2.5124030672e-10 
2.4327060928e+00 4.3564312219e-10 
2.4340520096e+00 7.7769094998e-10 
2.4348084309e+00 1.3742327893e-09 
2.4352307865e+00 2.3441583187e-09 
2.4354737022e+00 3.8315086481e-09 
2.4356163967e+00 5.9236587115e-09 
2.4357020133e+00 8.5659582651e-09 
2.4358047533e+00 1.9376659363e-08 
2.4358450229e+00 3.3503903489e-08 
2.4358664863e+00 4.9509332327e-08 
2.4358922423e+00 1.0119119141e-07 
2.4359035047e+00 1.5408583430e-07 
2.4359170195e+00 3.0968953628e-07 
2.4359297756e+00 9.6351493157e-07 
2.4359385885e+00 3.5274006965e-06 
2.4359447962e+00 1.2828171939e-05 
2.4359493569e+00 4.3711435306e-05 
2.4359527782e+00 1.2308103838e-04 
2.4359555916e+00 2.7393703344e-04 
2.4359582767e+00 5.0090379775e-04 
2.4359608764e+00 7.5790321900e-04 
2.4359633038e+00 9.9094003731e-04 
2.4359656017e+00 1.1839751998e-03 
2.4359676268e+00 1.3252882851e-03 
2.4359699625e+00 1.4540299137e-03 
2.4359727505e+00 1.5659262174e-03 
2.4359751269e+00 1.6324591251e-03 
2.4359778175e+00 1.6842521967e-03 
2.4359810462e+00 1.7238276352e-03 
2.4359849206e+00 1.7509714132e-03 
2.4359895698e+00 1.7671392064e-03 
2.4359951490e+00 1.7750178190e-03 
2.4360018440e+00 1.7777166573e-03 
2.4360098779e+00 1.7779333952e-03 
2.4360195187e+00 1.7774412173e-03 
2.4360310876e+00 1.7770492398e-03 
2.4360449702e+00 1.7769158113e-03 
2.4360616295e+00 1.7769398436e-03 
2.4360816205e+00 1.7770130301e-03 
2.4361056098e+00 1.7770923767e-03 
2.4361343969e+00 1.7771768696e-03 
2.4361689415e+00 1.7772749398e-03 
2.4362103949e+00 1.7773925061e-03 
2.4362601391e+00 1.7775336048e-03 
2.4363198321e+00 1.7777025406e-03 
2.4363914637e+00 1.7779045983e-03 
2.4364774216e+00 1.7781461252e-03 
2.4365805711e+00 1.7784346277e-03 
2.4367043504e+00 1.7787789505e-03 
2.4368528857e+00 1.7791894884e-03 
2.4370311280e+00 1.7796784201e-03 
2.4372450188e+00 1.7802599650e-03 
2.4375016877e+00 1.7809506648e-03 
2.4378096904e+00 1.7817697194e-03 
2.4381792937e+00 1.7827393334e-03 
2.4386228176e+00 1.7838851722e-03 
2.4391550462e+00 1.7852368861e-03 
2.4397937206e+00 1.7868288359e-03 
2.4405601299e+00 1.7887010140e-03 
2.4414798211e+00 1.7908999890e-03 
2.4425834505e+00 1.7934811261e-03 
2.4439078058e+00 1.7965099857e-03 
2.4454970321e+00 1.8000650928e-03 
2.4474041037e+00 1.8042412843e-03 
2.4496925896e+00 1.8091540957e-03 
2.4524387726e+00 1.8149455026e-03 
2.4557341923e+00 1.8217912103e-03 
2.4596886960e+00 1.8299093579e-03 
2.4644341003e+00 1.8395701353e-03 
2.4701285856e+00 1.8511057796e-03 
2.4769619678e+00 1.8649209539e-03 
2.4851620266e+00 1.8815043242e-03 
2.4950020971e+00 1.9014434162e-03 
2.5000000000e+00 1.9115910888e-03 
2.5000000000e+00 1.9116332785e-03 
2.5000000000e+00 1.9116512915e-03 
2.5000000000e+00 1.9116616864e-03 
2.5000000000e+00 1.9116651105e-03 
2.5000000000e+00 1.9116652546e-03 
2.5000000000e+00 1.9116645629e-03 
2.5000000000e+00 1.9116640664e-03 
2.5000000000e+00 1.9116638975e-03 
2.5000000000e+00 1.9116638903e-03 
2.5000000000e+00 1.9116639118e-03 
2.5000000000e+00 1.9116639217e-03 
2.5000000000e+00 1.9116639228e-03 
2.5000000000e+00 1.9116639224e-03 
2.4848600922e+00 1.8810368712e-03 
2.4666922029e+00 1.8444093119e-03 
2.4448907358e+00 1.8007225812e-03 
2.4187289752e+00 1.7487182431e-03 
2.3873348624e+00 1.6869464189e-03 
2.3496619271e+00 1.6137797391e-03 
2.3044544048e+00 1.5274115668e-03 
2.2502053780e+00 1.4259600870e-03 
2.1851065459e+00 1.3076141162e-03 
2.1069879473e+00 1.1709399218e-03 
2.0163455797e+00 1.0204440878e-03 
1.9345030811e+00 8.9284641251e-04 
1.8605541978e+00 7.8498798098e-04 
1.7886061965e+00 6.8734614623e-04 
1.7163790917e+00 5.9697762838e-04 
1.6440589202e+00 5.1448630767e-04 
1.5715146573e+00 4.3993764289e-04 
1.4979135703e+00 3.7267132439e-04 
1.4223773079e+00 3.1214690131e-04 
1.3442095352e+00 2.5808694472e-04 
1.2625409214e+00 2.1013523222e-04 
1.1762984835e+00 1.6787393539e-04 
1.0841258742e+00 1.3086463518e-04 
9.8442927071e-01 9.8675281906e-05 
8.7671279584e-01 7.1222978318e-05 
7.6652450248e-01 4.9310393861e-05 
6.6851452464e-01 3.3933483817e-05 
5.9610092708e-01 2.4620266762e-05 
5.4958912738e-01 1.9457433680e-05 
5.0669229956e-01 1.5232512680e-05 
4.5767225716e-01 1.1020678699e-05 
4.0692292071e-01 7.3550028399e-06 
3.5909815949e-01 4.5654561767e-06 
3.3624543411e-01 3.4693159270e-06 
3.0882216366e-01 2.3632199281e-06 
2.9236820138e-01 1.8109948763e-06 
2.7262344665e-01 1.2590093179e-06 
2.6077659382e-01 9.8493204420e-07 
2.4656037041e-01 7.1079242886e-07 
2.3803063637e-01 5.7376285565e-07 
2.2779495552e-01 4.3496270281e-07 
2.1551213850e-01 3.0257256814e-07 
2.0814244829e-01 2.3939023250e-07 
1.9929882003e-01 1.7786686590e-07 
1.8868646613e-01 1.2192876212e-07 
1.8231905378e-01 9.6328048905e-08 
1.7467815897e-01 7.2112205465e-08 
1.6550908519e-01 5.0642530602e-08 
1.6000764093e-01 4.0935222467e-08 
1.5340590781e-01 3.1737424147e-08 
1.4944486794e-01 2.7274974334e-08 
1.4469162010e-01 2.2767996547e-08 
1.3898772268e-01 1.8370684745e-08 
1.3556538423e-01 1.6177460369e-08 
1.3145857810e-01 1.3913390038e-08 
1.2653041073e-01 1.1642676648e-08 
1.2357351031e-01 1.0478665420e-08 
1.2002522981e-01 9.2486133473e-09 
1.1576729320e-01 7.9788967952e-09 
1.1321253124e-01 7.3108243901e-09 
1.1014681689e-01 6.5896355162e-09 
1.0646795966e-01 5.8260703002e-09 
1.0426064532e-01 5.4152345114e-09 
1.0161186812e-01 4.9636719867e-09 
9.8433335479e-02 4.4753188032e-09 
9.6526215893e-02 4.2076048106e-09 
9.4237672390e-02 3.9089625907e-09 
9.1491420187e-02 3.5802941025e-09 
8.9843668865e-02 3.3973538813e-09 
8.7866367278e-02 3.1908458730e-09 
8.5493605374e-02 2.9602461836e-09 
8.4069948232e-02 2.8302819663e-09 
8.2361559661e-02 2.6820790678e-09 
8.0311493376e-02 2.5146514674e-09 
7.9081453605e-02 2.4193280181e-09 
7.7605405880e-02 2.3097264708e-09 
7.5834148609e-02 2.1847181239e-09 
7.4771394247e-02 2.1129537003e-09 
7.3496089013e-02 2.0298850626e-09 
7.1965722731e-02 1.9343863152e-09 
7.0129283194e-02 1.8254816695e-09 
6.9027419471e-02 1.7629664412e-09 
6.7705183004e-02 1.6906092545e-09 
6.6118499243e-02 1.6074218206e-09 
6.5166488987e-02 1.5593344650e-09 
6.4024076679e-02 1.5033583481e-09 
6.2653181910e-02 1.4385750134e-09 
6.1008108187e-02 1.3641107744e-09 
6.0021063953e-02 1.3210707837e-09 
5.8836610872e-02 1.2709758193e-09 
5.7415267176e-02 1.2130024545e-09 
5.5709654740e-02 1.1463724615e-09 
5.4686287278e-02 1.1078619156e-09 
5.3458246324e-02 1.0630380015e-09 
5.1984597179e-02 1.0111668790e-09 
5.0216218206e-02 9.5154825904e-10 
4.9155190821e-02 9.1709120760e-10 
4.7881957960e-02 8.7698141957e-10 
4.6354078527e-02 8.3056359177e-10 
4.4520623207e-02 7.7720990085e-10 
4.3420550015e-02 7.4637017521e-10 
4.2100462185e-02 7.1047132533e-10 
4.0516356789e-02 6.6892235753e-10 
3.8615430313e-02 6.2115760226e-10 
3.6334318542e-02 5.6667980140e-10 
3.4965651480e-02 5.3539901963e-10 
3.3323251005e-02 4.9918023709e-10 
3.1352370435e-02 4.5752246017e-10 
2.8987313751e-02 4.0998226828e-10 
2.6149245730e-02 3.5622396264e-10 
2.4446404917e-02 3.2558298524e-10 
2.2402995942e-02 2.9031413157e-10 
1.9950905172e-02 2.5003158296e-10 
1.7008396249e-02 2.0443827053e-10 
1.3477385540e-02 1.5337802407e-10 
9.2401726893e-03 9.6900313276e-11 
4.1555172687e-03 3.5334058545e-11 
0.0000000000e+00 -1.0444640161e-11 
