EXPORTED XY-GRAPH DATA
368 2 2
V[1]
I[ASPLIT_drain]
0.0000000000e+00 -3.0027890627e-20 
0.0000000000e+00 1.4304317520e-20 
0.0000000000e+00 1.0088978393e-20 
0.0000000000e+00 -1.5333068052e-19 
0.0000000000e+00 -1.1846823207e-19 
0.0000000000e+00 -1.0470592406e-19 
0.0000000000e+00 -8.0851918980e-20 
0.0000000000e+00 5.5054911367e-20 
0.0000000000e+00 -4.4988822155e-21 
0.0000000000e+00 -2.5687051853e-21 
0.0000000000e+00 -4.1552311470e-20 
0.0000000000e+00 -3.3376686782e-20 
0.0000000000e+00 2.5504950459e-21 
0.0000000000e+00 2.0160615269e-20 
0.0000000000e+00 -4.9923891885e-22 
0.0000000000e+00 1.5655571888e-21 
0.0000000000e+00 -1.3928095479e-20 
0.0000000000e+00 -9.8432831873e-21 
0.0000000000e+00 8.1072918458e-21 
0.0000000000e+00 -8.2065869549e-21 
0.0000000000e+00 2.7140317228e-22 
0.0000000000e+00 -2.0874082101e-22 
0.0000000000e+00 -6.7287213668e-23 
0.0000000000e+00 3.3800566828e-21 
0.0000000000e+00 -2.1685526848e-22 
0.0000000000e+00 -2.3198959365e-21 
0.0000000000e+00 1.7620477721e-21 
0.0000000000e+00 -1.7721944695e-21 
0.0000000000e+00 -6.3847940244e-23 
0.0000000000e+00 9.5880667195e-23 
0.0000000000e+00 -1.1886449173e-21 
0.0000000000e+00 5.2273303030e-23 
0.0000000000e+00 1.6934265513e-22 
0.0000000000e+00 3.9390196623e-23 
0.0000000000e+00 1.1247585387e-22 
0.0000000000e+00 4.2950208049e-22 
0.0000000000e+00 -3.0256329197e-22 
0.0000000000e+00 2.4564679308e-22 
0.0000000000e+00 -2.2939473557e-22 
0.0000000000e+00 3.6570377039e-22 
0.0000000000e+00 -3.2073589992e-22 
0.0000000000e+00 -1.5990583462e-22 
0.0000000000e+00 9.0610923537e-23 
0.0000000000e+00 -1.4674936697e-22 
0.0000000000e+00 -1.2693981228e-10 
0.0000000000e+00 -8.5214571923e-11 
0.0000000000e+00 -8.7631943850e-11 
0.0000000000e+00 -9.0983003931e-11 
0.0000000000e+00 -9.5598204329e-11 
0.0000000000e+00 -1.0114248711e-10 
0.0000000000e+00 -1.0555613093e-10 
0.0000000000e+00 4.4314584604e-11 
0.0000000000e+00 -6.5525950155e-12 
0.0000000000e+00 -5.2993867962e-12 
0.0000000000e+00 -3.8619098307e-12 
0.0000000000e+00 -2.4346259354e-12 
0.0000000000e+00 -1.2632514581e-12 
0.0000000000e+00 -5.0503705231e-13 
0.0000000000e+00 -1.4416829989e-13 
0.0000000000e+00 -4.3551976401e-14 
0.0000000000e+00 -5.5267156437e-14 
0.0000000000e+00 -8.6967549291e-14 
0.0000000000e+00 -1.0541936483e-13 
0.0000000000e+00 -1.1033093673e-13 
0.0000000000e+00 -1.0966418560e-13 
0.0000000000e+00 -1.0836846410e-13 
0.0000000000e+00 -1.0758776320e-13 
0.0000000000e+00 -1.0703595389e-13 
0.0000000000e+00 -1.0642642282e-13 
0.0000000000e+00 -1.0568190235e-13 
0.0000000000e+00 -1.0479375990e-13 
0.0000000000e+00 -1.0374892715e-13 
0.0000000000e+00 -1.0252545713e-13 
0.0000000000e+00 -1.0109859602e-13 
0.0000000000e+00 -9.9442872171e-14 
0.0000000000e+00 -9.7532881436e-14 
0.0000000000e+00 -9.5344453512e-14 
0.0000000000e+00 -9.4725909068e-14 
6.9965522361e-02 1.2105753570e-11 
1.2389162385e-01 8.7570875301e-12 
1.4972032460e-01 8.8633116736e-12 
1.7809805413e-01 9.0063474286e-12 
2.1215132957e-01 9.2078091099e-12 
2.5301526010e-01 9.4901064184e-12 
2.9411398689e-01 9.8234696200e-12 
3.3664717540e-01 1.0227927595e-11 
3.7948969423e-01 1.0704656017e-11 
4.2346035869e-01 1.1278521522e-11 
4.7099772923e-01 1.2011241443e-11 
5.1825060786e-01 1.2883563578e-11 
5.6749106181e-01 1.3789567165e-11 
5.9340466236e-01 1.4614487116e-11 
6.2450098303e-01 1.5527633098e-11 
6.6181656783e-01 1.6812286587e-11 
6.8420591871e-01 1.7705185242e-11 
7.1107313976e-01 1.8925871076e-11 
7.4331380503e-01 2.0660504440e-11 
7.6265820419e-01 2.1877083938e-11 
7.8587148318e-01 2.3557378784e-11 
8.1372741797e-01 2.5982493020e-11 
8.3044097884e-01 2.7710058175e-11 
8.5049725189e-01 3.0135496106e-11 
8.7456477955e-01 3.3722022859e-11 
8.8900529615e-01 3.6339691211e-11 
9.0633391606e-01 4.0109449064e-11 
9.2712825996e-01 4.5902858408e-11 
9.3960486630e-01 5.0300117487e-11 
9.5457679390e-01 5.6907731087e-11 
9.6355995046e-01 6.1811088570e-11 
9.7433973834e-01 6.9002453938e-11 
9.8727548379e-01 8.0361441882e-11 
9.9503693106e-01 8.9252918450e-11 
1.0043506678e+00 1.0304986522e-10 
1.0155271519e+00 1.2703499899e-10 
1.0222330423e+00 1.4782231412e-10 
1.0302801108e+00 1.8453142537e-10 
1.0351083519e+00 2.1698118026e-10 
1.0409022413e+00 2.7589280755e-10 
1.0443785749e+00 3.2965973972e-10 
1.0485501752e+00 4.3181279175e-10 
1.0510531354e+00 5.3025582552e-10 
1.0540566877e+00 7.3364499543e-10 
1.0558588190e+00 9.5179077695e-10 
1.0580213766e+00 1.5008365322e-09 
1.0591828898e+00 2.1622831557e-09 
1.0598797977e+00 2.9040065103e-09 
1.0607160872e+00 5.0076527603e-09 
1.0611148376e+00 7.4688547786e-09 
1.0615907718e+00 2.1308376136e-08 
1.0617594766e+00 4.4898188121e-08 
1.0618377544e+00 7.1550962138e-08 
1.0619316877e+00 1.6297360114e-07 
1.0620098345e+00 4.4976098642e-07 
1.0620669920e+00 1.0509954144e-06 
1.0621156354e+00 2.2360154207e-06 
1.0621619117e+00 4.6810411593e-06 
1.0622046345e+00 9.1499973808e-06 
1.0622485271e+00 1.7043235607e-05 
1.0623004986e+00 2.9951931335e-05 
1.0623628644e+00 4.5165277008e-05 
1.0624218317e+00 5.5415748985e-05 
1.0624920699e+00 6.1923561837e-05 
1.0625763558e+00 6.4791689981e-05 
1.0626774988e+00 6.5433847098e-05 
1.0627926424e+00 6.5266425694e-05 
1.0629308147e+00 6.5053215725e-05 
1.0630966214e+00 6.4979406375e-05 
1.0632955895e+00 6.5000489081e-05 
1.0635343512e+00 6.5051780755e-05 
1.0638208652e+00 6.5108863013e-05 
1.0641646821e+00 6.5172289016e-05 
1.0645772623e+00 6.5247223030e-05 
1.0650723586e+00 6.5337357328e-05 
1.0656664741e+00 6.5445774967e-05 
1.0663794128e+00 6.5576073714e-05 
1.0672349391e+00 6.5732684962e-05 
1.0682615708e+00 6.5920987835e-05 
1.0694935287e+00 6.6147486997e-05 
1.0709718783e+00 6.6420059655e-05 
1.0727458977e+00 6.6748264641e-05 
1.0748747211e+00 6.7143727274e-05 
1.0774293091e+00 6.7620622460e-05 
1.0804948148e+00 6.8196287583e-05 
1.0841734215e+00 6.8892003477e-05 
1.0885877496e+00 6.9734000132e-05 
1.0938849434e+00 7.0754795962e-05 
1.1002415759e+00 7.1994936253e-05 
1.1078695349e+00 7.3505295711e-05 
1.1170230856e+00 7.5350197581e-05 
1.1280073466e+00 7.7611256985e-05 
1.1411884597e+00 8.0394823421e-05 
1.1570057954e+00 8.3839926062e-05 
1.1759865983e+00 8.8130982959e-05 
1.1987635618e+00 9.3516909232e-05 
1.2260959180e+00 1.0033994360e-04 
1.2588947454e+00 1.0908097833e-04 
1.2982533383e+00 1.2043157954e-04 
1.3454836497e+00 1.3541311550e-04 
1.4021600235e+00 1.5557111786e-04 
1.4701716720e+00 1.8332226105e-04 
1.5517856502e+00 2.2254592129e-04 
1.6497224240e+00 2.7947588061e-04 
1.7672465526e+00 3.6403202470e-04 
1.9082755069e+00 4.9133576763e-04 
2.0775102521e+00 6.8258599898e-04 
2.2386302797e+00 9.0154743383e-04 
2.3791127385e+00 1.1181104060e-03 
2.5000000000e+00 1.3206076066e-03 
2.5000000000e+00 1.3206575365e-03 
2.5000000000e+00 1.3206412370e-03 
2.5000000000e+00 1.3206409487e-03 
2.4962660214e+00 1.3142238528e-03 
2.4917852470e+00 1.3064965855e-03 
2.4864083177e+00 1.2972461958e-03 
2.4799560026e+00 1.2861801689e-03 
2.4722132245e+00 1.2729481553e-03 
2.4629218908e+00 1.2571379535e-03 
2.4517722903e+00 1.2382707054e-03 
2.4383927697e+00 1.2157807978e-03 
2.4223373450e+00 1.1890129158e-03 
2.4030708353e+00 1.1572143870e-03 
2.3799510237e+00 1.1195404123e-03 
2.3522072499e+00 1.0750431615e-03 
2.3189147212e+00 1.0227220807e-03 
2.2789636868e+00 9.6153690938e-04 
2.2310224455e+00 8.9054861394e-04 
2.1734929559e+00 8.0905739338e-04 
2.1044575685e+00 7.1690229984e-04 
2.0216151035e+00 6.1492479048e-04 
1.9222041456e+00 5.0558139193e-04 
1.8133269764e+00 4.0252492820e-04 
1.7062875849e+00 3.1789801474e-04 
1.6017932106e+00 2.5022473457e-04 
1.5009074080e+00 1.9731539097e-04 
1.4090382193e+00 1.5821439620e-04 
1.3315483016e+00 1.3084966172e-04 
1.2711864226e+00 1.1254064322e-04 
1.2241949912e+00 9.9871185854e-05 
1.1787613317e+00 8.8791717695e-05 
1.1298114660e+00 7.8006103956e-05 
1.0798659225e+00 6.8096235008e-05 
1.0308668584e+00 5.9334349628e-05 
9.8164955368e-01 5.1385337614e-05 
9.3060694478e-01 4.3944271245e-05 
8.7695586599e-01 3.6906229239e-05 
8.1833874190e-01 3.0036852513e-05 
7.4799819298e-01 2.2797463167e-05 
6.6358953428e-01 1.5400375812e-05 
5.6229914383e-01 8.2419133523e-06 
5.0152490957e-01 4.8585344390e-06 
4.6506036901e-01 3.1953215358e-06 
4.4318164467e-01 2.3482644769e-06 
4.1692717547e-01 1.5019589720e-06 
4.0117449395e-01 1.0917589003e-06 
3.8227127612e-01 7.0212156739e-07 
3.7092934543e-01 5.2152327798e-07 
3.5731902859e-01 3.5391443781e-07 
3.4915283849e-01 2.7646423155e-07 
3.3935341037e-01 2.0308788931e-07 
3.2759409663e-01 1.3836074045e-07 
3.2053850838e-01 1.0946869073e-07 
3.1207180248e-01 8.2452701512e-08 
3.0699177894e-01 6.9555353533e-08 
3.0089575070e-01 5.6735844904e-08 
2.9358051680e-01 4.4496031808e-08 
2.8919137647e-01 3.8519160590e-08 
2.8392440806e-01 3.2455931484e-08 
2.7760404598e-01 2.6505928857e-08 
2.7381182873e-01 2.3519000790e-08 
2.6926116803e-01 2.0417286005e-08 
2.6653077160e-01 1.8777963610e-08 
2.6325429590e-01 1.7003434560e-08 
2.5932252505e-01 1.5119949762e-08 
2.5696346255e-01 1.4104941494e-08 
2.5413258754e-01 1.2988827707e-08 
2.5073553753e-01 1.1781741586e-08 
2.4869730752e-01 1.1120313408e-08 
2.4625143151e-01 1.0383113324e-08 
2.4331638030e-01 9.5728928527e-09 
2.3979431885e-01 8.6970350900e-09 
2.3768108198e-01 8.2172012754e-09 
2.3514519774e-01 7.6824063641e-09 
2.3210213664e-01 7.0945673630e-09 
2.3027629999e-01 6.7677859094e-09 
2.2808529600e-01 6.3992608354e-09 
2.2545609121e-01 5.9885010963e-09 
2.2387856834e-01 5.7573699905e-09 
2.2198554090e-01 5.4941483506e-09 
2.1971390796e-01 5.1973412074e-09 
2.1835092820e-01 5.0286391913e-09 
2.1671535249e-01 4.8349490625e-09 
2.1475266164e-01 4.6144240194e-09 
2.1357504712e-01 4.4880252820e-09 
2.1216190971e-01 4.3419123636e-09 
2.1046614481e-01 4.1742173881e-09 
2.0843122693e-01 3.9833808777e-09 
2.0721027620e-01 3.8740404875e-09 
2.0574513533e-01 3.7476890342e-09 
2.0398696628e-01 3.6027167529e-09 
2.0293206485e-01 3.5190635867e-09 
2.0166618314e-01 3.4218348129e-09 
2.0014712508e-01 3.3095179960e-09 
1.9923569025e-01 3.2443235858e-09 
1.9814196845e-01 3.1681835941e-09 
1.9682950229e-01 3.0797276221e-09 
1.9525454289e-01 2.9775967126e-09 
1.9430956726e-01 2.9183412145e-09 
1.9317559649e-01 2.8491623727e-09 
1.9181483158e-01 2.7688368165e-09 
1.9018191368e-01 2.6761265402e-09 
1.8920216294e-01 2.6223592413e-09 
1.8802646205e-01 2.5596088090e-09 
1.8661562099e-01 2.4867636240e-09 
1.8492261171e-01 2.4027377944e-09 
1.8390680614e-01 2.3540255415e-09 
1.8268783946e-01 2.2972000234e-09 
1.8122507945e-01 2.2312463969e-09 
1.7946976743e-01 2.1552017289e-09 
1.7841658022e-01 2.1111329735e-09 
1.7715275556e-01 2.0597279712e-09 
1.7563616598e-01 2.0000948280e-09 
1.7381625848e-01 1.9313612203e-09 
1.7272431398e-01 1.8915400930e-09 
1.7141398058e-01 1.8451032511e-09 
1.6984158050e-01 1.7912480070e-09 
1.6795470040e-01 1.7291935666e-09 
1.6682257234e-01 1.6932514429e-09 
1.6546401867e-01 1.6513465419e-09 
1.6383375427e-01 1.6027583820e-09 
1.6187743698e-01 1.5467873136e-09 
1.6070364661e-01 1.5143755160e-09 
1.5929509816e-01 1.4765926978e-09 
1.5760484003e-01 1.4327918559e-09 
1.5557653027e-01 1.3823453248e-09 
1.5435954441e-01 1.3531372236e-09 
1.5289916138e-01 1.3190928620e-09 
1.5114670175e-01 1.2796306752e-09 
1.4904375019e-01 1.2341865814e-09 
1.4778197925e-01 1.2078771318e-09 
1.4626785413e-01 1.1772130901e-09 
1.4445090398e-01 1.1416708561e-09 
1.4227056381e-01 1.1007421502e-09 
1.4096235970e-01 1.0770469552e-09 
1.3939251477e-01 1.0494294207e-09 
1.3750870086e-01 1.0174169867e-09 
1.3524812416e-01 9.8054989191e-10 
1.3253543213e-01 9.3841249886e-10 
1.3090781690e-01 9.1417295737e-10 
1.2895467864e-01 8.8606435896e-10 
1.2661091272e-01 8.5367488408e-10 
1.2379839362e-01 8.1662735848e-10 
1.2211088216e-01 7.9530048316e-10 
1.2008586840e-01 7.7057952915e-10 
1.1765585190e-01 7.4203266686e-10 
1.1473983209e-01 7.0935309844e-10 
1.1299022021e-01 6.9051981728e-10 
1.1089068595e-01 6.6864545070e-10 
1.0837124484e-01 6.4338746173e-10 
1.0534791550e-01 6.1441837440e-10 
1.0353391790e-01 5.9769854506e-10 
1.0135712078e-01 5.7825248563e-10 
9.8744964238e-02 5.5575842422e-10 
9.5610376385e-02 5.2989872091e-10 
9.3729623673e-02 5.1494028581e-10 
9.1472720418e-02 4.9750816174e-10 
8.8764436512e-02 4.7729172344e-10 
8.5514495826e-02 4.5397188595e-10 
8.1614567002e-02 4.2722577184e-10 
7.9274609707e-02 4.1177335230e-10 
7.6466660954e-02 3.9376958279e-10 
7.3097122450e-02 3.7287644187e-10 
6.9053676245e-02 3.4872380547e-10 
6.6627608522e-02 3.3466537802e-10 
6.3716327255e-02 3.1817783208e-10 
6.0222789734e-02 2.9888301511e-10 
5.6030544709e-02 2.7633733397e-10 
5.3515197694e-02 2.6308337293e-10 
5.0496781276e-02 2.4740512429e-10 
4.6874681574e-02 2.2885923914e-10 
4.2528161932e-02 2.0689539267e-10 
3.7312338362e-02 1.8080337207e-10 
3.1053350078e-02 1.4962442293e-10 
2.7297957107e-02 1.3087508029e-10 
2.2791485542e-02 1.0822867263e-10 
1.7383719664e-02 8.0712172699e-11 
1.0894400611e-02 4.7016451281e-11 
3.1072177470e-03 5.3667549733e-12 
0.0000000000e+00 -1.1637057628e-11 
