EXPORTED XY-GRAPH DATA
141 2 2
V[1]
I[ASPLIT_drain]
0.0000000000e+00 2.6356662315e-19 
0.0000000000e+00 -1.2678197193e-19 
0.0000000000e+00 1.6616565672e-20 
0.0000000000e+00 -1.4523878014e-19 
0.0000000000e+00 -1.1627065818e-19 
0.0000000000e+00 -9.6607656027e-20 
0.0000000000e+00 -7.6755695718e-20 
0.0000000000e+00 5.9782479848e-20 
0.0000000000e+00 -4.5245158080e-21 
0.0000000000e+00 -4.3587484712e-22 
0.0000000000e+00 -3.7726636434e-20 
0.0000000000e+00 -3.3544089738e-20 
0.0000000000e+00 1.8821455321e-21 
0.0000000000e+00 2.0366927739e-20 
0.0000000000e+00 6.4712623306e-22 
0.0000000000e+00 1.1689174977e-21 
0.0000000000e+00 -1.3795599875e-20 
0.0000000000e+00 -1.0309021547e-20 
0.0000000000e+00 8.4662014041e-21 
0.0000000000e+00 -7.1214183956e-21 
0.0000000000e+00 4.7673383751e-23 
0.0000000000e+00 -3.8515177581e-22 
0.0000000000e+00 2.4318124868e-23 
0.0000000000e+00 3.2005276735e-21 
0.0000000000e+00 2.2354569248e-22 
0.0000000000e+00 -2.3207520785e-21 
0.0000000000e+00 1.9074918748e-21 
0.0000000000e+00 -1.8379863318e-21 
0.0000000000e+00 1.1049420879e-22 
0.0000000000e+00 -2.1675812273e-23 
0.0000000000e+00 -1.0396583299e-21 
0.0000000000e+00 6.8046485428e-23 
0.0000000000e+00 -4.7710701793e-24 
0.0000000000e+00 -4.5956374470e-23 
0.0000000000e+00 -2.1773803813e-23 
0.0000000000e+00 3.3245895967e-22 
0.0000000000e+00 -2.8759548671e-22 
0.0000000000e+00 8.2236281864e-23 
0.0000000000e+00 -1.0978247532e-22 
0.0000000000e+00 -4.8400698828e-24 
0.0000000000e+00 -2.0606439252e-22 
0.0000000000e+00 7.3362663487e-23 
0.0000000000e+00 6.5957307249e-23 
0.0000000000e+00 -1.0575370557e-22 
0.0000000000e+00 -6.2211509658e-11 
0.0000000000e+00 -4.0882147047e-11 
0.0000000000e+00 -4.1327917572e-11 
0.0000000000e+00 -4.1949576544e-11 
0.0000000000e+00 -4.2821524935e-11 
0.0000000000e+00 -4.4072215205e-11 
0.0000000000e+00 -4.4661514868e-11 
0.0000000000e+00 2.2729744305e-11 
0.0000000000e+00 -2.2219163443e-13 
0.0000000000e+00 -2.9871969436e-14 
0.0000000000e+00 2.8459188208e-14 
0.0000000000e+00 2.6471544822e-14 
0.0000000000e+00 1.1436310817e-14 
0.0000000000e+00 1.7925556810e-15 
0.0000000000e+00 -1.1683947850e-15 
0.0000000000e+00 -1.1382455575e-15 
0.0000000000e+00 -6.8911375283e-16 
0.0000000000e+00 -5.0843717941e-16 
0.0000000000e+00 -4.9410608640e-16 
0.0000000000e+00 -5.0716094693e-16 
0.0000000000e+00 -5.1182399168e-16 
0.0000000000e+00 -5.1194819235e-16 
0.0000000000e+00 -5.1167940522e-16 
0.0000000000e+00 -5.1161758402e-16 
0.0000000000e+00 -5.1160742120e-16 
0.0000000000e+00 -5.1159230295e-16 
0.0000000000e+00 -5.1157143390e-16 
0.0000000000e+00 -5.1154622159e-16 
0.0000000000e+00 -5.1151603391e-16 
0.0000000000e+00 -5.1147980831e-16 
0.0000000000e+00 -5.1143635754e-16 
0.0000000000e+00 -5.1138422379e-16 
0.0000000000e+00 -5.1132167906e-16 
0.0000000000e+00 -5.1127317373e-16 
1.7294160052e-01 7.9184337172e-12 
2.4827800686e-01 4.9667664710e-12 
2.8069312165e-01 4.9449787424e-12 
3.1569203801e-01 4.9192833332e-12 
3.5769073763e-01 4.8898283783e-12 
4.0808917719e-01 4.8570035745e-12 
4.6856730465e-01 4.8209172981e-12 
5.2699490547e-01 4.7894135752e-12 
5.8543102013e-01 4.7605460835e-12 
6.4574569243e-01 4.7331133004e-12 
7.0729222782e-01 4.7074045769e-12 
7.7262591791e-01 4.6823877125e-12 
8.3776953669e-01 4.6598402361e-12 
9.0621375050e-01 4.6392382454e-12 
9.7555832098e-01 4.6248398568e-12 
1.0459463418e+00 4.6295092737e-12 
1.1199440356e+00 4.6902518465e-12 
1.1943769333e+00 4.8302405451e-12 
1.2734594636e+00 4.9836579652e-12 
1.3550273406e+00 5.0865691290e-12 
1.4378983073e+00 5.1503245747e-12 
1.5287172546e+00 5.1997040087e-12 
1.6228992390e+00 5.2390451955e-12 
1.7188985373e+00 5.2720094680e-12 
1.8222942756e+00 5.3030658392e-12 
1.9279502105e+00 5.3318848458e-12 
2.0362122381e+00 5.3600511947e-12 
2.1520105001e+00 5.3902362726e-12 
2.2697695806e+00 5.4222584170e-12 
2.3908862924e+00 5.4580858663e-12 
2.5000000000e+00 5.4940936834e-12 
2.5000000000e+00 -2.5915972613e-12 
2.5000000000e+00 1.0072384213e-13 
2.3788289655e+00 -7.7318468091e-12 
2.2410047604e+00 -5.2561527549e-12 
2.1231727170e+00 -5.2023613057e-12 
1.9817742648e+00 -5.2064233453e-12 
1.8385763042e+00 -5.2045199913e-12 
1.7069306929e+00 -5.1910731614e-12 
1.5879087973e+00 -5.1675030699e-12 
1.4749521900e+00 -5.1305559350e-12 
1.3681823935e+00 -5.0731018130e-12 
1.2707337785e+00 -4.9827744158e-12 
1.1823869356e+00 -4.8410984960e-12 
1.1045766236e+00 -4.6735035241e-12 
1.0389379680e+00 -4.5925666740e-12 
9.8561625314e-01 -4.5970875323e-12 
9.4380388235e-01 -4.6115836615e-12 
9.0495035853e-01 -4.6236532400e-12 
8.6328433910e-01 -4.6373082147e-12 
8.2006874871e-01 -4.6526996596e-12 
7.7739875496e-01 -4.6688677720e-12 
7.3461144417e-01 -4.6859179572e-12 
6.9033901586e-01 -4.7044533754e-12 
6.4392871067e-01 -4.7249380654e-12 
5.9464771473e-01 -4.7479842926e-12 
5.3923763754e-01 -4.7756224732e-12 
4.7274554492e-01 -4.8114874831e-12 
3.9295503377e-01 -4.8591265958e-12 
2.9720642039e-01 -4.9243455496e-12 
1.8230808434e-01 -5.0174194341e-12 
4.5756139451e-02 -5.1574681295e-12 
0.0000000000e+00 -5.2258115825e-12 
