EXPORTED XY-GRAPH DATA
145 2 2
V[1]
I[ASPLIT_drain]
0.0000000000e+00 2.6356662315e-19 
0.0000000000e+00 -1.2678197193e-19 
0.0000000000e+00 1.6616565672e-20 
0.0000000000e+00 -1.4523878014e-19 
0.0000000000e+00 -1.1627065818e-19 
0.0000000000e+00 -9.6607656027e-20 
0.0000000000e+00 -7.6755695718e-20 
0.0000000000e+00 5.9782479848e-20 
0.0000000000e+00 -4.5245158080e-21 
0.0000000000e+00 -4.3587484712e-22 
0.0000000000e+00 -3.7726636434e-20 
0.0000000000e+00 -3.3544089738e-20 
0.0000000000e+00 1.8821455321e-21 
0.0000000000e+00 2.0366927739e-20 
0.0000000000e+00 6.4712623306e-22 
0.0000000000e+00 1.1689174977e-21 
0.0000000000e+00 -1.3795599875e-20 
0.0000000000e+00 -1.0309021547e-20 
0.0000000000e+00 8.4662014041e-21 
0.0000000000e+00 -7.1214183956e-21 
0.0000000000e+00 4.7673383751e-23 
0.0000000000e+00 -3.8515177581e-22 
0.0000000000e+00 2.4318124868e-23 
0.0000000000e+00 3.2005276735e-21 
0.0000000000e+00 2.2354569248e-22 
0.0000000000e+00 -2.3207520785e-21 
0.0000000000e+00 1.9074918748e-21 
0.0000000000e+00 -1.8379863318e-21 
0.0000000000e+00 1.1049420879e-22 
0.0000000000e+00 -2.1675812273e-23 
0.0000000000e+00 -1.0396583299e-21 
0.0000000000e+00 6.8046485428e-23 
0.0000000000e+00 -4.7710701793e-24 
0.0000000000e+00 -4.5956374470e-23 
0.0000000000e+00 -2.1773803813e-23 
0.0000000000e+00 3.3245895967e-22 
0.0000000000e+00 -2.8759548671e-22 
0.0000000000e+00 8.2236281864e-23 
0.0000000000e+00 -1.0978247532e-22 
0.0000000000e+00 -4.8400698828e-24 
0.0000000000e+00 -2.0606439252e-22 
0.0000000000e+00 7.3362663487e-23 
0.0000000000e+00 6.5957307249e-23 
0.0000000000e+00 -1.0575370557e-22 
0.0000000000e+00 -3.1028225090e-11 
0.0000000000e+00 -2.0242856192e-11 
0.0000000000e+00 -2.0332511056e-11 
0.0000000000e+00 -2.0461129286e-11 
0.0000000000e+00 -2.0629973026e-11 
0.0000000000e+00 -2.0853110708e-11 
0.0000000000e+00 -2.0950118268e-11 
0.0000000000e+00 1.1210716882e-11 
0.0000000000e+00 3.4117847878e-14 
0.0000000000e+00 2.0385830991e-14 
0.0000000000e+00 4.1638861780e-15 
0.0000000000e+00 -6.9543623621e-16 
0.0000000000e+00 -6.1790355287e-16 
0.0000000000e+00 -1.2862379593e-16 
0.0000000000e+00 -6.1719392644e-18 
0.0000000000e+00 -1.3099493051e-17 
0.0000000000e+00 -2.1807648466e-17 
0.0000000000e+00 -2.2877299287e-17 
0.0000000000e+00 -2.2647668377e-17 
0.0000000000e+00 -2.2581481027e-17 
0.0000000000e+00 -2.2582037107e-17 
0.0000000000e+00 -2.2583768827e-17 
0.0000000000e+00 -2.2583842223e-17 
0.0000000000e+00 -2.2583802670e-17 
0.0000000000e+00 -2.2583758936e-17 
0.0000000000e+00 -2.2583708647e-17 
0.0000000000e+00 -2.2583649675e-17 
0.0000000000e+00 -2.2583579027e-17 
0.0000000000e+00 -2.2583488253e-17 
0.0000000000e+00 -2.2583391413e-17 
0.0000000000e+00 -2.2583269401e-17 
0.0000000000e+00 -2.2583129881e-17 
0.0000000000e+00 -2.2583051693e-17 
1.2342863676e-01 7.6826255803e-12 
2.0290576730e-01 4.8693024386e-12 
2.4098523199e-01 4.8479199256e-12 
2.8437705481e-01 4.8227662435e-12 
3.3644724220e-01 4.7942032895e-12 
3.9893146707e-01 4.7625622191e-12 
4.6280013628e-01 4.7330591203e-12 
5.2333906712e-01 4.7074328428e-12 
5.8703795766e-01 4.6824892091e-12 
6.5270659365e-01 4.6591451203e-12 
7.1987570961e-01 4.6389564712e-12 
7.8967318840e-01 4.6273124843e-12 
8.5940079859e-01 4.6443920185e-12 
9.3323172421e-01 4.7317448308e-12 
1.0085811524e+00 4.8836067621e-12 
1.0853450737e+00 5.0137620446e-12 
1.1675661337e+00 5.0985722503e-12 
1.2520130620e+00 5.1517384986e-12 
1.3416647696e+00 5.1908965704e-12 
1.4367110933e+00 5.2218164342e-12 
1.5330448067e+00 5.2457784471e-12 
1.6353582122e+00 5.2659043578e-12 
1.7420742910e+00 5.2826396877e-12 
1.8497834354e+00 5.2961889693e-12 
1.9644926622e+00 5.3079449056e-12 
2.0833583709e+00 5.3178122806e-12 
2.2036936980e+00 5.3258872194e-12 
2.3320724462e+00 5.3328672470e-12 
2.4654559990e+00 5.3386198238e-12 
2.5000000000e+00 5.3396489802e-12 
2.5000000000e+00 -2.5401862075e-12 
2.5000000000e+00 -1.3162739369e-13 
2.5000000000e+00 -2.2412427249e-14 
2.5000000000e+00 3.9927698092e-15 
2.5000000000e+00 2.1004789414e-15 
2.4670223639e+00 -7.8479363567e-12 
2.4274492005e+00 -5.4647438244e-12 
2.3799614044e+00 -5.3559095026e-12 
2.3229760492e+00 -5.3235754676e-12 
2.2545936229e+00 -5.3214431794e-12 
2.1725347113e+00 -5.3194423924e-12 
2.0740640174e+00 -5.3139481858e-12 
1.9558991848e+00 -5.3053078536e-12 
1.8141013856e+00 -5.2920646103e-12 
1.6565753829e+00 -5.2721244104e-12 
1.5212477595e+00 -5.2478105605e-12 
1.4020101071e+00 -5.2179504691e-12 
1.2872291757e+00 -5.1775618363e-12 
1.1784752828e+00 -5.1200944893e-12 
1.0777381266e+00 -5.0332009180e-12 
9.8676034082e-01 -4.8983506126e-12 
9.0704972314e-01 -4.7265786808e-12 
8.3874035579e-01 -4.6210559428e-12 
7.8238038049e-01 -4.6154343123e-12 
7.3881146682e-01 -4.6301664027e-12 
7.0007166564e-01 -4.6419342761e-12 
6.5900502010e-01 -4.6548369657e-12 
6.1578340154e-01 -4.6697516128e-12 
5.7293088586e-01 -4.6856560390e-12 
5.3024221064e-01 -4.7024367060e-12 
4.8636068534e-01 -4.7206480858e-12 
4.4043097211e-01 -4.7408212994e-12 
3.9175501443e-01 -4.7635505750e-12 
3.3769723085e-01 -4.7905575787e-12 
2.7282789055e-01 -4.8256604134e-12 
1.9498468220e-01 -4.8723518801e-12 
1.0157283217e-01 -4.9363194644e-12 
0.0000000000e+00 -5.0187992836e-12 
