EXPORTED XY-GRAPH DATA
149 2 2
V[1]
I[ASPLIT_drain]
0.0000000000e+00 -3.0027890627e-20 
0.0000000000e+00 1.4304317520e-20 
0.0000000000e+00 1.0088978393e-20 
0.0000000000e+00 -1.5333068052e-19 
0.0000000000e+00 -1.1846823207e-19 
0.0000000000e+00 -1.0470592406e-19 
0.0000000000e+00 -8.0851918980e-20 
0.0000000000e+00 5.5054911367e-20 
0.0000000000e+00 -4.4988822155e-21 
0.0000000000e+00 -2.5687051853e-21 
0.0000000000e+00 -4.1552311470e-20 
0.0000000000e+00 -3.3376686782e-20 
0.0000000000e+00 2.5504950459e-21 
0.0000000000e+00 2.0160615269e-20 
0.0000000000e+00 -4.9923891885e-22 
0.0000000000e+00 1.5655571888e-21 
0.0000000000e+00 -1.3928095479e-20 
0.0000000000e+00 -9.8432831873e-21 
0.0000000000e+00 8.1072918458e-21 
0.0000000000e+00 -8.2065869549e-21 
0.0000000000e+00 2.7140317228e-22 
0.0000000000e+00 -2.0874082101e-22 
0.0000000000e+00 -6.7287213668e-23 
0.0000000000e+00 3.3800566828e-21 
0.0000000000e+00 -2.1685526848e-22 
0.0000000000e+00 -2.3198959365e-21 
0.0000000000e+00 1.7620477721e-21 
0.0000000000e+00 -1.7721944695e-21 
0.0000000000e+00 -6.3847940244e-23 
0.0000000000e+00 9.5880667195e-23 
0.0000000000e+00 -1.1886449173e-21 
0.0000000000e+00 5.2273303030e-23 
0.0000000000e+00 1.6934265513e-22 
0.0000000000e+00 3.9390196623e-23 
0.0000000000e+00 1.1247585387e-22 
0.0000000000e+00 4.2950208049e-22 
0.0000000000e+00 -3.0256329197e-22 
0.0000000000e+00 2.4564679308e-22 
0.0000000000e+00 -2.2939473557e-22 
0.0000000000e+00 3.6570377039e-22 
0.0000000000e+00 -3.2073589992e-22 
0.0000000000e+00 -1.5990583462e-22 
0.0000000000e+00 9.0610923537e-23 
0.0000000000e+00 -1.4674936697e-22 
0.0000000000e+00 -5.4074677592e-11 
0.0000000000e+00 -3.5606540112e-11 
0.0000000000e+00 -3.5969916935e-11 
0.0000000000e+00 -3.6477963622e-11 
0.0000000000e+00 -3.7174584802e-11 
0.0000000000e+00 -3.8126850867e-11 
0.0000000000e+00 -3.8543184046e-11 
0.0000000000e+00 1.8965363819e-11 
0.0000000000e+00 -3.5038137855e-13 
0.0000000000e+00 -5.7188989420e-14 
0.0000000000e+00 3.7090556669e-14 
0.0000000000e+00 3.8245759708e-14 
0.0000000000e+00 1.7380600098e-14 
0.0000000000e+00 3.4406888227e-15 
0.0000000000e+00 -9.3706096920e-16 
0.0000000000e+00 -9.4562925158e-16 
0.0000000000e+00 -3.1846112087e-16 
0.0000000000e+00 -6.4714171585e-17 
0.0000000000e+00 -4.4608818873e-17 
0.0000000000e+00 -6.2568211899e-17 
0.0000000000e+00 -6.8882440245e-17 
0.0000000000e+00 -6.9036572591e-17 
0.0000000000e+00 -6.8689909299e-17 
0.0000000000e+00 -6.8625849354e-17 
0.0000000000e+00 -6.8631658597e-17 
0.0000000000e+00 -6.8634298855e-17 
0.0000000000e+00 -6.8633952684e-17 
0.0000000000e+00 -6.8633339405e-17 
0.0000000000e+00 -6.8632672518e-17 
0.0000000000e+00 -6.8631897515e-17 
0.0000000000e+00 -6.8630955826e-17 
0.0000000000e+00 -6.8629828478e-17 
0.0000000000e+00 -6.8628789831e-17 
2.0201876916e-01 8.7490444345e-12 
2.8339917785e-01 5.4539695846e-12 
3.1696180370e-01 5.4265883591e-12 
3.5082080741e-01 5.3970494549e-12 
3.9145161186e-01 5.3626879769e-12 
4.4020857720e-01 5.3237711920e-12 
4.9871693562e-01 5.2802371471e-12 
5.6060517391e-01 5.2377322341e-12 
6.2318089470e-01 5.1980022106e-12 
6.8390824183e-01 5.1621751560e-12 
7.4602690403e-01 5.1278888669e-12 
8.1365278054e-01 5.0929894224e-12 
8.8078050053e-01 5.0608770156e-12 
9.4686244185e-01 5.0318291982e-12 
1.0185957003e+00 5.0042968410e-12 
1.0911758224e+00 4.9866171820e-12 
1.1619965134e+00 4.9971726905e-12 
1.2378521557e+00 5.0655039946e-12 
1.3169263928e+00 5.1782257950e-12 
1.3945668707e+00 5.2664900264e-12 
1.4340395565e+00 5.2923689453e-12 
1.4814067796e+00 5.3183440881e-12 
1.5382474473e+00 5.3437539219e-12 
1.6064562485e+00 5.3664272091e-12 
1.6883068099e+00 5.3857325224e-12 
1.7865274836e+00 5.4016056820e-12 
1.8879572448e+00 5.4124753199e-12 
1.9856544595e+00 5.4196101071e-12 
2.0825023271e+00 5.4248600072e-12 
2.1851112615e+00 5.4291829627e-12 
2.2963075592e+00 5.4329788831e-12 
2.4074842960e+00 5.4363121812e-12 
2.5000000000e+00 5.4390216324e-12 
2.5000000000e+00 -2.8022378852e-12 
2.5000000000e+00 -4.7117355304e-14 
2.5000000000e+00 -1.0208053214e-14 
2.4857262319e+00 -7.8042142656e-12 
2.4685977102e+00 -5.4519943233e-12 
2.4480434842e+00 -5.4443643685e-12 
2.4233784130e+00 -5.4106074700e-12 
2.3937803275e+00 -5.3973342850e-12 
2.3582626250e+00 -5.3973905305e-12 
2.3156413819e+00 -5.4001015749e-12 
2.2644958902e+00 -5.4021837978e-12 
2.2031213002e+00 -5.4036600290e-12 
2.1294717922e+00 -5.4045921290e-12 
2.0410923825e+00 -5.4044821418e-12 
1.9350370910e+00 -5.4021990493e-12 
1.8077707411e+00 -5.3953336118e-12 
1.6606436333e+00 -5.3787067405e-12 
1.5329008725e+00 -5.3492806392e-12 
1.4237543405e+00 -5.3015010119e-12 
1.3234767615e+00 -5.2211250247e-12 
1.2304715577e+00 -5.0956329399e-12 
1.1510932540e+00 -4.9864481959e-12 
1.0862206467e+00 -4.9703652166e-12 
1.0352315650e+00 -4.9908512739e-12 
9.9252548758e-01 -5.0086247317e-12 
9.4896865109e-01 -5.0265931916e-12 
9.0225219568e-01 -5.0471360678e-12 
8.5518837953e-01 -5.0691288055e-12 
8.0858968204e-01 -5.0920387920e-12 
7.6103651010e-01 -5.1165599581e-12 
7.1147587787e-01 -5.1434189357e-12 
6.5936993863e-01 -5.1732165560e-12 
6.0312624437e-01 -5.2073286292e-12 
5.3563381127e-01 -5.2511144902e-12 
4.5464289154e-01 -5.3084111323e-12 
3.5745378787e-01 -5.3852623639e-12 
2.4082686346e-01 -5.4917870303e-12 
1.0087455417e-01 -5.6464731727e-12 
0.0000000000e+00 -5.7892927479e-12 
