EXPORTED XY-GRAPH DATA
299 2 2
V[1]
I[ASPLIT_drain]
0.0000000000e+00 -5.4911728517e-18 
0.0000000000e+00 2.7440679081e-18 
0.0000000000e+00 8.6388295417e-21 
0.0000000000e+00 -1.3754431422e-19 
0.0000000000e+00 -1.1656025132e-19 
0.0000000000e+00 -9.0400945016e-20 
0.0000000000e+00 -7.2852564940e-20 
0.0000000000e+00 6.3148536564e-20 
0.0000000000e+00 -4.1094668044e-21 
0.0000000000e+00 1.9426321023e-21 
0.0000000000e+00 -3.6346713639e-20 
0.0000000000e+00 -3.1493704587e-20 
0.0000000000e+00 1.7816397899e-21 
0.0000000000e+00 1.8790054055e-20 
0.0000000000e+00 9.0693551853e-22 
0.0000000000e+00 8.0845499307e-22 
0.0000000000e+00 -1.1907354277e-20 
0.0000000000e+00 -1.0831645900e-20 
0.0000000000e+00 8.0859846035e-21 
0.0000000000e+00 -6.7704183482e-21 
0.0000000000e+00 2.0867670791e-22 
0.0000000000e+00 1.4639182209e-22 
0.0000000000e+00 -1.4391590441e-22 
0.0000000000e+00 3.4119219888e-21 
0.0000000000e+00 3.6668431972e-22 
0.0000000000e+00 -2.1319920558e-21 
0.0000000000e+00 1.7638565774e-21 
0.0000000000e+00 -1.7296170253e-21 
0.0000000000e+00 1.6483113571e-22 
0.0000000000e+00 -3.0339272529e-23 
0.0000000000e+00 -9.7489228241e-22 
0.0000000000e+00 1.3384335412e-23 
0.0000000000e+00 5.4692503119e-23 
0.0000000000e+00 8.5069856774e-23 
0.0000000000e+00 1.3064686176e-22 
0.0000000000e+00 4.3792625832e-22 
0.0000000000e+00 -2.8925270841e-22 
0.0000000000e+00 -5.6518875949e-23 
0.0000000000e+00 -2.4356218879e-22 
0.0000000000e+00 -3.0454728561e-24 
0.0000000000e+00 -1.4996597716e-22 
0.0000000000e+00 1.4650278178e-22 
0.0000000000e+00 2.5473045130e-22 
0.0000000000e+00 -2.4837483259e-22 
0.0000000000e+00 -3.3047316090e-11 
0.0000000000e+00 -2.1551676625e-11 
0.0000000000e+00 -2.1645993020e-11 
0.0000000000e+00 -2.1784952407e-11 
0.0000000000e+00 -2.1976342615e-11 
0.0000000000e+00 -2.2245078137e-11 
0.0000000000e+00 -2.2495561635e-11 
0.0000000000e+00 1.1950867206e-11 
0.0000000000e+00 9.2538150906e-14 
0.0000000000e+00 1.8573759105e-14 
0.0000000000e+00 -2.4987541136e-15 
0.0000000000e+00 -1.9251613991e-15 
0.0000000000e+00 -2.0267775337e-16 
0.0000000000e+00 1.1404482426e-16 
0.0000000000e+00 7.5149792323e-17 
0.0000000000e+00 5.4684538295e-17 
0.0000000000e+00 5.3643652120e-17 
0.0000000000e+00 5.4211731597e-17 
0.0000000000e+00 5.4291165316e-17 
0.0000000000e+00 5.4283339003e-17 
0.0000000000e+00 5.4280763278e-17 
0.0000000000e+00 5.4280135150e-17 
0.0000000000e+00 5.4279384322e-17 
0.0000000000e+00 5.4278468966e-17 
0.0000000000e+00 5.4277358732e-17 
0.0000000000e+00 5.4276026710e-17 
0.0000000000e+00 5.4274427757e-17 
0.0000000000e+00 5.4272513443e-17 
0.0000000000e+00 5.4270205382e-17 
0.0000000000e+00 5.4267448653e-17 
0.0000000000e+00 5.4264132645e-17 
0.0000000000e+00 5.4263240036e-17 
6.4700989116e-02 7.7434319145e-12 
1.2615891419e-01 4.9366428535e-12 
1.6500700574e-01 4.9141261061e-12 
2.1162471559e-01 4.8912119515e-12 
2.6756596742e-01 4.8681791273e-12 
3.3467656415e-01 4.8470906243e-12 
4.0289491448e-01 4.8327463885e-12 
4.6982902644e-01 4.8254836856e-12 
5.3718787799e-01 4.8248146888e-12 
6.0882953362e-01 4.8305281705e-12 
6.8353701438e-01 4.8413577576e-12 
7.5796489626e-01 4.8536045679e-12 
8.3464807805e-01 4.8655916663e-12 
9.1402186071e-01 4.8824832701e-12 
9.9162488337e-01 4.9269836312e-12 
1.0696005708e+00 5.0384902382e-12 
1.1523364835e+00 5.1989529129e-12 
1.2344623465e+00 5.3233426155e-12 
1.3155672741e+00 5.4084282169e-12 
1.4037697018e+00 5.4885648657e-12 
1.4947940646e+00 5.5750531387e-12 
1.5846447167e+00 5.6769527779e-12 
1.6767464632e+00 5.8128153046e-12 
1.7758891501e+00 6.0163530270e-12 
1.8762009081e+00 6.3198853613e-12 
1.9763667000e+00 6.7906690133e-12 
2.0291041215e+00 7.1486039718e-12 
2.0923890274e+00 7.7428001918e-12 
2.1683309144e+00 8.8810468007e-12 
2.2138960466e+00 9.9751651275e-12 
2.2685742053e+00 1.2179087782e-11 
2.3013811005e+00 1.4460983096e-11 
2.3407493747e+00 1.9753655966e-11 
2.3643703392e+00 2.6487133117e-11 
2.3785429180e+00 3.3935928396e-11 
2.3955500124e+00 5.4471922148e-11 
2.4057542691e+00 9.0790228217e-11 
2.4118768231e+00 1.5591313876e-10 
2.4155503555e+00 2.7884128260e-10 
2.4176506926e+00 5.1103930765e-10 
2.4188240373e+00 9.5444473422e-10 
2.4194652062e+00 1.7945169770e-09 
2.4198116474e+00 3.3432053055e-09 
2.4199990987e+00 6.0473848129e-09 
2.4201008541e+00 1.0288806689e-08 
2.4201584355e+00 1.6278644176e-08 
2.4201929843e+00 2.4027659516e-08 
2.4202344429e+00 5.7492789384e-08 
2.4202501912e+00 9.8260613303e-08 
2.4202674756e+00 3.0383060250e-07 
2.4202740353e+00 5.5344829351e-07 
2.4202813119e+00 1.5265282726e-06 
2.4202843077e+00 2.5484010591e-06 
2.4202879027e+00 5.7571332896e-06 
2.4202911383e+00 1.7901642702e-05 
2.4202934070e+00 5.2362242279e-05 
2.4202951843e+00 1.3665632134e-04 
2.4202966871e+00 2.9328696166e-04 
2.4202980385e+00 5.0612093196e-04 
2.4202992731e+00 7.3082473861e-04 
2.4203004759e+00 9.4892456584e-04 
2.4203018673e+00 1.1783216691e-03 
2.4203033378e+00 1.3841195288e-03 
2.4203046586e+00 1.5357330759e-03 
2.4203062106e+00 1.6768265163e-03 
2.4203080731e+00 1.8021576559e-03 
2.4203096420e+00 1.8781266470e-03 
2.4203113752e+00 1.9385103842e-03 
2.4203134550e+00 1.9877063858e-03 
2.4203159509e+00 2.0244458726e-03 
2.4203189459e+00 2.0490096139e-03 
2.4203225399e+00 2.0631889544e-03 
2.4203268526e+00 2.0697894795e-03 
2.4203320280e+00 2.0718386714e-03 
2.4203382384e+00 2.0718325471e-03 
2.4203456909e+00 2.0713268971e-03 
2.4203546339e+00 2.0709755354e-03 
2.4203653656e+00 2.0708662141e-03 
2.4203782435e+00 2.0708874836e-03 
2.4203936970e+00 2.0709426840e-03 
2.4204122413e+00 2.0709984021e-03 
2.4204344943e+00 2.0710560485e-03 
2.4204611980e+00 2.0711229119e-03 
2.4204932424e+00 2.0712033366e-03 
2.4205316958e+00 2.0713000473e-03 
2.4205778397e+00 2.0714160243e-03 
2.4206332125e+00 2.0715550046e-03 
2.4206996598e+00 2.0717215164e-03 
2.4207793966e+00 2.0719209617e-03 
2.4208750808e+00 2.0721597751e-03 
2.4209899018e+00 2.0724456172e-03 
2.4211276869e+00 2.0727875979e-03 
2.4212930292e+00 2.0731965376e-03 
2.4214914398e+00 2.0736852714e-03 
2.4217295326e+00 2.0742690047e-03 
2.4220152439e+00 2.0749657318e-03 
2.4223580976e+00 2.0757967251e-03 
2.4227695219e+00 2.0767871351e-03 
2.4232632311e+00 2.0779666459e-03 
2.4238556821e+00 2.0793703699e-03 
2.4245666234e+00 2.0810398742e-03 
2.4254197529e+00 2.0830244584e-03 
2.4264435083e+00 2.0853827484e-03 
2.4276720148e+00 2.0881846675e-03 
2.4291462225e+00 2.0915138642e-03 
2.4309152719e+00 2.0954706891e-03 
2.4330381311e+00 2.1001758371e-03 
2.4355855621e+00 2.1057746933e-03 
2.4386424794e+00 2.1124425789e-03 
2.4423107801e+00 2.1203912289e-03 
2.4467127409e+00 2.1298765234e-03 
2.4519950939e+00 2.1412079667e-03 
2.4583339175e+00 2.1547603407e-03 
2.4659405059e+00 2.1709881170e-03 
2.4750684119e+00 2.1904434823e-03 
2.4860218991e+00 2.2137987176e-03 
2.4991660837e+00 2.2418720806e-03 
2.5000000000e+00 2.2436554772e-03 
2.5000000000e+00 2.2436608876e-03 
2.5000000000e+00 2.2436576900e-03 
2.5000000000e+00 2.2436563215e-03 
2.5000000000e+00 2.2436546391e-03 
2.5000000000e+00 2.2436525452e-03 
2.5000000000e+00 2.2436499965e-03 
2.5000000000e+00 2.2436469748e-03 
2.5000000000e+00 2.2436435122e-03 
2.5000000000e+00 2.2436397117e-03 
2.5000000000e+00 2.2436357588e-03 
2.5000000000e+00 2.2436319102e-03 
2.5000000000e+00 2.2436284518e-03 
2.5000000000e+00 2.2436256304e-03 
2.5000000000e+00 2.2436235831e-03 
2.5000000000e+00 2.2436222993e-03 
2.5000000000e+00 2.2436216381e-03 
2.5000000000e+00 2.2436213906e-03 
2.5000000000e+00 2.2436213552e-03 
2.5000000000e+00 2.2436213898e-03 
2.5000000000e+00 2.2436214238e-03 
2.5000000000e+00 2.2436214394e-03 
2.5000000000e+00 2.2436214412e-03 
2.4702196239e+00 2.1801521965e-03 
2.4344831726e+00 2.1046054302e-03 
2.3915994310e+00 2.0148840281e-03 
2.3401389411e+00 1.9086331232e-03 
2.2783863532e+00 1.7833151658e-03 
2.2042832477e+00 1.6363740787e-03 
2.1153595211e+00 1.4655030423e-03 
2.0086510492e+00 1.2693022475e-03 
1.8806008830e+00 1.0486229220e-03 
1.7269406835e+00 8.0907680360e-04 
1.6138198387e+00 6.5328546884e-04 
1.5322875885e+00 5.5299393903e-04 
1.4580099480e+00 4.7082299998e-04 
1.3816279636e+00 3.9560112357e-04 
1.3034808535e+00 3.2824830855e-04 
1.2251936452e+00 2.7007779547e-04 
1.1456724052e+00 2.1980174966e-04 
1.0629695346e+00 1.7593833059e-04 
9.7601297216e-01 1.3783548921e-04 
8.8438074663e-01 1.0516463535e-04 
7.8774037381e-01 7.7497391606e-05 
6.8637492458e-01 5.4494145694e-05 
5.8211852381e-01 3.5984427287e-05 
4.8279361169e-01 2.2345712415e-05 
4.0842062503e-01 1.4381675255e-05 
3.6306029143e-01 1.0421293664e-05 
3.2147642586e-01 7.3796491806e-06 
2.9763385990e-01 5.8890648698e-06 
2.6902278074e-01 4.3427469977e-06 
2.5185613325e-01 3.5406832070e-06 
2.3125615625e-01 2.7004970975e-06 
2.0653618386e-01 1.8634083766e-06 
1.9170420043e-01 1.4478806106e-06 
1.7390582030e-01 1.0311133280e-06 
1.6322679223e-01 8.2192042791e-07 
1.5041195854e-01 6.0914740138e-07 
1.4272305833e-01 5.0053998498e-07 
1.3349637808e-01 3.8805942765e-07 
1.2242436177e-01 2.7724064427e-07 
1.1578115199e-01 2.2252646540e-07 
1.0780930024e-01 1.6759476787e-07 
9.8243078156e-02 1.1567001404e-07 
8.6763611650e-02 7.0700024040e-08 
7.9875931746e-02 5.1297195903e-08 
7.1610715862e-02 3.4028506966e-08 
6.6651586331e-02 2.6261109993e-08 
6.3676108612e-02 2.2380117732e-08 
6.0105535350e-02 1.8391519376e-08 
5.7963191393e-02 1.6311480547e-08 
5.5392378644e-02 1.4092365276e-08 
5.2307403346e-02 1.1786790040e-08 
5.0456418167e-02 1.0571121165e-08 
4.8235235952e-02 9.2611295278e-09 
4.6902526623e-02 8.5467357117e-09 
4.5303275428e-02 7.7547248610e-09 
4.3384173995e-02 6.8911330820e-09 
4.2232713134e-02 6.4150287563e-09 
4.0850960102e-02 5.8823124806e-09 
3.9192856463e-02 5.2948014852e-09 
3.7203132097e-02 4.6580863924e-09 
3.6009297477e-02 4.3088887254e-09 
3.4576695933e-02 3.9197832112e-09 
3.2857574081e-02 3.4927005664e-09 
3.1826100969e-02 3.2557714120e-09 
3.0588333235e-02 2.9892286821e-09 
2.9103011955e-02 2.6932525495e-09 
2.8211819186e-02 2.5273525115e-09 
2.7142387864e-02 2.3391108472e-09 
2.5859070278e-02 2.1279098905e-09 
2.4319089174e-02 1.8941215021e-09 
2.3395100512e-02 1.7634287514e-09 
2.2286314117e-02 1.6154607887e-09 
2.0955770443e-02 1.4498685847e-09 
1.9359118035e-02 1.2671159366e-09 
1.8401126590e-02 1.1652218753e-09 
1.7251536856e-02 1.0500987313e-09 
1.5872029175e-02 9.2157700196e-10 
1.4216619958e-02 7.8014289393e-10 
1.2230128898e-02 6.2714512110e-10 
9.8463396251e-03 4.6498900627e-10 
6.9857924981e-03 2.9726810446e-10 
3.5531359456e-03 1.2876081117e-10 
0.0000000000e+00 -1.4456758880e-11 
