EXPORTED XY-GRAPH DATA
348 2 2
V[1]
I[ASPLIT_drain]
0.0000000000e+00 1.0245306612e-18 
0.0000000000e+00 -5.2304631538e-19 
0.0000000000e+00 -1.1077083237e-20 
0.0000000000e+00 -1.3314082403e-19 
0.0000000000e+00 -1.1327126875e-19 
0.0000000000e+00 -9.4358881775e-20 
0.0000000000e+00 -8.5766426009e-20 
0.0000000000e+00 5.8337689373e-20 
0.0000000000e+00 -2.1289600696e-21 
0.0000000000e+00 -4.1963077655e-21 
0.0000000000e+00 -3.7617999300e-20 
0.0000000000e+00 -3.2779786808e-20 
0.0000000000e+00 7.2523334747e-22 
0.0000000000e+00 1.9817127706e-20 
0.0000000000e+00 9.9658240925e-22 
0.0000000000e+00 1.0762195202e-23 
0.0000000000e+00 -1.2541589307e-20 
0.0000000000e+00 -1.1297451534e-20 
0.0000000000e+00 7.8132784402e-21 
0.0000000000e+00 -7.4058930357e-21 
0.0000000000e+00 -4.4091226255e-22 
0.0000000000e+00 -2.2439797993e-22 
0.0000000000e+00 6.3868526490e-23 
0.0000000000e+00 3.3368678172e-21 
0.0000000000e+00 7.5434033451e-24 
0.0000000000e+00 -2.5990951864e-21 
0.0000000000e+00 1.7680570987e-21 
0.0000000000e+00 -1.4744098719e-21 
0.0000000000e+00 1.1387331631e-22 
0.0000000000e+00 3.3327464624e-23 
0.0000000000e+00 -8.7826237579e-22 
0.0000000000e+00 2.2543641272e-23 
0.0000000000e+00 -1.2718781747e-22 
0.0000000000e+00 2.2213286362e-22 
0.0000000000e+00 1.2063793607e-23 
0.0000000000e+00 4.1136542938e-22 
0.0000000000e+00 -2.3546008713e-22 
0.0000000000e+00 9.2716369071e-23 
0.0000000000e+00 -1.1130946623e-22 
0.0000000000e+00 1.2085206781e-22 
0.0000000000e+00 -2.2461129529e-22 
0.0000000000e+00 1.2519590580e-23 
0.0000000000e+00 2.0492253093e-22 
0.0000000000e+00 2.4258117324e-24 
0.0000000000e+00 -7.6414220166e-11 
0.0000000000e+00 -5.0554406822e-11 
0.0000000000e+00 -5.1027445629e-11 
0.0000000000e+00 -5.1650272789e-11 
0.0000000000e+00 -5.2473151560e-11 
0.0000000000e+00 -5.3569448515e-11 
0.0000000000e+00 -5.5053171015e-11 
0.0000000000e+00 -5.6611313580e-11 
0.0000000000e+00 2.8577221639e-11 
0.0000000000e+00 -1.4936455411e-13 
0.0000000000e+00 2.4442672913e-14 
0.0000000000e+00 5.0635825626e-14 
0.0000000000e+00 2.8924632743e-14 
0.0000000000e+00 8.3358167994e-15 
0.0000000000e+00 -1.9045045308e-16 
0.0000000000e+00 -1.3380822505e-15 
0.0000000000e+00 -5.9890584701e-16 
0.0000000000e+00 -1.3059946075e-16 
0.0000000000e+00 -4.2577638098e-17 
0.0000000000e+00 -6.1434677505e-17 
0.0000000000e+00 -7.4311869130e-17 
0.0000000000e+00 -7.5973802967e-17 
0.0000000000e+00 -7.5495046156e-17 
0.0000000000e+00 -7.5325606628e-17 
0.0000000000e+00 -7.5326910325e-17 
0.0000000000e+00 -7.5338752031e-17 
0.0000000000e+00 -7.5346125600e-17 
0.0000000000e+00 -7.5353929668e-17 
0.0000000000e+00 -7.5363395659e-17 
0.0000000000e+00 -7.5374778735e-17 
0.0000000000e+00 -7.5388411219e-17 
0.0000000000e+00 -7.5404750514e-17 
0.0000000000e+00 -7.5424314780e-17 
0.0000000000e+00 -7.5437549166e-17 
1.5350139761e-01 8.8719025786e-12 
2.2832668985e-01 5.5357042521e-12 
2.6255557151e-01 5.4992542209e-12 
2.9783547007e-01 5.4626064604e-12 
3.4017134834e-01 5.4205510500e-12 
3.9097440226e-01 5.3738353835e-12 
4.5021459004e-01 5.3243209045e-12 
5.0750794626e-01 5.2813445932e-12 
5.6644547950e-01 5.2413037210e-12 
6.2533015868e-01 5.2051836733e-12 
6.8581128109e-01 5.1718482633e-12 
7.5106281810e-01 5.1399668071e-12 
8.1562099391e-01 5.1127643825e-12 
8.7991958600e-01 5.0901032610e-12 
9.4965533480e-01 5.0708061147e-12 
1.0194933280e+00 5.0580355445e-12 
1.0880648947e+00 5.0547019504e-12 
1.1622430342e+00 5.0671229243e-12 
1.2375916267e+00 5.1172415985e-12 
1.3111783987e+00 5.2371969691e-12 
1.3895219868e+00 5.4294681616e-12 
1.4721957991e+00 5.6370216841e-12 
1.5129614141e+00 5.7296907904e-12 
1.5618801520e+00 5.8482552766e-12 
1.6205826375e+00 6.0071018916e-12 
1.6910256201e+00 6.2314620119e-12 
1.7755571993e+00 6.5764313465e-12 
1.8769950942e+00 7.1723185649e-12 
1.9260552806e+00 7.5714373460e-12 
1.9849275043e+00 8.2065718039e-12 
2.0555741727e+00 9.3442892519e-12 
2.0979621738e+00 1.0361809222e-11 
2.1488277751e+00 1.2223679169e-11 
2.2098664966e+00 1.6754597611e-11 
2.2464897295e+00 2.3000389203e-11 
2.2684636692e+00 3.0629878686e-11 
2.2816480331e+00 3.8793420389e-11 
2.2974692697e+00 5.9807239508e-11 
2.3069620117e+00 9.2076818263e-11 
2.3126576568e+00 1.3762134756e-10 
2.3160750439e+00 1.9553390500e-10 
2.3181254762e+00 2.6045242889e-10 
2.3205859949e+00 4.4802689394e-10 
2.3218775643e+00 7.2495538633e-10 
2.3226126167e+00 1.0996526265e-09 
2.3230536481e+00 1.5700172984e-09 
2.3235828859e+00 3.6385264805e-09 
2.3237873830e+00 7.0749443378e-09 
2.3238860192e+00 1.1778259024e-08 
2.3239452009e+00 1.8375263667e-08 
2.3239807099e+00 2.6335519524e-08 
2.3240233207e+00 5.1563779839e-08 
2.3240418852e+00 7.7512573573e-08 
2.3240641625e+00 1.5715129147e-07 
2.3240844250e+00 4.8925878507e-07 
2.3240982828e+00 1.5320319886e-06 
2.3241087134e+00 4.4150695271e-06 
2.3241170054e+00 1.2193302474e-05 
2.3241236233e+00 3.1985282997e-05 
2.3241290512e+00 7.7212093032e-05 
2.3241338067e+00 1.6606201425e-04 
2.3241385023e+00 3.1727919725e-04 
2.3241437499e+00 5.3722806383e-04 
2.3241489284e+00 7.5582620666e-04 
2.3241538876e+00 9.3174669444e-04 
2.3241578488e+00 1.0399049867e-03 
2.3241625040e+00 1.1307893772e-03 
2.3241680903e+00 1.1992852745e-03 
2.3241731966e+00 1.2348495144e-03 
2.3241793242e+00 1.2574210204e-03 
2.3241866773e+00 1.2694536413e-03 
2.3241955010e+00 1.2743316724e-03 
2.3242060894e+00 1.2753559754e-03 
2.3242187956e+00 1.2749585671e-03 
2.3242340430e+00 1.2744407696e-03 
2.3242523398e+00 1.2742057547e-03 
2.3242742960e+00 1.2742055810e-03 
2.3243006435e+00 1.2743028023e-03 
2.3243322605e+00 1.2744222556e-03 
2.3243702008e+00 1.2745513368e-03 
2.3244157292e+00 1.2746996082e-03 
2.3244703633e+00 1.2748764948e-03 
2.3245359242e+00 1.2750886155e-03 
2.3246145974e+00 1.2753424368e-03 
2.3247090051e+00 1.2756456553e-03 
2.3248222944e+00 1.2760074024e-03 
2.3249582415e+00 1.2764381857e-03 
2.3251213780e+00 1.2769500753e-03 
2.3253171419e+00 1.2775564212e-03 
2.3255520585e+00 1.2782717617e-03 
2.3258339585e+00 1.2791110786e-03 
2.3261722385e+00 1.2800887950e-03 
2.3265781744e+00 1.2812174949e-03 
2.3270652976e+00 1.2825066937e-03 
2.3276498453e+00 1.2839632861e-03 
2.3283513027e+00 1.2855943142e-03 
2.3291930514e+00 1.2874133006e-03 
2.3302031500e+00 1.2894491904e-03 
2.3314152682e+00 1.2917544283e-03 
2.3328698101e+00 1.2944085085e-03 
2.3346152604e+00 1.2975163323e-03 
2.3367098008e+00 1.3012039780e-03 
2.3392232492e+00 1.3056153121e-03 
2.3422393873e+00 1.3109126361e-03 
2.3458587530e+00 1.3172822448e-03 
2.3502019919e+00 1.3249438652e-03 
2.3554138785e+00 1.3341616288e-03 
2.3616681425e+00 1.3452555805e-03 
2.3691732592e+00 1.3586146520e-03 
2.3781793993e+00 1.3747116862e-03 
2.3889867674e+00 1.3941222177e-03 
2.4019556092e+00 1.4175480818e-03 
2.4175182193e+00 1.4458480936e-03 
2.4361933514e+00 1.4800737628e-03 
2.4586035099e+00 1.5215174976e-03 
2.4854957001e+00 1.5717700746e-03 
2.5000000000e+00 1.5991024948e-03 
2.5000000000e+00 1.5991735582e-03 
2.5000000000e+00 1.5991647706e-03 
2.5000000000e+00 1.5991591707e-03 
2.5000000000e+00 1.5991583467e-03 
2.5000000000e+00 1.5991585068e-03 
2.5000000000e+00 1.5991585680e-03 
2.5000000000e+00 1.5991585694e-03 
2.5000000000e+00 1.5991585677e-03 
2.4697640484e+00 1.5424334022e-03 
2.4348150165e+00 1.4776424612e-03 
2.4037658957e+00 1.4209237463e-03 
2.3665069507e+00 1.3539506283e-03 
2.3217962167e+00 1.2752264395e-03 
2.2681433359e+00 1.1832699979e-03 
2.2037598789e+00 1.0768063380e-03 
2.1286718704e+00 9.5843841806e-04 
2.0585667905e+00 8.5403302875e-04 
1.9927365939e+00 7.6177128269e-04 
1.9265842197e+00 6.7504962933e-04 
1.8585710544e+00 5.9244031408e-04 
1.7891951661e+00 5.1525635081e-04 
1.7183459823e+00 4.4394063725e-04 
1.6449854854e+00 3.7805818984e-04 
1.5672009678e+00 3.1679585419e-04 
1.4828955884e+00 2.5981565652e-04 
1.3910780396e+00 2.0789688293e-04 
1.2915208792e+00 1.6203053961e-04 
1.1847373333e+00 1.2287748445e-04 
1.0737365268e+00 9.0991419135e-05 
9.6560921834e-01 6.6690837521e-05 
8.7051845134e-01 4.9598480014e-05 
7.9505546399e-01 3.8313164741e-05 
7.4355767822e-01 3.1590000432e-05 
6.9992064249e-01 2.6449704067e-05 
6.5228484797e-01 2.1377215616e-05 
6.0138395974e-01 1.6540616773e-05 
5.5179121822e-01 1.2385554329e-05 
5.0368872333e-01 8.8746439659e-06 
4.5517304920e-01 5.8645076700e-06 
4.0478602665e-01 3.3451703256e-06 
3.7778378368e-01 2.2754001859e-06 
3.6158243790e-01 1.7357949932e-06 
3.4214082296e-01 1.1948118659e-06 
3.3047585400e-01 9.2682129455e-07 
3.1647789124e-01 6.5930272478e-07 
2.9968033594e-01 4.1413330876e-07 
2.8960180275e-01 3.0412529455e-07 
2.7750756293e-01 2.0399369786e-07 
2.7025101904e-01 1.5830215923e-07 
2.6154316637e-01 1.1531167285e-07 
2.5109374317e-01 7.7668555237e-08 
2.4482408924e-01 6.0972143223e-08 
2.3730050453e-01 4.5480075289e-08 
2.3278635371e-01 3.8139434279e-08 
2.2736937272e-01 3.0898208989e-08 
2.2086899553e-01 2.4051225073e-08 
2.1696876922e-01 2.0734786447e-08 
2.1228849765e-01 1.7393620447e-08 
2.0667217176e-01 1.4141362820e-08 
2.0330237622e-01 1.2519250755e-08 
1.9925862158e-01 1.0843169092e-08 
1.9440611601e-01 9.1590512211e-09 
1.9149461267e-01 8.2938794151e-09 
1.8800080866e-01 7.3779392591e-09 
1.8380824385e-01 6.4302684289e-09 
1.8129270496e-01 5.9304620900e-09 
1.7827405830e-01 5.3900068961e-09 
1.7646287030e-01 5.0937907504e-09 
1.7428944470e-01 4.7635200524e-09 
1.7168133399e-01 4.4002286957e-09 
1.7011646755e-01 4.1981439574e-09 
1.6823862784e-01 3.9701235588e-09 
1.6598522018e-01 3.7157794920e-09 
1.6463317558e-01 3.5725656311e-09 
1.6301072207e-01 3.4093754704e-09 
1.6106377785e-01 3.2252274741e-09 
1.5872744479e-01 3.0198117084e-09 
1.5732564495e-01 2.9041366484e-09 
1.5564348514e-01 2.7723076580e-09 
1.5362489338e-01 2.6235211885e-09 
1.5241373832e-01 2.5388796405e-09 
1.5096035225e-01 2.4416308368e-09 
1.4921628896e-01 2.3307986775e-09 
1.4816985099e-01 2.2672173749e-09 
1.4691412542e-01 2.1936653148e-09 
1.4540725475e-01 2.1091688731e-09 
1.4450313234e-01 2.0603576407e-09 
1.4341818545e-01 2.0035723629e-09 
1.4211624918e-01 1.9379110740e-09 
1.4055392566e-01 1.8624986761e-09 
1.3961653155e-01 1.8189492471e-09 
1.3849165862e-01 1.7682984989e-09 
1.3714181110e-01 1.7097381932e-09 
1.3552199407e-01 1.6425124849e-09 
1.3455010386e-01 1.6037009081e-09 
1.3338383560e-01 1.5585767549e-09 
1.3198431369e-01 1.5064091802e-09 
1.3030488740e-01 1.4465387892e-09 
1.2929723162e-01 1.4119818168e-09 
1.2808804469e-01 1.3718015955e-09 
1.2663702038e-01 1.3253666937e-09 
1.2489579120e-01 1.2720834001e-09 
1.2385105369e-01 1.2413456166e-09 
1.2259736868e-01 1.2055924663e-09 
1.2109294667e-01 1.1642814317e-09 
1.1928764026e-01 1.1168810704e-09 
1.1820445641e-01 1.0895259219e-09 
1.1690463579e-01 1.0577252503e-09 
1.1534485105e-01 1.0209782453e-09 
1.1347310936e-01 9.7881524383e-10 
1.1235006435e-01 9.5448206471e-10 
1.1100241033e-01 9.2619320929e-10 
1.0938522551e-01 8.9350162091e-10 
1.0744460373e-01 8.5598681445e-10 
1.0628023066e-01 8.3433307934e-10 
1.0488298297e-01 8.0915565107e-10 
1.0320628575e-01 7.8005391369e-10 
1.0119424909e-01 7.4664917367e-10 
9.9987027089e-02 7.2736235578e-10 
9.8538360691e-02 7.0493112652e-10 
9.6799961012e-02 6.7899453367e-10 
9.4713881398e-02 6.4920885030e-10 
9.3462233629e-02 6.3200369217e-10 
9.1960256307e-02 6.1198519912e-10 
9.0157883521e-02 5.8882584420e-10 
8.7995036177e-02 5.6221050014e-10 
8.5399619364e-02 5.3185777976e-10 
8.3842369276e-02 5.1442689890e-10 
8.1973669171e-02 4.9423740163e-10 
7.9731229045e-02 4.7099967681e-10 
7.7040300893e-02 4.4444666493e-10 
7.5425744003e-02 4.2916944916e-10 
7.3488275734e-02 4.1144586547e-10 
7.1163313811e-02 3.9100426560e-10 
6.8373359503e-02 3.6758419937e-10 
6.6699386919e-02 3.5407641076e-10 
6.4690619817e-02 3.3837173675e-10 
6.2280099296e-02 3.2020921153e-10 
5.9387474670e-02 2.9932772517e-10 
5.5916325119e-02 2.7547345096e-10 
5.3833635388e-02 2.6175204294e-10 
5.1334407711e-02 2.4579315189e-10 
4.8335334499e-02 2.2734963713e-10 
4.4736446645e-02 2.0613038495e-10 
4.0417781219e-02 1.8183446596e-10 
3.7826581964e-02 1.6780155554e-10 
3.4717142857e-02 1.5144138842e-10 
3.0985815930e-02 1.3241084310e-10 
2.6508223616e-02 1.1037078200e-10 
2.1135112841e-02 8.4847985434e-11 
1.4687379910e-02 5.5303502696e-11 
6.9501003924e-03 2.1042511169e-11 
0.0000000000e+00 -8.8873056852e-12 
