EXPORTED XY-GRAPH DATA
175 2 2
V[1]
I[ASPLIT_drain]
0.0000000000e+00 -3.0032699844e-22 
0.0000000000e+00 -1.6352450480e-21 
0.0000000000e+00 -1.4958129902e-20 
0.0000000000e+00 -1.4655817580e-19 
0.0000000000e+00 -1.1607745404e-19 
0.0000000000e+00 -1.0325503643e-19 
0.0000000000e+00 -7.8294755534e-20 
0.0000000000e+00 5.9032645281e-20 
0.0000000000e+00 -5.3615852910e-21 
0.0000000000e+00 1.2300324508e-21 
0.0000000000e+00 -3.8410803132e-20 
0.0000000000e+00 -3.2790876593e-20 
0.0000000000e+00 -2.1472983922e-23 
0.0000000000e+00 2.0119473277e-20 
0.0000000000e+00 4.4788149182e-22 
0.0000000000e+00 7.4821939686e-22 
0.0000000000e+00 -1.3674498942e-20 
0.0000000000e+00 -1.0441394877e-20 
0.0000000000e+00 7.5612748572e-21 
0.0000000000e+00 -7.1545485887e-21 
0.0000000000e+00 1.4948174825e-22 
0.0000000000e+00 2.0126902383e-22 
0.0000000000e+00 8.7581232100e-23 
0.0000000000e+00 3.1026529995e-21 
0.0000000000e+00 -1.1455321028e-23 
0.0000000000e+00 -2.4506333116e-21 
0.0000000000e+00 1.8646074828e-21 
0.0000000000e+00 -1.7129516111e-21 
0.0000000000e+00 2.2505113582e-23 
0.0000000000e+00 4.7723709167e-23 
0.0000000000e+00 -9.8772207287e-22 
0.0000000000e+00 7.9532874955e-24 
0.0000000000e+00 9.1284979883e-23 
0.0000000000e+00 4.3936770469e-24 
0.0000000000e+00 -1.8831089461e-23 
0.0000000000e+00 3.9437543646e-22 
0.0000000000e+00 -3.1720340818e-22 
0.0000000000e+00 2.9455599378e-23 
0.0000000000e+00 -2.2478349357e-22 
0.0000000000e+00 8.7301558091e-23 
0.0000000000e+00 -1.6198168066e-22 
0.0000000000e+00 1.2278595069e-23 
0.0000000000e+00 9.6690285446e-23 
0.0000000000e+00 -1.8567139372e-22 
0.0000000000e+00 -7.5749823536e-11 
0.0000000000e+00 -4.9533277970e-11 
0.0000000000e+00 -4.9776302069e-11 
0.0000000000e+00 -5.0090195222e-11 
0.0000000000e+00 -5.0543631581e-11 
0.0000000000e+00 -5.1258107338e-11 
0.0000000000e+00 -5.2535209359e-11 
0.0000000000e+00 -5.4661734708e-11 
0.0000000000e+00 -5.7879215054e-11 
0.0000000000e+00 -6.2857374239e-11 
0.0000000000e+00 -7.1063860120e-11 
0.0000000000e+00 -8.4828402986e-11 
0.0000000000e+00 -1.0697388230e-10 
0.0000000000e+00 -1.3211120491e-10 
0.0000000000e+00 6.6129435728e-11 
0.0000000000e+00 5.9855710588e-15 
0.0000000000e+00 -1.2360257874e-14 
0.0000000000e+00 -6.0263522942e-15 
0.0000000000e+00 -3.8012196507e-15 
0.0000000000e+00 -2.0903075771e-15 
0.0000000000e+00 -9.4630863362e-16 
0.0000000000e+00 -3.0151669795e-16 
0.0000000000e+00 -1.7351608200e-17 
0.0000000000e+00 5.8370821907e-17 
0.0000000000e+00 -6.4355308936e-17 
0.0000000000e+00 1.4783353467e-17 
0.0000000000e+00 1.0502656529e-19 
0.0000000000e+00 1.9954490534e-20 
0.0000000000e+00 4.4249422414e-21 
0.0000000000e+00 9.4641917044e-22 
0.0000000000e+00 2.9669090402e-22 
0.0000000000e+00 2.5275066292e-22 
0.0000000000e+00 8.6585233610e-24 
0.0000000000e+00 6.6542637744e-24 
0.0000000000e+00 3.1207310520e-24 
0.0000000000e+00 1.0811057428e-23 
0.0000000000e+00 3.6018035803e-23 
0.0000000000e+00 -1.2449533200e-23 
0.0000000000e+00 7.9276283703e-25 
0.0000000000e+00 4.2326555636e-24 
0.0000000000e+00 5.3370098368e-23 
0.0000000000e+00 9.1286814239e-24 
0.0000000000e+00 1.9552656217e-23 
0.0000000000e+00 2.1494730287e-23 
0.0000000000e+00 1.8925635396e-23 
0.0000000000e+00 1.3923646439e-23 
0.0000000000e+00 4.9911332486e-23 
0.0000000000e+00 4.3453377366e-23 
0.0000000000e+00 2.4427491406e-23 
8.5761353514e-02 4.5697030018e-07 
1.3256089434e-01 6.6557980829e-07 
1.5881416252e-01 7.3917087285e-07 
1.8109648098e-01 7.9393453405e-07 
2.0783526313e-01 8.5892274109e-07 
2.3992180172e-01 9.3987026915e-07 
2.7412891512e-01 1.0329003930e-06 
3.1144601105e-01 1.1453679550e-06 
3.5433149311e-01 1.2929219746e-06 
4.0411715782e-01 1.4964626493e-06 
4.6176797775e-01 1.7916492744e-06 
5.2867793777e-01 2.2498407390e-06 
6.0593059898e-01 3.0105020190e-06 
6.9338686808e-01 4.3292700993e-06 
7.8713722243e-01 6.5653114656e-06 
8.8350609819e-01 1.0216275482e-05 
9.8158955946e-01 1.6142795128e-05 
1.0816340709e+00 2.5639022383e-05 
1.1865181229e+00 4.0775383025e-05 
1.3009743873e+00 6.5844130518e-05 
1.4267542562e+00 1.1013888553e-04 
1.5599151660e+00 1.9469016903e-04 
1.6925343936e+00 3.5510265350e-04 
1.8183894193e+00 5.9715676709e-04 
1.9419639617e+00 8.7979654478e-04 
2.0031754193e+00 1.0252640592e-03 
2.0766291685e+00 1.2015591236e-03 
2.1427759598e+00 1.3610936106e-03 
2.2059534309e+00 1.5138726230e-03 
2.2740492171e+00 1.6788747177e-03 
2.3487839948e+00 1.8603150898e-03 
2.4287830753e+00 2.0549286524e-03 
2.5000000000e+00 2.2285497221e-03 
2.5000000000e+00 2.2286339862e-03 
2.5000000000e+00 2.2286083272e-03 
2.5000000000e+00 2.2286068184e-03 
2.5000000000e+00 2.2286070127e-03 
2.4360783341e+00 2.0728353031e-03 
2.3927081552e+00 1.9672174639e-03 
2.3624381845e+00 1.8935984784e-03 
2.3261142198e+00 1.8053382761e-03 
2.2825254621e+00 1.6995314584e-03 
2.2302189528e+00 1.5727352730e-03 
2.1751567448e+00 1.4394621298e-03 
2.1231826991e+00 1.3138988170e-03 
2.0720858800e+00 1.1907457990e-03 
2.0182521163e+00 1.0614759850e-03 
1.9604057406e+00 9.2356210552e-04 
1.8984419249e+00 7.7806056790e-04 
1.8310781198e+00 6.2513702458e-04 
1.7548136772e+00 4.6588049767e-04 
1.6675681283e+00 3.1739494993e-04 
1.5862223008e+00 2.1930507608e-04 
1.5172658810e+00 1.6191069367e-04 
1.4577726691e+00 1.2565208181e-04 
1.4003370606e+00 9.9089635595e-05 
1.3389636771e+00 7.7153038347e-05 
1.2751971224e+00 5.9424237070e-05 
1.2098474611e+00 4.5212358632e-05 
1.1435855082e+00 3.3951414216e-05 
1.0774158851e+00 2.5235587505e-05 
1.0126686706e+00 1.8713136386e-05 
9.5032815893e-01 1.3975948912e-05 
8.9067760877e-01 1.0581396543e-05 
8.3339909599e-01 8.1252963210e-06 
7.7928794742e-01 6.3518585378e-06 
7.3711625786e-01 5.2593333036e-06 
7.0175049552e-01 4.5035226117e-06 
6.6603926084e-01 3.8654325630e-06 
6.2868156375e-01 3.3115514744e-06 
5.9153662300e-01 2.8570631466e-06 
5.5508052613e-01 2.4880702992e-06 
5.1832712333e-01 2.1793015932e-06 
4.7974285892e-01 1.9103315145e-06 
4.3669153137e-01 1.6629149925e-06 
3.8502993832e-01 1.4217956162e-06 
3.2303602666e-01 1.1904688418e-06 
2.4864333266e-01 9.6951593611e-07 
1.6555959633e-01 7.6214907054e-07 
8.7712882373e-02 5.0239091467e-07 
2.6524078097e-02 1.1202452328e-07 
0.0000000000e+00 -1.3722449234e-11 
