EXPORTED XY-GRAPH DATA
244 2 2
V[2]
I[ASPLIT_drain]
0.0000000000e+00 -3.0032699844e-22 
0.0000000000e+00 -1.6352450480e-21 
0.0000000000e+00 -1.4958129902e-20 
0.0000000000e+00 -1.4655817580e-19 
0.0000000000e+00 -1.1607745404e-19 
0.0000000000e+00 -1.0325503643e-19 
0.0000000000e+00 -7.8294755534e-20 
0.0000000000e+00 5.9032645281e-20 
0.0000000000e+00 -5.3615852910e-21 
0.0000000000e+00 1.2300324508e-21 
0.0000000000e+00 -3.8410803132e-20 
0.0000000000e+00 -3.2790876593e-20 
0.0000000000e+00 -2.1472983922e-23 
0.0000000000e+00 2.0119473277e-20 
0.0000000000e+00 4.4788149182e-22 
0.0000000000e+00 7.4821939686e-22 
0.0000000000e+00 -1.3674498942e-20 
0.0000000000e+00 -1.0441394877e-20 
0.0000000000e+00 7.5612748572e-21 
0.0000000000e+00 -7.1545485887e-21 
0.0000000000e+00 1.4948174825e-22 
0.0000000000e+00 2.0126902383e-22 
0.0000000000e+00 8.7581232100e-23 
0.0000000000e+00 3.1026529995e-21 
0.0000000000e+00 -1.1455321028e-23 
0.0000000000e+00 -2.4506333116e-21 
0.0000000000e+00 1.8646074828e-21 
0.0000000000e+00 -1.7129516111e-21 
0.0000000000e+00 2.2505113582e-23 
0.0000000000e+00 4.7723709167e-23 
0.0000000000e+00 -9.8772207287e-22 
0.0000000000e+00 7.9532874955e-24 
0.0000000000e+00 9.1284979883e-23 
0.0000000000e+00 4.3936770469e-24 
0.0000000000e+00 -1.8831089461e-23 
0.0000000000e+00 3.9437543646e-22 
0.0000000000e+00 -3.1720340818e-22 
0.0000000000e+00 2.9455599378e-23 
0.0000000000e+00 -2.2478349357e-22 
0.0000000000e+00 8.7301558091e-23 
0.0000000000e+00 -1.6198168066e-22 
0.0000000000e+00 1.2278595069e-23 
0.0000000000e+00 9.6690285446e-23 
0.0000000000e+00 -1.8567139372e-22 
-1.4212447106e-01 1.3851264547e-10 
-2.2058456387e-01 9.0932935480e-11 
-2.6450651621e-01 9.3208965371e-11 
-3.1721285902e-01 9.5993368040e-11 
-3.8046047039e-01 9.8839378838e-11 
-4.5635760404e-01 1.0120520506e-10 
-5.3734573607e-01 1.0276896086e-10 
-5.7753821180e-01 1.0332290291e-10 
-6.2576918268e-01 1.0387602192e-10 
-6.8364634774e-01 1.0444180048e-10 
-7.5309894581e-01 1.0504459502e-10 
-8.3644206349e-01 1.0571767747e-10 
-9.3645380471e-01 1.0649957088e-10 
-1.0000000000e+00 1.0699462699e-10 
-1.0000000000e+00 -2.8687302518e-11 
-1.0000000000e+00 1.8826971769e-11 
-1.0000000000e+00 1.8564923555e-11 
-1.0000000000e+00 1.8219295836e-11 
-1.0000000000e+00 1.7698353278e-11 
-1.0000000000e+00 1.6700494810e-11 
-1.0000000000e+00 1.4289620485e-11 
-1.0000000000e+00 9.0087966918e-12 
-1.0000000000e+00 2.6137003173e-12 
-1.0000000000e+00 -5.4007431743e-13 
-1.0000000000e+00 -7.5536050000e-13 
-1.0000000000e+00 -2.8506537720e-13 
-1.0000000000e+00 -2.7135206573e-14 
-1.0000000000e+00 2.1464612008e-14 
-1.0000000000e+00 9.6939475882e-15 
-1.0000000000e+00 9.5396446769e-16 
-1.0000000000e+00 -4.5605353463e-16 
-1.0000000000e+00 -1.3824740671e-16 
-1.0000000000e+00 1.7186954051e-17 
-1.0000000000e+00 2.7012426804e-17 
-1.0000000000e+00 2.1258390601e-17 
-1.0000000000e+00 2.0153695206e-17 
-1.0000000000e+00 2.0230010232e-17 
-1.0000000000e+00 2.0264965265e-17 
-1.0000000000e+00 2.0262313634e-17 
-1.0000000000e+00 2.0263899182e-17 
-1.0000000000e+00 2.0258390473e-17 
-1.0000000000e+00 2.0256082692e-17 
-1.0000000000e+00 2.0248893156e-17 
-9.7119928853e-01 -7.2547634725e-12 
-9.3663843477e-01 -5.3714843012e-12 
-8.9516541026e-01 -5.1261296028e-12 
-8.4539778085e-01 -5.0523356518e-12 
-7.8567662556e-01 -5.0185707417e-12 
-7.1401123920e-01 -4.9669111308e-12 
-6.2801277557e-01 -4.8850254054e-12 
-5.2481461922e-01 -4.7512491675e-12 
-4.2764692084e-01 -4.5573116667e-12 
-3.4719293398e-01 -4.2887581799e-12 
-2.7790002588e-01 -3.9179530692e-12 
-2.1658327302e-01 -3.5152453764e-12 
-1.6415563045e-01 -3.2901276260e-12 
-1.2334899381e-01 -3.2460170788e-12 
-9.0622499307e-02 -3.2402490376e-12 
-5.9031616282e-02 -3.2372703570e-12 
-2.5986680717e-02 -3.2384516297e-12 
7.2971737154e-03 -3.2431424112e-12 
3.9969803854e-02 -3.2494596789e-12 
7.2552023959e-02 -3.2558937847e-12 
1.0569816484e-01 -3.2596217730e-12 
1.3992277528e-01 -3.2513386222e-12 
1.7629293903e-01 -3.1955227103e-12 
2.1726985487e-01 -2.9209641717e-12 
2.6644215387e-01 -1.3075277276e-12 
3.2544891268e-01 1.1181636418e-11 
3.8876259700e-01 1.1650890812e-10 
4.3635114636e-01 5.8670737707e-10 
4.7002192589e-01 1.8583933287e-09 
4.9658157608e-01 4.7723008145e-09 
5.1912463057e-01 1.1199091531e-08 
5.3867021570e-01 2.5007145332e-08 
5.5592944647e-01 5.3100124050e-08 
5.7182208758e-01 1.0304824236e-07 
5.8769723782e-01 1.7624806267e-07 
6.0674741812e-01 2.7674013143e-07 
6.2718329703e-01 3.8792803847e-07 
6.5170635172e-01 5.2771491203e-07 
6.8113401736e-01 7.0595712864e-07 
7.1644721612e-01 9.2979572158e-07 
7.5882305463e-01 1.2057354864e-06 
8.0283570197e-01 1.4960963959e-06 
8.4618807783e-01 1.7837953371e-06 
8.8911498650e-01 2.0708994367e-06 
9.3188961485e-01 2.3636981964e-06 
9.7523377150e-01 2.6786479336e-06 
1.0210676000e+00 3.0520152509e-06 
1.0738764436e+00 3.5574041107e-06 
1.1372470559e+00 4.2750712276e-06 
1.2132917907e+00 5.2599555354e-06 
1.3045454724e+00 6.5465159773e-06 
1.4140498905e+00 8.1511459655e-06 
1.4797525414e+00 9.1219438224e-06 
1.5585957224e+00 1.0275740395e-05 
1.6532075397e+00 1.1629871701e-05 
1.7099746300e+00 1.2423455852e-05 
1.7780951384e+00 1.3354433385e-05 
1.8598397485e+00 1.4438967969e-05 
1.9579332806e+00 1.5692070686e-05 
2.0756455191e+00 1.7125751290e-05 
2.1462728623e+00 1.7949854724e-05 
2.2310256740e+00 1.8903534329e-05 
2.3327290481e+00 1.9998439452e-05 
2.4547730970e+00 2.1244151978e-05 
2.6012259557e+00 2.2647348832e-05 
2.7769693861e+00 2.4210985136e-05 
2.8824154444e+00 2.5091911809e-05 
3.0000000000e+00 2.6027789115e-05 
3.0000000000e+00 2.6764989127e-05 
3.0000000000e+00 2.7317712804e-05 
3.0000000000e+00 2.7833475451e-05 
3.0000000000e+00 2.7859732289e-05 
2.9897455501e+00 2.7863546711e-05 
2.9774402102e+00 2.7855578331e-05 
2.9626738023e+00 2.7823221185e-05 
2.9449541128e+00 2.7750104295e-05 
2.9236904855e+00 2.7622475644e-05 
2.8981741327e+00 2.7434535435e-05 
2.8675545093e+00 2.7185922476e-05 
2.8308109613e+00 2.6874812201e-05 
2.7867187036e+00 2.6493150176e-05 
2.7338079944e+00 2.6025414816e-05 
2.6703151433e+00 2.5448843042e-05 
2.5941237221e+00 2.4732870351e-05 
2.5026940166e+00 2.3836637245e-05 
2.3929783700e+00 2.2704163117e-05 
2.2613195941e+00 2.1256629811e-05 
2.1823243286e+00 2.0338368720e-05 
2.0875300099e+00 1.9184359949e-05 
1.9737768275e+00 1.7721520279e-05 
1.9055249181e+00 1.6801901158e-05 
1.8236226267e+00 1.5656517243e-05 
1.7253398772e+00 1.4221931452e-05 
1.6663702274e+00 1.3329954903e-05 
1.5956066477e+00 1.2229663194e-05 
1.5106903521e+00 1.0868581434e-05 
1.4597405747e+00 1.0032324741e-05 
1.3986008418e+00 9.0128019973e-06 
1.3252331624e+00 7.7736412111e-06 
1.2371919471e+00 6.2854800617e-06 
1.1315424887e+00 4.5751369774e-06 
1.0047631386e+00 2.9545614385e-06 
9.5168603794e-01 2.5076268186e-06 
9.2623081224e-01 2.3253862683e-06 
9.0881198321e-01 2.2051725368e-06 
8.9306028420e-01 2.0980484055e-06 
8.7415824540e-01 1.9708558532e-06 
8.5147579883e-01 1.8193989534e-06 
8.3044342314e-01 1.6795975505e-06 
8.1088273300e-01 1.5499298354e-06 
7.9099497550e-01 1.4184174983e-06 
7.7032312705e-01 1.2821718537e-06 
7.4918897600e-01 1.1436005402e-06 
7.2773532560e-01 1.0040952320e-06 
7.0561678126e-01 8.6215300044e-07 
6.8192753753e-01 7.1338735377e-07 
6.5454128261e-01 5.4797966328e-07 
6.2167777670e-01 3.6488790865e-07 
5.8224156961e-01 1.8414966929e-07 
5.4313213274e-01 7.0634591325e-08 
5.1465418294e-01 3.0062780182e-08 
4.8879069196e-01 1.3015619103e-08 
4.7370131676e-01 7.9014479387e-09 
4.6188180953e-01 5.3366188895e-09 
4.4929061284e-01 3.5128415613e-09 
4.3579645417e-01 2.2455288684e-09 
4.2239810116e-01 1.4416727460e-09 
4.0905246432e-01 9.2852859774e-10 
3.9518134451e-01 5.8877910295e-10 
3.8026422114e-01 3.6157039079e-10 
3.6380426459e-01 2.1187493030e-10 
3.4518106854e-01 1.1649649497e-10 
3.2377151682e-01 5.9414359626e-11 
2.9916691553e-01 2.8374449543e-11 
2.7125533418e-01 1.3366847847e-11 
2.4024238354e-01 6.9591407682e-12 
2.0635540712e-01 4.5135856987e-12 
1.6976318618e-01 3.6652811464e-12 
1.3025455578e-01 3.3896755202e-12 
8.7776495187e-02 3.3016288332e-12 
4.2342060494e-02 3.2698216321e-12 
-6.1966819257e-03 3.2550711535e-12 
-5.7944335657e-02 3.2499416855e-12 
-1.1299805222e-01 3.2637166156e-12 
-1.7149083581e-01 3.3342800165e-12 
-2.3364122394e-01 3.5476420859e-12 
-2.9997408135e-01 3.9376349699e-12 
-3.7144060805e-01 4.3286974326e-12 
-4.4779087504e-01 4.5868869227e-12 
-5.2480869863e-01 4.7409336975e-12 
-5.9761113394e-01 4.8419512121e-12 
-6.6895323903e-01 4.9206676439e-12 
-7.4218298733e-01 4.9871599566e-12 
-8.1891892939e-01 5.0444662534e-12 
-8.9941966536e-01 5.0938805677e-12 
-9.8376132047e-01 5.1365362438e-12 
-1.0000000000e+00 5.1421454362e-12 
