EXPORTED XY-GRAPH DATA
141 2 2
V[1]
I[ASPLIT_drain]
0.0000000000e+00 -3.0032699844e-22 
0.0000000000e+00 -1.6352450480e-21 
0.0000000000e+00 -1.4958129902e-20 
0.0000000000e+00 -1.4655817580e-19 
0.0000000000e+00 -1.1607745404e-19 
0.0000000000e+00 -1.0325503643e-19 
0.0000000000e+00 -7.8294755534e-20 
0.0000000000e+00 5.9032645281e-20 
0.0000000000e+00 -5.3615852910e-21 
0.0000000000e+00 1.2300324508e-21 
0.0000000000e+00 -3.8410803132e-20 
0.0000000000e+00 -3.2790876593e-20 
0.0000000000e+00 -2.1472983922e-23 
0.0000000000e+00 2.0119473277e-20 
0.0000000000e+00 4.4788149182e-22 
0.0000000000e+00 7.4821939686e-22 
0.0000000000e+00 -1.3674498942e-20 
0.0000000000e+00 -1.0441394877e-20 
0.0000000000e+00 7.5612748572e-21 
0.0000000000e+00 -7.1545485887e-21 
0.0000000000e+00 1.4948174825e-22 
0.0000000000e+00 2.0126902383e-22 
0.0000000000e+00 8.7581232100e-23 
0.0000000000e+00 3.1026529995e-21 
0.0000000000e+00 -1.1455321028e-23 
0.0000000000e+00 -2.4506333116e-21 
0.0000000000e+00 1.8646074828e-21 
0.0000000000e+00 -1.7129516111e-21 
0.0000000000e+00 2.2505113582e-23 
0.0000000000e+00 4.7723709167e-23 
0.0000000000e+00 -9.8772207287e-22 
0.0000000000e+00 7.9532874955e-24 
0.0000000000e+00 9.1284979883e-23 
0.0000000000e+00 4.3936770469e-24 
0.0000000000e+00 -1.8831089461e-23 
0.0000000000e+00 3.9437543646e-22 
0.0000000000e+00 -3.1720340818e-22 
0.0000000000e+00 2.9455599378e-23 
0.0000000000e+00 -2.2478349357e-22 
0.0000000000e+00 8.7301558091e-23 
0.0000000000e+00 -1.6198168066e-22 
0.0000000000e+00 1.2278595069e-23 
0.0000000000e+00 9.6690285446e-23 
0.0000000000e+00 -1.8567139372e-22 
0.0000000000e+00 -2.5182907549e-11 
0.0000000000e+00 -1.6347841911e-11 
0.0000000000e+00 -1.6384277043e-11 
0.0000000000e+00 -1.6431942045e-11 
0.0000000000e+00 -1.6496120398e-11 
0.0000000000e+00 -1.6585231958e-11 
0.0000000000e+00 -1.6685352393e-11 
0.0000000000e+00 9.0825402576e-12 
0.0000000000e+00 -4.2434663368e-16 
0.0000000000e+00 -4.3020196911e-16 
0.0000000000e+00 -4.2825394350e-16 
0.0000000000e+00 -4.2660076743e-16 
0.0000000000e+00 -4.2440456272e-16 
0.0000000000e+00 -4.2166765267e-16 
0.0000000000e+00 -4.1832453477e-16 
0.0000000000e+00 -4.1426449185e-16 
0.0000000000e+00 -4.0933728707e-16 
0.0000000000e+00 -4.0334944933e-16 
0.0000000000e+00 -3.9605348972e-16 
0.0000000000e+00 -3.8713064528e-16 
0.0000000000e+00 -3.7616353643e-16 
0.0000000000e+00 -3.6259176052e-16 
0.0000000000e+00 -3.4563591336e-16 
0.0000000000e+00 -3.2415481452e-16 
0.0000000000e+00 -2.9634242639e-16 
0.0000000000e+00 -2.5895956409e-16 
0.0000000000e+00 -2.0476501781e-16 
0.0000000000e+00 -1.1599011575e-16 
0.0000000000e+00 2.2888628900e-17 
0.0000000000e+00 2.2162571306e-18 
0.0000000000e+00 3.1819336161e-18 
2.3241357531e-01 6.8112833220e-12 
3.1205576550e-01 4.4767237505e-12 
3.4818640492e-01 4.4887817140e-12 
3.8910634851e-01 4.5086043621e-12 
4.3821028081e-01 4.5596884791e-12 
4.9713499957e-01 4.6917332631e-12 
5.6784466208e-01 4.9426296196e-12 
6.4758138921e-01 5.1993376821e-12 
7.2906180296e-01 5.3527007542e-12 
8.0809930556e-01 5.4422504370e-12 
8.8381327799e-01 5.5069282943e-12 
9.6138009018e-01 5.5623486476e-12 
1.0426157509e+00 5.6116382950e-12 
1.1283485106e+00 5.6564356003e-12 
1.2180906699e+00 5.6976638944e-12 
1.3131057479e+00 5.7370226571e-12 
1.4127977004e+00 5.7752050190e-12 
1.5192624431e+00 5.8140478315e-12 
1.6332534137e+00 5.8549594439e-12 
1.7510023898e+00 5.8980006897e-12 
1.8796645636e+00 5.9479449080e-12 
2.0169809483e+00 6.0070106981e-12 
2.1612449455e+00 6.0790608721e-12 
2.3082623077e+00 6.1684516818e-12 
2.4735161454e+00 6.2993165872e-12 
2.5000000000e+00 6.3237888203e-12 
2.5000000000e+00 -1.6500146428e-12 
2.5000000000e+00 8.0539833512e-13 
2.5000000000e+00 9.7101425912e-13 
2.5000000000e+00 1.0297526815e-12 
2.5000000000e+00 1.0751949953e-12 
2.5000000000e+00 1.0847241848e-12 
2.4837984436e+00 -6.6944688537e-12 
2.4643565758e+00 -4.4698829443e-12 
2.4410263346e+00 -4.3488060412e-12 
2.4130300450e+00 -4.2898651983e-12 
2.3794344976e+00 -4.2741021729e-12 
2.3391198407e+00 -4.2633572835e-12 
2.2907422524e+00 -4.2487314839e-12 
2.2326891464e+00 -4.2313668561e-12 
2.1630254192e+00 -4.2124384511e-12 
2.0794289466e+00 -4.1928069553e-12 
1.9791131795e+00 -4.1739282817e-12 
1.8587342590e+00 -4.1582487218e-12 
1.7142795543e+00 -4.1492649864e-12 
1.5409339088e+00 -4.1507640967e-12 
1.3329191341e+00 -4.1637152403e-12 
1.1334009134e+00 -4.1745980071e-12 
9.7418147677e-01 -4.1674390323e-12 
8.4148740321e-01 -4.1365088315e-12 
7.2330288107e-01 -4.0687360635e-12 
6.1855742862e-01 -3.9339839523e-12 
5.2884393367e-01 -3.6973003215e-12 
4.5424464360e-01 -3.4489388177e-12 
3.9368729766e-01 -3.3770317551e-12 
3.4698070100e-01 -3.3998300321e-12 
3.1250528713e-01 -3.4210615169e-12 
2.7938523952e-01 -3.4393405667e-12 
2.4332207358e-01 -3.4607524797e-12 
2.0654995709e-01 -3.4846954122e-12 
1.7077900173e-01 -3.5101883333e-12 
1.3524849828e-01 -3.5392061139e-12 
9.8695395749e-02 -3.5794287437e-12 
5.9753386709e-02 -3.6634673956e-12 
1.4866327465e-02 -3.9975689559e-12 
0.0000000000e+00 -4.2824855715e-12 
