EXPORTED XY-GRAPH DATA
245 2 2
V[1]
I[ASPLIT_drain]
0.0000000000e+00 -3.0032699844e-22 
0.0000000000e+00 -1.6352450480e-21 
0.0000000000e+00 -1.4958129902e-20 
0.0000000000e+00 -1.4655817580e-19 
0.0000000000e+00 -1.1607745404e-19 
0.0000000000e+00 -1.0325503643e-19 
0.0000000000e+00 -7.8294755534e-20 
0.0000000000e+00 5.9032645281e-20 
0.0000000000e+00 -5.3615852910e-21 
0.0000000000e+00 1.2300324508e-21 
0.0000000000e+00 -3.8410803132e-20 
0.0000000000e+00 -3.2790876593e-20 
0.0000000000e+00 -2.1472983922e-23 
0.0000000000e+00 2.0119473277e-20 
0.0000000000e+00 4.4788149182e-22 
0.0000000000e+00 7.4821939686e-22 
0.0000000000e+00 -1.3674498942e-20 
0.0000000000e+00 -1.0441394877e-20 
0.0000000000e+00 7.5612748572e-21 
0.0000000000e+00 -7.1545485887e-21 
0.0000000000e+00 1.4948174825e-22 
0.0000000000e+00 2.0126902383e-22 
0.0000000000e+00 8.7581232100e-23 
0.0000000000e+00 3.1026529995e-21 
0.0000000000e+00 -1.1455321028e-23 
0.0000000000e+00 -2.4506333116e-21 
0.0000000000e+00 1.8646074828e-21 
0.0000000000e+00 -1.7129516111e-21 
0.0000000000e+00 2.2505113582e-23 
0.0000000000e+00 4.7723709167e-23 
0.0000000000e+00 -9.8772207287e-22 
0.0000000000e+00 7.9532874955e-24 
0.0000000000e+00 9.1284979883e-23 
0.0000000000e+00 4.3936770469e-24 
0.0000000000e+00 -1.8831089461e-23 
0.0000000000e+00 3.9437543646e-22 
0.0000000000e+00 -3.1720340818e-22 
0.0000000000e+00 2.9455599378e-23 
0.0000000000e+00 -2.2478349357e-22 
0.0000000000e+00 8.7301558091e-23 
0.0000000000e+00 -1.6198168066e-22 
0.0000000000e+00 1.2278595069e-23 
0.0000000000e+00 9.6690285446e-23 
0.0000000000e+00 -1.8567139372e-22 
0.0000000000e+00 -3.7797805804e-11 
0.0000000000e+00 -2.4584561945e-11 
0.0000000000e+00 -2.4656309541e-11 
0.0000000000e+00 -2.4749732418e-11 
0.0000000000e+00 -2.4877756769e-11 
0.0000000000e+00 -2.5061500182e-11 
0.0000000000e+00 -2.5341633252e-11 
0.0000000000e+00 -2.5659404234e-11 
0.0000000000e+00 1.3924979582e-11 
0.0000000000e+00 -4.3701009909e-15 
0.0000000000e+00 -4.2957594322e-15 
0.0000000000e+00 -4.1715136739e-15 
0.0000000000e+00 -4.0113543489e-15 
0.0000000000e+00 -3.8022950872e-15 
0.0000000000e+00 -3.5244794224e-15 
0.0000000000e+00 -3.1408250978e-15 
0.0000000000e+00 -2.5737102120e-15 
0.0000000000e+00 -1.6465942478e-15 
0.0000000000e+00 -2.6917425947e-16 
0.0000000000e+00 3.6829654945e-16 
0.0000000000e+00 -2.9936527543e-18 
0.0000000000e+00 2.8806268548e-18 
0.0000000000e+00 2.2171836072e-19 
0.0000000000e+00 -4.5280783172e-20 
0.0000000000e+00 -1.4925309952e-20 
0.0000000000e+00 -1.6278308302e-22 
0.0000000000e+00 4.0288599161e-22 
0.0000000000e+00 1.8409176672e-23 
0.0000000000e+00 -5.1000830455e-24 
0.0000000000e+00 -1.1450758289e-24 
0.0000000000e+00 -3.7324980931e-24 
0.0000000000e+00 -3.6277199825e-26 
0.0000000000e+00 -2.2749543035e-24 
0.0000000000e+00 -2.3868712360e-23 
0.0000000000e+00 2.3581388506e-23 
8.8900417263e-03 8.7217924075e-12 
1.9558091798e-02 8.0637423355e-12 
2.8887876469e-02 9.0928888584e-12 
4.0083618074e-02 9.9455567566e-12 
5.3518508001e-02 1.0608571259e-11 
6.9640375912e-02 1.1092060331e-11 
8.8986617406e-02 1.1427403698e-11 
1.1220210720e-01 1.1659220499e-11 
1.4006069495e-01 1.1834084827e-11 
1.7349100025e-01 1.1990804781e-11 
2.1360736661e-01 1.2156228121e-11 
2.6151263296e-01 1.2346166733e-11 
3.1146592679e-01 1.2543510678e-11 
3.6339903718e-01 1.2751234390e-11 
4.1905634804e-01 1.2981113584e-11 
4.7901669771e-01 1.3247997950e-11 
5.4285253829e-01 1.3584767197e-11 
6.1080456385e-01 1.4064365467e-11 
6.8367202799e-01 1.4711428987e-11 
7.6192131912e-01 1.5416349157e-11 
8.4328632008e-01 1.6154023005e-11 
9.2311075792e-01 1.6990913379e-11 
1.0001555059e+00 1.8012230878e-11 
1.0782962870e+00 1.9398190209e-11 
1.1605446474e+00 2.1491640022e-11 
1.2465636132e+00 2.4969178756e-11 
1.3362620161e+00 3.1784696319e-11 
1.4280519565e+00 5.1068232462e-11 
1.4699850180e+00 7.5060661859e-11 
1.4951448549e+00 1.0634532858e-10 
1.5102407571e+00 1.4246085687e-10 
1.5283558396e+00 2.5614644046e-10 
1.5385796399e+00 4.9632403287e-10 
1.5441582831e+00 1.0437412605e-09 
1.5456445505e+00 1.3912317219e-09 
1.5474280714e+00 2.3186310575e-09 
1.5484981839e+00 3.8670174133e-09 
1.5490736247e+00 5.8841117307e-09 
1.5494188892e+00 8.3938893618e-09 
1.5498332066e+00 1.8833323866e-08 
1.5499940155e+00 3.4086154034e-08 
1.5500735832e+00 5.2064525712e-08 
1.5501690644e+00 1.6416827707e-07 
1.5502011271e+00 3.2676622991e-07 
1.5502316574e+00 1.0323253220e-06 
1.5502547103e+00 4.6032772646e-06 
1.5502690192e+00 1.1587191114e-05 
1.5502807590e+00 2.2967467832e-05 
1.5502921096e+00 4.0675022690e-05 
1.5503042975e+00 6.7074204243e-05 
1.5503185500e+00 1.0462772924e-04 
1.5503337822e+00 1.4710968009e-04 
1.5503503684e+00 1.8926332007e-04 
1.5503702718e+00 2.2769186998e-04 
1.5503935008e+00 2.5489484453e-04 
1.5504187078e+00 2.6880493917e-04 
1.5504489562e+00 2.7426613788e-04 
1.5504840777e+00 2.7466075427e-04 
1.5505215149e+00 2.7325240688e-04 
1.5505664395e+00 2.7158380569e-04 
1.5506203491e+00 2.7015341623e-04 
1.5506850406e+00 2.6896806379e-04 
1.5507626703e+00 2.6791205453e-04 
1.5508558260e+00 2.6691851772e-04 
1.5509676129e+00 2.6598369464e-04 
1.5511017571e+00 2.6512989754e-04 
1.5512627302e+00 2.6438080318e-04 
1.5514558979e+00 2.6375647399e-04 
1.5516876991e+00 2.6327512971e-04 
1.5519658606e+00 2.6295400032e-04 
1.5522996544e+00 2.6280869532e-04 
1.5527002069e+00 2.6285217575e-04 
1.5531808699e+00 2.6309401105e-04 
1.5537576656e+00 2.6354036392e-04 
1.5544498203e+00 2.6419532973e-04 
1.5552804061e+00 2.6506400902e-04 
1.5562771089e+00 2.6615713935e-04 
1.5574731524e+00 2.6749621292e-04 
1.5589084045e+00 2.6911758546e-04 
1.5606307071e+00 2.7107489262e-04 
1.5626974701e+00 2.7343961941e-04 
1.5651775858e+00 2.7630198184e-04 
1.5681537246e+00 2.7977419978e-04 
1.5717250912e+00 2.8399533691e-04 
1.5760107311e+00 2.8913959758e-04 
1.5811534989e+00 2.9542690472e-04 
1.5873248204e+00 3.0313622735e-04 
1.5947304061e+00 3.1262533894e-04 
1.6036171090e+00 3.2435620981e-04 
1.6142811524e+00 3.3892806237e-04 
1.6270780046e+00 3.5712256378e-04 
1.6424342271e+00 3.7996182172e-04 
1.6608616942e+00 4.0877347623e-04 
1.6829746547e+00 4.4527164784e-04 
1.7095102073e+00 4.9162598219e-04 
1.7413528704e+00 5.5050289710e-04 
1.7795640662e+00 6.2507542290e-04 
1.8254175010e+00 7.1897328099e-04 
1.8804416229e+00 8.3624936153e-04 
1.9464705691e+00 9.8143467938e-04 
2.0251977757e+00 1.1585798692e-03 
2.0972390680e+00 1.3230968895e-03 
2.1654710788e+00 1.4803872565e-03 
2.2380091218e+00 1.6487796405e-03 
2.3183270982e+00 1.8364757090e-03 
2.4061308977e+00 2.0430174184e-03 
2.5000000000e+00 2.2652163349e-03 
2.5000000000e+00 2.2656193164e-03 
2.5000000000e+00 2.2655818472e-03 
2.5000000000e+00 2.2655558221e-03 
2.4276864806e+00 2.0946971760e-03 
2.3609223780e+00 1.9373107090e-03 
2.3002687892e+00 1.7949426463e-03 
2.2298026033e+00 1.6304450338e-03 
2.1452431801e+00 1.4343632528e-03 
2.0579081889e+00 1.2336815941e-03 
1.9863619846e+00 1.0712959417e-03 
1.9271321273e+00 9.3894389988e-04 
1.8735664958e+00 8.2173188649e-04 
1.8231482604e+00 7.1452774723e-04 
1.7757458515e+00 6.1771014468e-04 
1.7308432832e+00 5.3093682065e-04 
1.6875203805e+00 4.5323002982e-04 
1.6449271438e+00 3.8396780084e-04 
1.6024277020e+00 3.2295237325e-04 
1.5593878868e+00 2.6984500565e-04 
1.5149606231e+00 2.2390156829e-04 
1.4679962989e+00 1.8406027786e-04 
1.4172153787e+00 1.4937969777e-04 
1.3610824666e+00 1.1901578162e-04 
1.2982251231e+00 9.2465944482e-05 
1.2281245970e+00 6.9607730702e-05 
1.1527284069e+00 5.0752716246e-05 
1.0748067607e+00 3.5849050677e-05 
9.9689260691e-01 2.4513248466e-05 
9.2234917383e-01 1.6340596496e-05 
8.5458540688e-01 1.0783701370e-05 
7.9437164622e-01 7.0978675248e-06 
7.4035706045e-01 4.6328591086e-06 
6.9107279528e-01 2.9675601761e-06 
6.6839280477e-01 2.3630970374e-06 
6.4117681616e-01 1.7566003677e-06 
6.0851762983e-01 1.1828692950e-06 
5.6932660623e-01 6.8795875917e-07 
5.3083598239e-01 3.7371563565e-07 
5.1469449294e-01 2.8370373127e-07 
4.9532470560e-01 2.0171428874e-07 
4.8370283320e-01 1.6390032870e-07 
4.6975658632e-01 1.2773855120e-07 
4.5302109006e-01 9.5030075838e-08 
4.4297979231e-01 7.9856239519e-08 
4.3093023500e-01 6.5107871094e-08 
4.1647076624e-01 5.1352252446e-08 
3.9911940372e-01 3.9097416813e-08 
3.7829776869e-01 2.8657510092e-08 
3.5365656715e-01 2.0209240047e-08 
3.2853213645e-01 1.4524239761e-08 
3.0189549725e-01 1.0567821957e-08 
2.7335797583e-01 7.7804325355e-09 
2.4319460610e-01 5.8237446156e-09 
2.1113830182e-01 4.4194001424e-09 
1.7675822008e-01 3.3836214461e-09 
1.3920550933e-01 2.5872345224e-09 
9.5673139590e-02 1.8994067627e-09 
4.5161387148e-02 1.1232855115e-09 
0.0000000000e+00 -7.0835048861e-12 
