EXPORTED XY-GRAPH DATA
153 2 2
V[1]
I[ASPLIT_drain]
0.0000000000e+00 2.6356662315e-19 
0.0000000000e+00 -1.2678197193e-19 
0.0000000000e+00 1.6616565672e-20 
0.0000000000e+00 -1.4523878014e-19 
0.0000000000e+00 -1.1627065818e-19 
0.0000000000e+00 -9.6607656027e-20 
0.0000000000e+00 -7.6755695718e-20 
0.0000000000e+00 5.9782479848e-20 
0.0000000000e+00 -4.5245158080e-21 
0.0000000000e+00 -4.3587484712e-22 
0.0000000000e+00 -3.7726636434e-20 
0.0000000000e+00 -3.3544089738e-20 
0.0000000000e+00 1.8821455321e-21 
0.0000000000e+00 2.0366927739e-20 
0.0000000000e+00 6.4712623306e-22 
0.0000000000e+00 1.1689174977e-21 
0.0000000000e+00 -1.3795599875e-20 
0.0000000000e+00 -1.0309021547e-20 
0.0000000000e+00 8.4662014041e-21 
0.0000000000e+00 -7.1214183956e-21 
0.0000000000e+00 4.7673383751e-23 
0.0000000000e+00 -3.8515177581e-22 
0.0000000000e+00 2.4318124868e-23 
0.0000000000e+00 3.2005276735e-21 
0.0000000000e+00 2.2354569248e-22 
0.0000000000e+00 -2.3207520785e-21 
0.0000000000e+00 1.9074918748e-21 
0.0000000000e+00 -1.8379863318e-21 
0.0000000000e+00 1.1049420879e-22 
0.0000000000e+00 -2.1675812273e-23 
0.0000000000e+00 -1.0396583299e-21 
0.0000000000e+00 6.8046485428e-23 
0.0000000000e+00 -4.7710701793e-24 
0.0000000000e+00 -4.5956374470e-23 
0.0000000000e+00 -2.1773803813e-23 
0.0000000000e+00 3.3245895967e-22 
0.0000000000e+00 -2.8759548671e-22 
0.0000000000e+00 8.2236281864e-23 
0.0000000000e+00 -1.0978247532e-22 
0.0000000000e+00 -4.8400698828e-24 
0.0000000000e+00 -2.0606439252e-22 
0.0000000000e+00 7.3362663487e-23 
0.0000000000e+00 6.5957307249e-23 
0.0000000000e+00 -1.0575370557e-22 
0.0000000000e+00 -4.6600068494e-11 
0.0000000000e+00 -3.0507974528e-11 
0.0000000000e+00 -3.0739316352e-11 
0.0000000000e+00 -3.1058262908e-11 
0.0000000000e+00 -3.1491703490e-11 
0.0000000000e+00 -3.2091517873e-11 
0.0000000000e+00 -3.2363191310e-11 
0.0000000000e+00 1.6963262537e-11 
0.0000000000e+00 4.5345492547e-15 
0.0000000000e+00 4.2875186105e-14 
0.0000000000e+00 2.4656067517e-14 
0.0000000000e+00 6.2772942080e-15 
0.0000000000e+00 -5.7147779127e-16 
0.0000000000e+00 -1.0957337899e-15 
0.0000000000e+00 -4.1880171456e-16 
0.0000000000e+00 -1.1266566646e-16 
0.0000000000e+00 -8.2976653155e-17 
0.0000000000e+00 -1.0092522377e-16 
0.0000000000e+00 -1.0726185345e-16 
0.0000000000e+00 -1.0740415941e-16 
0.0000000000e+00 -1.0709278959e-16 
0.0000000000e+00 -1.0704138558e-16 
0.0000000000e+00 -1.0704651545e-16 
0.0000000000e+00 -1.0704812389e-16 
0.0000000000e+00 -1.0704743042e-16 
0.0000000000e+00 -1.0704650776e-16 
0.0000000000e+00 -1.0704544602e-16 
0.0000000000e+00 -1.0704419104e-16 
0.0000000000e+00 -1.0704267706e-16 
0.0000000000e+00 -1.0704086123e-16 
0.0000000000e+00 -1.0703868284e-16 
0.0000000000e+00 -1.0703606888e-16 
0.0000000000e+00 -1.0703293048e-16 
0.0000000000e+00 -1.0703293322e-16 
8.3902726212e-03 8.5124170789e-12 
1.8458599767e-02 5.1035884193e-12 
2.6380725210e-02 5.0916424938e-12 
3.5887275743e-02 5.0806945961e-12 
4.7295136382e-02 5.0690895441e-12 
6.0984569149e-02 5.0555775673e-12 
7.7411888469e-02 5.0397509280e-12 
9.7124671653e-02 5.0213878935e-12 
1.2078001147e-01 5.0002472680e-12 
1.4916641926e-01 4.9760788839e-12 
1.8323010860e-01 4.9486698470e-12 
2.2410653581e-01 4.9178678087e-12 
2.7315824846e-01 4.8836007572e-12 
3.3084086034e-01 4.8466562282e-12 
3.8929017464e-01 4.8126583069e-12 
4.4553894715e-01 4.7827355573e-12 
5.0437919415e-01 4.7537711109e-12 
5.6588227912e-01 4.7258267977e-12 
6.2778370503e-01 4.6999304273e-12 
6.9302322983e-01 4.6747893162e-12 
7.5832257219e-01 4.6520242596e-12 
8.2702064741e-01 4.6317778672e-12 
8.9666403510e-01 4.6207579831e-12 
9.6715167854e-01 4.6390681701e-12 
1.0414777522e+00 4.7292941918e-12 
1.1164891017e+00 4.8815920049e-12 
1.1960048977e+00 5.0148131894e-12 
1.2783298806e+00 5.0976012022e-12 
1.3623015864e+00 5.1494900811e-12 
1.4541175664e+00 5.1896170372e-12 
1.5492670145e+00 5.2204285979e-12 
1.6458925756e+00 5.2445759180e-12 
1.7499414759e+00 5.2653563289e-12 
1.8564690629e+00 5.2824373208e-12 
1.9651129297e+00 5.2966570102e-12 
2.0814954879e+00 5.3093122376e-12 
2.2000753892e+00 5.3200553201e-12 
2.3215147081e+00 5.3293558650e-12 
2.4520123232e+00 5.3379602314e-12 
2.5000000000e+00 5.3405520620e-12 
2.5000000000e+00 -2.6135191732e-12 
2.5000000000e+00 -1.1007129119e-13 
2.5000000000e+00 -2.5693061516e-15 
2.5000000000e+00 9.6921372306e-15 
2.4461175688e+00 -7.9561980549e-12 
2.3814586514e+00 -5.4305203242e-12 
2.3038679505e+00 -5.3199720490e-12 
2.2107591095e+00 -5.3032970085e-12 
2.0990285002e+00 -5.2996426695e-12 
1.9649517691e+00 -5.2896330234e-12 
1.8040596917e+00 -5.2716249779e-12 
1.6645010978e+00 -5.2490767517e-12 
1.5429806001e+00 -5.2215265719e-12 
1.4273196000e+00 -5.1849816681e-12 
1.3166259003e+00 -5.1336060885e-12 
1.2131073263e+00 -5.0571214355e-12 
1.1198469837e+00 -4.9393757670e-12 
1.0370393078e+00 -4.7730171751e-12 
9.6496684084e-01 -4.6335651114e-12 
9.0475426330e-01 -4.6045161750e-12 
8.5786108347e-01 -4.6185810473e-12 
8.1869998521e-01 -4.6306805440e-12 
7.7867366772e-01 -4.6427295887e-12 
7.3580249184e-01 -4.6568933390e-12 
6.9275371392e-01 -4.6723040675e-12 
6.5018811981e-01 -4.6884899551e-12 
6.0680989483e-01 -4.7058998527e-12 
5.6159175755e-01 -4.7250786710e-12 
5.1393367241e-01 -4.7465255973e-12 
4.6194798165e-01 -4.7714846799e-12 
3.9956515274e-01 -4.8037581558e-12 
3.2470575806e-01 -4.8464110885e-12 
2.3487448443e-01 -4.9043258755e-12 
1.2707695608e-01 -4.9859216715e-12 
0.0000000000e+00 -5.1050352871e-12 
