EXPORTED XY-GRAPH DATA
167 2 2
V[1]
I[ASPLIT_drain]
0.0000000000e+00 1.0245306612e-18 
0.0000000000e+00 -5.2304631538e-19 
0.0000000000e+00 -1.1077083237e-20 
0.0000000000e+00 -1.3314082403e-19 
0.0000000000e+00 -1.1327126875e-19 
0.0000000000e+00 -9.4358881775e-20 
0.0000000000e+00 -8.5766426009e-20 
0.0000000000e+00 5.8337689373e-20 
0.0000000000e+00 -2.1289600696e-21 
0.0000000000e+00 -4.1963077655e-21 
0.0000000000e+00 -3.7617999300e-20 
0.0000000000e+00 -3.2779786808e-20 
0.0000000000e+00 7.2523334747e-22 
0.0000000000e+00 1.9817127706e-20 
0.0000000000e+00 9.9658240925e-22 
0.0000000000e+00 1.0762195202e-23 
0.0000000000e+00 -1.2541589307e-20 
0.0000000000e+00 -1.1297451534e-20 
0.0000000000e+00 7.8132784402e-21 
0.0000000000e+00 -7.4058930357e-21 
0.0000000000e+00 -4.4091226255e-22 
0.0000000000e+00 -2.2439797993e-22 
0.0000000000e+00 6.3868526490e-23 
0.0000000000e+00 3.3368678172e-21 
0.0000000000e+00 7.5434033451e-24 
0.0000000000e+00 -2.5990951864e-21 
0.0000000000e+00 1.7680570987e-21 
0.0000000000e+00 -1.4744098719e-21 
0.0000000000e+00 1.1387331631e-22 
0.0000000000e+00 3.3327464624e-23 
0.0000000000e+00 -8.7826237579e-22 
0.0000000000e+00 2.2543641272e-23 
0.0000000000e+00 -1.2718781747e-22 
0.0000000000e+00 2.2213286362e-22 
0.0000000000e+00 1.2063793607e-23 
0.0000000000e+00 4.1136542938e-22 
0.0000000000e+00 -2.3546008713e-22 
0.0000000000e+00 9.2716369071e-23 
0.0000000000e+00 -1.1130946623e-22 
0.0000000000e+00 1.2085206781e-22 
0.0000000000e+00 -2.2461129529e-22 
0.0000000000e+00 1.2519590580e-23 
0.0000000000e+00 2.0492253093e-22 
0.0000000000e+00 2.4258117324e-24 
0.0000000000e+00 -5.7213025223e-11 
0.0000000000e+00 -3.7659354065e-11 
0.0000000000e+00 -3.7961466316e-11 
0.0000000000e+00 -3.8368125648e-11 
0.0000000000e+00 -3.8905901891e-11 
0.0000000000e+00 -3.9618769154e-11 
0.0000000000e+00 -4.0578583328e-11 
0.0000000000e+00 -4.0706724798e-11 
0.0000000000e+00 2.0433827735e-11 
0.0000000000e+00 -7.3649189543e-13 
0.0000000000e+00 -4.8149422412e-13 
0.0000000000e+00 -2.8143707169e-13 
0.0000000000e+00 -1.4116812727e-13 
0.0000000000e+00 -5.5451569873e-14 
0.0000000000e+00 -1.2179291951e-14 
0.0000000000e+00 3.6690359111e-15 
0.0000000000e+00 5.7149608923e-15 
0.0000000000e+00 3.3194437618e-15 
0.0000000000e+00 1.0518988499e-15 
0.0000000000e+00 2.8422727287e-17 
0.0000000000e+00 -1.6096258738e-16 
0.0000000000e+00 -9.0698534740e-17 
0.0000000000e+00 -2.9418154518e-17 
0.0000000000e+00 -1.3142110608e-17 
0.0000000000e+00 -1.4190523972e-17 
0.0000000000e+00 -1.6107637899e-17 
0.0000000000e+00 -1.6534518049e-17 
0.0000000000e+00 -1.6494654655e-17 
0.0000000000e+00 -1.6460645646e-17 
0.0000000000e+00 -1.6457080656e-17 
0.0000000000e+00 -1.6458189094e-17 
0.0000000000e+00 -1.6458566453e-17 
0.0000000000e+00 -1.6458693299e-17 
0.0000000000e+00 -1.6458846381e-17 
0.0000000000e+00 -1.6459027762e-17 
0.0000000000e+00 -1.6459261127e-17 
0.0000000000e+00 -1.6459544148e-17 
0.0000000000e+00 -1.6459882988e-17 
0.0000000000e+00 -1.6460280941e-17 
0.0000000000e+00 -1.6460763057e-17 
0.0000000000e+00 -1.6461340986e-17 
0.0000000000e+00 -1.6461352346e-17 
1.5891164786e-02 8.7799449788e-12 
3.4960562529e-02 5.6658245777e-12 
5.1637778473e-02 5.6337763629e-12 
7.1650437606e-02 5.6060425646e-12 
9.5665628566e-02 5.5757437201e-12 
1.2448385772e-01 5.5408719630e-12 
1.5906573270e-01 5.5012627940e-12 
2.0056398268e-01 5.4568280920e-12 
2.5036188265e-01 5.4075240730e-12 
3.1002412147e-01 5.3510368215e-12 
3.6625317402e-01 5.3076279029e-12 
4.2145075904e-01 5.2662331531e-12 
4.8104340587e-01 5.2248321687e-12 
5.4107518485e-01 5.1864251902e-12 
6.0235331052e-01 5.1501697539e-12 
6.6749933295e-01 5.1144242256e-12 
7.3200193593e-01 5.0816895524e-12 
7.9698536566e-01 5.0510620137e-12 
8.6706496475e-01 5.0204540897e-12 
9.3684762284e-01 4.9929084001e-12 
1.0056756680e+00 4.9703287608e-12 
1.0802108586e+00 4.9582335320e-12 
1.1557527404e+00 4.9830302182e-12 
1.2296142944e+00 5.0708722458e-12 
1.3087058094e+00 5.1917122684e-12 
1.3502401396e+00 5.2404457441e-12 
1.4000813357e+00 5.2845931562e-12 
1.4598907711e+00 5.3256588783e-12 
1.5316620936e+00 5.3628658302e-12 
1.6177876806e+00 5.3970763393e-12 
1.7176472599e+00 5.4296152956e-12 
1.8124320650e+00 5.4578935090e-12 
1.9054953673e+00 5.4872655473e-12 
2.0076973701e+00 5.5249512513e-12 
2.1130892966e+00 5.5733872313e-12 
2.2171251785e+00 5.6356955809e-12 
2.3245611001e+00 5.7223810494e-12 
2.4406251322e+00 5.8539469754e-12 
2.5000000000e+00 5.9425371102e-12 
2.5000000000e+00 -2.2443807819e-12 
2.5000000000e+00 4.5595673874e-13 
2.5000000000e+00 5.4985809531e-13 
2.5000000000e+00 5.5413965842e-13 
2.4890872029e+00 -7.2152356007e-12 
2.4759918464e+00 -4.9242313889e-12 
2.4602774186e+00 -4.9679235173e-12 
2.4414201052e+00 -4.9632850494e-12 
2.4187913291e+00 -4.9722112752e-12 
2.3916367978e+00 -4.9992240702e-12 
2.3590513603e+00 -5.0351582612e-12 
2.3199488352e+00 -5.0748543581e-12 
2.2730258052e+00 -5.1170909479e-12 
2.2167181691e+00 -5.1612483833e-12 
2.1491490058e+00 -5.2059680967e-12 
2.0680660099e+00 -5.2491148587e-12 
1.9707664148e+00 -5.2878224149e-12 
1.8540069006e+00 -5.3183655992e-12 
1.7138954836e+00 -5.3351159222e-12 
1.5767954713e+00 -5.3298767252e-12 
1.4586158954e+00 -5.3017156870e-12 
1.3534281310e+00 -5.2450952194e-12 
1.2564826145e+00 -5.1444925433e-12 
1.1693183543e+00 -5.0093093343e-12 
1.0964574144e+00 -4.9364830977e-12 
1.0379891875e+00 -4.9450366947e-12 
9.9218645664e-01 -4.9643949097e-12 
9.5037647020e-01 -4.9807555130e-12 
9.0573181287e-01 -4.9987887644e-12 
8.5910741678e-01 -5.0188331642e-12 
8.1292368480e-01 -5.0397446565e-12 
7.6668702809e-01 -5.0616431178e-12 
7.1907302456e-01 -5.0852368091e-12 
6.6930185346e-01 -5.1111376579e-12 
6.1665188440e-01 -5.1400591151e-12 
5.5806163607e-01 -5.1742617961e-12 
4.8775333807e-01 -5.2184311121e-12 
4.0338338048e-01 -5.2767771092e-12 
3.0213943137e-01 -5.3561953229e-12 
1.8064669244e-01 -5.4687926282e-12 
3.4855405722e-02 -5.6377760484e-12 
0.0000000000e+00 -5.6982293553e-12 
