EXPORTED XY-GRAPH DATA
169 2 2
V[1]
I[ASPLIT_drain]
0.0000000000e+00 -1.2188201277e-18 
0.0000000000e+00 6.2638891440e-19 
0.0000000000e+00 3.0429873787e-21 
0.0000000000e+00 -1.4652255994e-19 
0.0000000000e+00 -1.1495933573e-19 
0.0000000000e+00 -9.6334302303e-20 
0.0000000000e+00 -8.0450777146e-20 
0.0000000000e+00 5.6350137336e-20 
0.0000000000e+00 -4.8144275850e-21 
0.0000000000e+00 -1.7018198559e-21 
0.0000000000e+00 -3.6926900196e-20 
0.0000000000e+00 -3.3165022883e-20 
0.0000000000e+00 3.0118019070e-22 
0.0000000000e+00 1.9878369643e-20 
0.0000000000e+00 5.6325912586e-22 
0.0000000000e+00 8.4356684925e-22 
0.0000000000e+00 -1.3228104333e-20 
0.0000000000e+00 -1.0410743424e-20 
0.0000000000e+00 8.0583939579e-21 
0.0000000000e+00 -7.0651756790e-21 
0.0000000000e+00 -5.8690995189e-22 
0.0000000000e+00 1.6551173608e-22 
0.0000000000e+00 -5.3442176384e-22 
0.0000000000e+00 3.3075219465e-21 
0.0000000000e+00 4.6899341056e-22 
0.0000000000e+00 -2.4212694132e-21 
0.0000000000e+00 2.1393536359e-21 
0.0000000000e+00 -1.7229837652e-21 
0.0000000000e+00 1.8430578606e-22 
0.0000000000e+00 -1.1141282123e-22 
0.0000000000e+00 -5.7017618201e-22 
0.0000000000e+00 6.0286377867e-23 
0.0000000000e+00 1.3781501792e-22 
0.0000000000e+00 -9.6169410953e-23 
0.0000000000e+00 1.7903182191e-22 
0.0000000000e+00 1.5164450022e-22 
0.0000000000e+00 -2.6404763421e-22 
0.0000000000e+00 2.5331936234e-22 
0.0000000000e+00 -2.4770410925e-22 
0.0000000000e+00 8.4610888881e-23 
0.0000000000e+00 -1.5664378872e-22 
0.0000000000e+00 1.4707166251e-22 
0.0000000000e+00 3.9310443394e-23 
0.0000000000e+00 -8.0751759094e-23 
0.0000000000e+00 -3.6711418737e-11 
0.0000000000e+00 -2.4017652334e-11 
0.0000000000e+00 -2.4155902731e-11 
0.0000000000e+00 -2.4353389265e-11 
0.0000000000e+00 -2.4615255464e-11 
0.0000000000e+00 -2.4962598999e-11 
0.0000000000e+00 -2.5127656642e-11 
0.0000000000e+00 1.3257503969e-11 
0.0000000000e+00 7.1137474685e-14 
0.0000000000e+00 4.1193784423e-14 
0.0000000000e+00 8.7580770465e-15 
0.0000000000e+00 -1.3206027590e-15 
0.0000000000e+00 -1.2933369051e-15 
0.0000000000e+00 -2.4308197471e-16 
0.0000000000e+00 5.3506473549e-17 
0.0000000000e+00 4.5631163150e-17 
0.0000000000e+00 2.4592071212e-17 
0.0000000000e+00 2.1287462952e-17 
0.0000000000e+00 2.1782917166e-17 
0.0000000000e+00 2.1978353531e-17 
0.0000000000e+00 2.1982570596e-17 
0.0000000000e+00 2.1977270965e-17 
0.0000000000e+00 2.1976577310e-17 
0.0000000000e+00 2.1976411263e-17 
0.0000000000e+00 2.1976142680e-17 
0.0000000000e+00 2.1975821040e-17 
0.0000000000e+00 2.1975426583e-17 
0.0000000000e+00 2.1974953034e-17 
0.0000000000e+00 2.1974381878e-17 
0.0000000000e+00 2.1973701492e-17 
0.0000000000e+00 2.1972887161e-17 
0.0000000000e+00 2.1971908506e-17 
0.0000000000e+00 2.1971234596e-17 
1.5547618027e-01 8.2251410395e-12 
2.4098966651e-01 5.1855767060e-12 
2.8170470255e-01 5.1619220965e-12 
3.2626195209e-01 5.1346267594e-12 
3.7973065154e-01 5.1036570191e-12 
4.4389309088e-01 5.0696296856e-12 
5.1094727006e-01 5.0374332128e-12 
5.7977216550e-01 5.0073682105e-12 
6.4770523074e-01 4.9802644937e-12 
7.1497885927e-01 4.9556703659e-12 
7.8786506703e-01 4.9315154886e-12 
8.6222068610e-01 4.9107886074e-12 
9.3458735588e-01 4.8996293092e-12 
1.0108256593e+00 4.9158690284e-12 
1.0904348443e+00 4.9994901493e-12 
1.1688918141e+00 5.1312770183e-12 
1.2484062686e+00 5.2357552623e-12 
1.2917020930e+00 5.2684986383e-12 
1.3436570824e+00 5.3015023162e-12 
1.4060030696e+00 5.3338607300e-12 
1.4808182542e+00 5.3635646629e-12 
1.5705964758e+00 5.3906811825e-12 
1.6225216092e+00 5.4022746866e-12 
1.6848317693e+00 5.4158431815e-12 
1.7596039614e+00 5.4316252536e-12 
1.8493305919e+00 5.4501824423e-12 
1.9570025485e+00 5.4740194188e-12 
2.0694732468e+00 5.5036376999e-12 
2.1765311034e+00 5.5398189582e-12 
2.2830474457e+00 5.5880196796e-12 
2.3984104150e+00 5.6607662634e-12 
2.5000000000e+00 5.7506942943e-12 
2.5000000000e+00 -2.5098918440e-12 
2.5000000000e+00 2.7572814361e-13 
2.5000000000e+00 2.7772288469e-13 
2.4996932236e+00 -6.9406434056e-12 
2.4993250920e+00 -4.4476015487e-12 
2.4988833340e+00 -4.4872192383e-12 
2.4983532244e+00 -4.5318881146e-12 
2.4977170929e+00 -4.5645399637e-12 
2.4969537350e+00 -4.6192442346e-12 
2.4960377057e+00 -4.6782125007e-12 
2.4949384704e+00 -4.7402944836e-12 
2.4936193881e+00 -4.8038127892e-12 
2.4920364894e+00 -4.8665893798e-12 
2.4901370109e+00 -4.9260987260e-12 
2.4878576366e+00 -4.9797694489e-12 
2.4851223876e+00 -5.0254140538e-12 
2.4818400887e+00 -5.0616969483e-12 
2.4779013301e+00 -5.0884881390e-12 
2.4731748197e+00 -5.1069393565e-12 
2.4675030073e+00 -5.1191994838e-12 
2.4606968323e+00 -5.1278415960e-12 
2.4525294224e+00 -5.1352228123e-12 
2.4427285305e+00 -5.1430404983e-12 
2.4309674602e+00 -5.1522327190e-12 
2.4168541759e+00 -5.1631704929e-12 
2.3999182347e+00 -5.1759571794e-12 
2.3795951052e+00 -5.1906339195e-12 
2.3552073499e+00 -5.2072402371e-12 
2.3259420435e+00 -5.2257740167e-12 
2.2908236758e+00 -5.2461220906e-12 
2.2486816346e+00 -5.2679954125e-12 
2.1981111851e+00 -5.2908708139e-12 
2.1374266457e+00 -5.3139508709e-12 
2.0646051985e+00 -5.3360774247e-12 
1.9772194618e+00 -5.3556867178e-12 
1.8723565778e+00 -5.3706441117e-12 
1.7465211169e+00 -5.3777999327e-12 
1.5955185639e+00 -5.3717633576e-12 
1.4589803388e+00 -5.3489306313e-12 
1.3429202792e+00 -5.3086775197e-12 
1.2381577164e+00 -5.2428358604e-12 
1.1393920060e+00 -5.1318613015e-12 
1.0518879818e+00 -4.9827387142e-12 
9.7925506199e-01 -4.8928594819e-12 
9.2034223181e-01 -4.8912820529e-12 
8.7437114194e-01 -4.9059010819e-12 
8.3316457927e-01 -4.9178633316e-12 
7.8951940242e-01 -4.9310103509e-12 
7.4374287841e-01 -4.9460320790e-12 
6.9829570482e-01 -4.9620190694e-12 
6.5294916320e-01 -4.9789157869e-12 
6.0630045513e-01 -4.9972865204e-12 
5.5755847052e-01 -5.0176288021e-12 
5.0606423249e-01 -5.0405088071e-12 
4.4907724335e-01 -5.0676417370e-12 
3.8069285639e-01 -5.1029857965e-12 
2.9863159203e-01 -5.1501901188e-12 
2.0015807481e-01 -5.2154277831e-12 
9.3412998203e-02 -5.3005693226e-12 
0.0000000000e+00 -5.3931813159e-12 
