EXPORTED XY-GRAPH DATA
330 2 2
V[1]
I[ASPLIT_drain]
0.0000000000e+00 1.0245306612e-18 
0.0000000000e+00 -5.2304631538e-19 
0.0000000000e+00 -1.1077083237e-20 
0.0000000000e+00 -1.3314082403e-19 
0.0000000000e+00 -1.1327126875e-19 
0.0000000000e+00 -9.4358881775e-20 
0.0000000000e+00 -8.5766426009e-20 
0.0000000000e+00 5.8337689373e-20 
0.0000000000e+00 -2.1289600696e-21 
0.0000000000e+00 -4.1963077655e-21 
0.0000000000e+00 -3.7617999300e-20 
0.0000000000e+00 -3.2779786808e-20 
0.0000000000e+00 7.2523334747e-22 
0.0000000000e+00 1.9817127706e-20 
0.0000000000e+00 9.9658240925e-22 
0.0000000000e+00 1.0762195202e-23 
0.0000000000e+00 -1.2541589307e-20 
0.0000000000e+00 -1.1297451534e-20 
0.0000000000e+00 7.8132784402e-21 
0.0000000000e+00 -7.4058930357e-21 
0.0000000000e+00 -4.4091226255e-22 
0.0000000000e+00 -2.2439797993e-22 
0.0000000000e+00 6.3868526490e-23 
0.0000000000e+00 3.3368678172e-21 
0.0000000000e+00 7.5434033451e-24 
0.0000000000e+00 -2.5990951864e-21 
0.0000000000e+00 1.7680570987e-21 
0.0000000000e+00 -1.4744098719e-21 
0.0000000000e+00 1.1387331631e-22 
0.0000000000e+00 3.3327464624e-23 
0.0000000000e+00 -8.7826237579e-22 
0.0000000000e+00 2.2543641272e-23 
0.0000000000e+00 -1.2718781747e-22 
0.0000000000e+00 2.2213286362e-22 
0.0000000000e+00 1.2063793607e-23 
0.0000000000e+00 4.1136542938e-22 
0.0000000000e+00 -2.3546008713e-22 
0.0000000000e+00 9.2716369071e-23 
0.0000000000e+00 -1.1130946623e-22 
0.0000000000e+00 1.2085206781e-22 
0.0000000000e+00 -2.2461129529e-22 
0.0000000000e+00 1.2519590580e-23 
0.0000000000e+00 2.0492253093e-22 
0.0000000000e+00 2.4258117324e-24 
0.0000000000e+00 -9.5682329993e-11 
0.0000000000e+00 -6.3607575422e-11 
0.0000000000e+00 -6.4285250941e-11 
0.0000000000e+00 -6.5163627381e-11 
0.0000000000e+00 -6.6322286008e-11 
0.0000000000e+00 -6.7871020842e-11 
0.0000000000e+00 -6.9975814436e-11 
0.0000000000e+00 -7.2677064017e-11 
0.0000000000e+00 -7.4229486827e-11 
0.0000000000e+00 3.5487952432e-11 
0.0000000000e+00 -1.5699625961e-12 
0.0000000000e+00 -9.3691621886e-13 
0.0000000000e+00 -4.7386177932e-13 
0.0000000000e+00 -1.8476967252e-13 
0.0000000000e+00 -3.8639553618e-14 
0.0000000000e+00 1.3494231233e-14 
0.0000000000e+00 1.8885912828e-14 
0.0000000000e+00 1.0074951982e-14 
0.0000000000e+00 2.4067181819e-15 
0.0000000000e+00 -8.2701179581e-16 
0.0000000000e+00 -1.3179987903e-15 
0.0000000000e+00 -1.0458623595e-15 
0.0000000000e+00 -8.5002952759e-16 
0.0000000000e+00 -8.0548154222e-16 
0.0000000000e+00 -8.1127813527e-16 
0.0000000000e+00 -8.1717059256e-16 
0.0000000000e+00 -8.1814011798e-16 
0.0000000000e+00 -8.1783377239e-16 
0.0000000000e+00 -8.1758093475e-16 
0.0000000000e+00 -8.1738787873e-16 
0.0000000000e+00 -8.1716770832e-16 
0.0000000000e+00 -8.1690031242e-16 
0.0000000000e+00 -8.1657878446e-16 
0.0000000000e+00 -8.1619316637e-16 
0.0000000000e+00 -8.1573072725e-16 
0.0000000000e+00 -8.1517620341e-16 
0.0000000000e+00 -8.1451135132e-16 
0.0000000000e+00 -8.1384792709e-16 
2.1467666306e-01 9.0924130527e-12 
2.8506138838e-01 5.6344370523e-12 
3.1494899443e-01 5.6069551897e-12 
3.4647788256e-01 5.5785777660e-12 
3.8431254832e-01 5.5477459320e-12 
4.2971414723e-01 5.5166259484e-12 
4.8419606592e-01 5.4885925155e-12 
5.4146803541e-01 5.4712346185e-12 
5.9750571771e-01 5.4676558322e-12 
6.5633431290e-01 5.4799226235e-12 
7.1520779712e-01 5.5119363595e-12 
7.7579648946e-01 5.5688848141e-12 
8.4059385347e-01 5.6658992529e-12 
9.0457652909e-01 5.8058783959e-12 
9.6894412797e-01 6.0049345013e-12 
1.0385647138e+00 6.3078444336e-12 
1.1080013859e+00 6.7355185873e-12 
1.1422337815e+00 7.0085383152e-12 
1.1833126561e+00 7.4061595693e-12 
1.2326073056e+00 8.0153652540e-12 
1.2621840954e+00 8.4752717984e-12 
1.2976762431e+00 9.1474064274e-12 
1.3402668203e+00 1.0192594949e-11 
1.3913755129e+00 1.1977881545e-11 
1.4220407285e+00 1.3471963905e-11 
1.4588389873e+00 1.5941085141e-11 
1.4809179425e+00 1.7971751018e-11 
1.5074126888e+00 2.1329807457e-11 
1.5233095365e+00 2.4097454384e-11 
1.5423857539e+00 2.8690362025e-11 
1.5652772146e+00 3.7768160718e-11 
1.5790120911e+00 4.6983167651e-11 
1.5954939429e+00 6.7911824975e-11 
1.6053830539e+00 9.3799739323e-11 
1.6113165206e+00 1.2162745844e-10 
1.6184366805e+00 1.9387384588e-10 
1.6227087765e+00 3.0621256846e-10 
1.6252639599e+00 4.6608690325e-10 
1.6267970700e+00 6.7137783579e-10 
1.6286368021e+00 1.7442738969e-09 
1.6293166743e+00 4.6081264086e-09 
1.6296030922e+00 1.2130021435e-08 
1.6296736380e+00 1.6911566961e-08 
1.6297582929e+00 2.9881418922e-08 
1.6298043656e+00 4.6445332338e-08 
1.6298577325e+00 1.0511185930e-07 
1.6299013305e+00 4.7501584058e-07 
1.6299286537e+00 2.0696079653e-06 
1.6299477512e+00 6.4800038044e-06 
1.6299628475e+00 1.6835220065e-05 
1.6299755710e+00 3.7137424480e-05 
1.6299875896e+00 7.2135954125e-05 
1.6300012605e+00 1.2989780181e-04 
1.6300176654e+00 2.0676995117e-04 
1.6300342752e+00 2.7248162811e-04 
1.6300532250e+00 3.2154615730e-04 
1.6300759648e+00 3.5050443613e-04 
1.6301032525e+00 3.6216455586e-04 
1.6301353904e+00 3.6410661080e-04 
1.6301739558e+00 3.6296605966e-04 
1.6302202342e+00 3.6187190528e-04 
1.6302757684e+00 3.6149070148e-04 
1.6303424094e+00 3.6152746086e-04 
1.6304223787e+00 3.6166937137e-04 
1.6305183417e+00 3.6181070700e-04 
1.6306334974e+00 3.6195622907e-04 
1.6307716842e+00 3.6212567779e-04 
1.6309375084e+00 3.6232941785e-04 
1.6311364974e+00 3.6257381404e-04 
1.6313752842e+00 3.6286595054e-04 
1.6316618284e+00 3.6321437055e-04 
1.6320056814e+00 3.6362869970e-04 
1.6324183050e+00 3.6411914775e-04 
1.6329134533e+00 3.6469558877e-04 
1.6335076313e+00 3.6536625246e-04 
1.6342206449e+00 3.6613618300e-04 
1.6350762612e+00 3.6700826681e-04 
1.6361030008e+00 3.6798863377e-04 
1.6373350882e+00 3.6909553120e-04 
1.6388135932e+00 3.7036606211e-04 
1.6405877992e+00 3.7185512876e-04 
1.6427168464e+00 3.7362898691e-04 
1.6452717030e+00 3.7576111057e-04 
1.6483375309e+00 3.7833307708e-04 
1.6520165244e+00 3.8143941035e-04 
1.6564313166e+00 3.8519427170e-04 
1.6617290672e+00 3.8973829070e-04 
1.6680863680e+00 3.9524590704e-04 
1.6757151289e+00 4.0193424355e-04 
1.6848696421e+00 4.1007476827e-04 
1.6958550578e+00 4.2000919998e-04 
1.7090375567e+00 4.3216962919e-04 
1.7248565554e+00 4.4710692277e-04 
1.7438393538e+00 4.6553038766e-04 
1.7666187119e+00 4.8836026225e-04 
1.7939539416e+00 5.1679815672e-04 
1.8267562172e+00 5.5241656973e-04 
1.8661189480e+00 5.9729734101e-04 
1.9133542249e+00 6.5418900482e-04 
1.9700365572e+00 7.2672244008e-04 
2.0380553560e+00 8.1969198341e-04 
2.1196779145e+00 9.3932630984e-04 
2.2176249848e+00 1.0935766212e-03 
2.3351614690e+00 1.2924283709e-03 
2.4595301577e+00 1.5170279342e-03 
2.5000000000e+00 1.5928900259e-03 
2.5000000000e+00 1.5929381731e-03 
2.5000000000e+00 1.5929234742e-03 
2.5000000000e+00 1.5929224201e-03 
2.5000000000e+00 1.5929224916e-03 
2.5000000000e+00 1.5929225115e-03 
2.4392795848e+00 1.4796326820e-03 
2.3916555646e+00 1.3928358760e-03 
2.3554390668e+00 1.3281676850e-03 
2.3119792694e+00 1.2521658957e-03 
2.2598275125e+00 1.1634004615e-03 
2.1972454042e+00 1.0606301671e-03 
2.1253121951e+00 9.4794686729e-04 
2.0563308492e+00 8.4578896639e-04 
1.9889711842e+00 7.5201873395e-04 
1.9182573533e+00 6.6033738942e-04 
1.8423412726e+00 5.6996452281e-04 
1.7617621071e+00 4.8348207928e-04 
1.6763960378e+00 4.0258903153e-04 
1.5850133983e+00 3.2797126768e-04 
1.4867030165e+00 2.6070427291e-04 
1.3820509828e+00 2.0239281699e-04 
1.2742527445e+00 1.5460365118e-04 
1.1684583880e+00 1.1762899282e-04 
1.0725085542e+00 9.0890506005e-05 
9.9250764129e-01 7.2551491367e-05 
9.3286073572e-01 6.0802800400e-05 
8.8704558456e-01 5.2740485710e-05 
8.4118558897e-01 4.5417393084e-05 
7.9114985166e-01 3.8194881384e-05 
7.4057210827e-01 3.1625392469e-05 
6.9131450528e-01 2.5867245376e-05 
6.4197141965e-01 2.0684487279e-05 
5.9082475310e-01 1.5896446529e-05 
5.3660143505e-01 1.1456349782e-05 
4.7552575859e-01 7.2380095898e-06 
4.3888035272e-01 5.1221974794e-06 
4.1689310920e-01 4.0125541492e-06 
3.9050841697e-01 2.8506769817e-06 
3.7467760164e-01 2.2478572994e-06 
3.5568062323e-01 1.6235609129e-06 
3.3288424915e-01 1.0232093912e-06 
3.1920642470e-01 7.4179159999e-07 
3.0279303536e-01 4.7954645577e-07 
2.9294500175e-01 3.5887900419e-07 
2.8112736143e-01 2.4628596217e-07 
2.7403677723e-01 1.9362674892e-07 
2.6552807620e-01 1.4304180602e-07 
2.5531763496e-01 9.7598281581e-08 
2.4919137021e-01 7.6967677833e-08 
2.4183985252e-01 5.7497908383e-08 
2.3301803129e-01 4.0239015054e-08 
2.2772493855e-01 3.2435921901e-08 
2.2137322726e-01 2.5046411086e-08 
2.1375117371e-01 1.8410376478e-08 
2.0917794159e-01 1.5347056552e-08 
2.0369006303e-01 1.2379625631e-08 
2.0039733590e-01 1.0906366067e-08 
1.9644606335e-01 9.3904475346e-09 
1.9170453628e-01 7.8756553014e-09 
1.8885962004e-01 7.1014942222e-09 
1.8544572055e-01 6.2855281777e-09 
1.8134904116e-01 5.4458951921e-09 
1.7889103353e-01 5.0052965460e-09 
1.7594142437e-01 4.5307633779e-09 
1.7240189338e-01 4.0297354352e-09 
1.7027817478e-01 3.7607828991e-09 
1.6772971247e-01 3.4657699497e-09 
1.6620063508e-01 3.3020588880e-09 
1.6436574221e-01 3.1176883273e-09 
1.6216387077e-01 2.9124977106e-09 
1.5952162505e-01 2.6873077064e-09 
1.5793627761e-01 2.5622745307e-09 
1.5603386069e-01 2.4213857263e-09 
1.5375096038e-01 2.2644813241e-09 
1.5238122020e-01 2.1762462911e-09 
1.5073753197e-01 2.0758000947e-09 
1.4876510611e-01 1.9625784506e-09 
1.4758165059e-01 1.8982394321e-09 
1.4616150397e-01 1.8243814815e-09 
1.4445732802e-01 1.7402937510e-09 
1.4343482245e-01 1.6920974524e-09 
1.4220781577e-01 1.6363824991e-09 
1.4073540775e-01 1.5724298342e-09 
1.3985196294e-01 1.5355123850e-09 
1.3879182916e-01 1.4925884250e-09 
1.3751966863e-01 1.4429869142e-09 
1.3599307600e-01 1.3860651778e-09 
1.3507712042e-01 1.3532160783e-09 
1.3397797372e-01 1.3150317312e-09 
1.3265899768e-01 1.2709119345e-09 
1.3107622644e-01 1.2203013897e-09 
1.2917690095e-01 1.1627342703e-09 
1.2803730565e-01 1.1297616735e-09 
1.2666979130e-01 1.0916645734e-09 
1.2502877408e-01 1.0479602075e-09 
1.2305955341e-01 9.9824360357e-10 
1.2187802100e-01 9.6976431715e-10 
1.2046018212e-01 9.3685516793e-10 
1.1875877546e-01 8.9909638573e-10 
1.1671708747e-01 8.5613463256e-10 
1.1549207468e-01 8.3151846122e-10 
1.1402205932e-01 8.0306781771e-10 
1.1225804090e-01 7.7041563848e-10 
1.1014121879e-01 7.3324989034e-10 
1.0887112553e-01 7.1194801425e-10 
1.0734701361e-01 6.8731996912e-10 
1.0551807931e-01 6.5904343977e-10 
1.0332335814e-01 6.2684106816e-10 
1.0200652545e-01 6.0837462220e-10 
1.0042632621e-01 5.8701517427e-10 
9.8530087124e-02 5.6247730433e-10 
9.6254600223e-02 5.3451166482e-10 
9.4889308082e-02 5.1846342260e-10 
9.3250957514e-02 4.9988943434e-10 
9.1284936831e-02 4.7853443319e-10 
8.8925712012e-02 4.5417106429e-10 
8.6094642229e-02 4.2662202748e-10 
8.4396000359e-02 4.1091608004e-10 
8.2357630116e-02 3.9282994679e-10 
7.9911585823e-02 3.7215388545e-10 
7.6976332672e-02 3.4871290596e-10 
7.5215180782e-02 3.3531614626e-10 
7.3101798513e-02 3.1985606906e-10 
7.0565739791e-02 3.0213390515e-10 
6.7522469324e-02 2.8197138254e-10 
6.3870544764e-02 2.5922204251e-10 
6.1679390027e-02 2.4626442353e-10 
5.9050004344e-02 2.3134159491e-10 
5.5894741524e-02 2.1426239435e-10 
5.2108426140e-02 1.9484381346e-10 
4.9836636909e-02 1.8370429346e-10 
4.7110489833e-02 1.7079562755e-10 
4.3839113341e-02 1.5590566417e-10 
3.9913461551e-02 1.3880738595e-10 
3.5202679403e-02 1.1924836422e-10 
2.9549740825e-02 9.6927405884e-11 
2.6157977678e-02 8.4037015841e-11 
2.2087861902e-02 6.8970387863e-11 
1.7203722971e-02 5.1368510635e-11 
1.1342756253e-02 3.0759870847e-11 
4.3095961920e-03 6.5366794614e-12 
0.0000000000e+00 -8.1189127201e-12 
