EXPORTED XY-GRAPH DATA
357 2 2
V[1]
I[ASPLIT_drain]
0.0000000000e+00 1.0245306612e-18 
0.0000000000e+00 -5.2304631538e-19 
0.0000000000e+00 -1.1077083237e-20 
0.0000000000e+00 -1.3314082403e-19 
0.0000000000e+00 -1.1327126875e-19 
0.0000000000e+00 -9.4358881775e-20 
0.0000000000e+00 -8.5766426009e-20 
0.0000000000e+00 5.8337689373e-20 
0.0000000000e+00 -2.1289600696e-21 
0.0000000000e+00 -4.1963077655e-21 
0.0000000000e+00 -3.7617999300e-20 
0.0000000000e+00 -3.2779786808e-20 
0.0000000000e+00 7.2523334747e-22 
0.0000000000e+00 1.9817127706e-20 
0.0000000000e+00 9.9658240925e-22 
0.0000000000e+00 1.0762195202e-23 
0.0000000000e+00 -1.2541589307e-20 
0.0000000000e+00 -1.1297451534e-20 
0.0000000000e+00 7.8132784402e-21 
0.0000000000e+00 -7.4058930357e-21 
0.0000000000e+00 -4.4091226255e-22 
0.0000000000e+00 -2.2439797993e-22 
0.0000000000e+00 6.3868526490e-23 
0.0000000000e+00 3.3368678172e-21 
0.0000000000e+00 7.5434033451e-24 
0.0000000000e+00 -2.5990951864e-21 
0.0000000000e+00 1.7680570987e-21 
0.0000000000e+00 -1.4744098719e-21 
0.0000000000e+00 1.1387331631e-22 
0.0000000000e+00 3.3327464624e-23 
0.0000000000e+00 -8.7826237579e-22 
0.0000000000e+00 2.2543641272e-23 
0.0000000000e+00 -1.2718781747e-22 
0.0000000000e+00 2.2213286362e-22 
0.0000000000e+00 1.2063793607e-23 
0.0000000000e+00 4.1136542938e-22 
0.0000000000e+00 -2.3546008713e-22 
0.0000000000e+00 9.2716369071e-23 
0.0000000000e+00 -1.1130946623e-22 
0.0000000000e+00 1.2085206781e-22 
0.0000000000e+00 -2.2461129529e-22 
0.0000000000e+00 1.2519590580e-23 
0.0000000000e+00 2.0492253093e-22 
0.0000000000e+00 2.4258117324e-24 
0.0000000000e+00 -1.3442354869e-10 
0.0000000000e+00 -9.0025111221e-11 
0.0000000000e+00 -9.1278913339e-11 
0.0000000000e+00 -9.2890821801e-11 
0.0000000000e+00 -9.5029907155e-11 
0.0000000000e+00 -9.7925726828e-11 
0.0000000000e+00 -1.0156537558e-10 
0.0000000000e+00 -1.0564493759e-10 
0.0000000000e+00 -1.0996868716e-10 
0.0000000000e+00 -1.1443840734e-10 
0.0000000000e+00 -1.1551004868e-10 
0.0000000000e+00 5.0010367671e-11 
0.0000000000e+00 -7.5865677834e-12 
0.0000000000e+00 -7.0672916009e-12 
0.0000000000e+00 -6.4528530214e-12 
0.0000000000e+00 -5.7425192217e-12 
0.0000000000e+00 -4.9423796958e-12 
0.0000000000e+00 -4.0741700606e-12 
0.0000000000e+00 -3.1791571136e-12 
0.0000000000e+00 -2.3170426284e-12 
0.0000000000e+00 -1.5557569047e-12 
0.0000000000e+00 -9.5264716648e-13 
0.0000000000e+00 -5.3495927538e-13 
0.0000000000e+00 -2.9125700488e-13 
0.0000000000e+00 -1.7962856414e-13 
0.0000000000e+00 -1.4720059309e-13 
0.0000000000e+00 -1.4909987116e-13 
0.0000000000e+00 -1.5803262623e-13 
0.0000000000e+00 -1.6333626492e-13 
0.0000000000e+00 -1.6418491846e-13 
0.0000000000e+00 -1.6278344862e-13 
0.0000000000e+00 -1.6076995724e-13 
0.0000000000e+00 -1.5862233787e-13 
0.0000000000e+00 -1.5626472898e-13 
0.0000000000e+00 -1.5356148346e-13 
0.0000000000e+00 -1.5044130705e-13 
0.0000000000e+00 -1.4686721793e-13 
0.0000000000e+00 -1.4281001642e-13 
0.0000000000e+00 -1.3824652566e-13 
0.0000000000e+00 -1.3316489789e-13 
0.0000000000e+00 -1.2756901157e-13 
0.0000000000e+00 -1.2148160267e-13 
0.0000000000e+00 -1.1494630063e-13 
0.0000000000e+00 -1.0802813252e-13 
0.0000000000e+00 -1.0081206093e-13 
0.0000000000e+00 -9.5163630244e-14 
9.7430904065e-02 1.3224099506e-11 
1.2843037628e-01 1.1298055472e-11 
1.5776894193e-01 1.1795243148e-11 
1.9155777331e-01 1.2462684699e-11 
2.3210437097e-01 1.3277149722e-11 
2.5318921107e-01 1.3923942297e-11 
2.7849101919e-01 1.4654886117e-11 
3.0885318893e-01 1.5476965150e-11 
3.4528779262e-01 1.6765358141e-11 
3.6714855484e-01 1.7865312174e-11 
3.9338146949e-01 1.9141764060e-11 
4.0912121829e-01 1.9995952933e-11 
4.2800891684e-01 2.1121820147e-11 
4.3934153597e-01 2.1857873926e-11 
4.5294067893e-01 2.2808327871e-11 
4.6925965048e-01 2.4059222254e-11 
4.7905103341e-01 2.4873727043e-11 
4.9080069292e-01 2.5923984126e-11 
5.0490028434e-01 2.7302432623e-11 
5.2181979405e-01 2.9155451067e-11 
5.3197149987e-01 3.0388019132e-11 
5.4415354685e-01 3.2007004304e-11 
5.5877200324e-01 3.4186724150e-11 
5.6754307707e-01 3.5638812801e-11 
5.7806836566e-01 3.7549190539e-11 
5.9069871198e-01 4.0122021685e-11 
5.9827691977e-01 4.1845995867e-11 
6.0737076911e-01 4.4114262865e-11 
6.1828338833e-01 4.7183383084e-11 
6.2483095986e-01 4.9237238339e-11 
6.3268804570e-01 5.1951325402e-11 
6.4211654870e-01 5.5635559910e-11 
6.5343075230e-01 6.0823749721e-11 
6.6021927446e-01 6.4431357626e-11 
6.6836550106e-01 6.9378072171e-11 
6.7814097297e-01 7.6448439228e-11 
6.8400625612e-01 8.1436386063e-11 
6.9104459590e-01 8.8375153233e-11 
6.9526759976e-01 9.3144207008e-11 
7.0033520440e-01 9.9610114219e-11 
7.0641632997e-01 1.0870410735e-10 
7.1371368065e-01 1.2217604539e-10 
7.1809209106e-01 1.3202396535e-10 
7.2334618355e-01 1.4622549509e-10 
7.2965109454e-01 1.6810176039e-10 
7.3343404113e-01 1.8473243435e-10 
7.3797357705e-01 2.0976325233e-10 
7.4069729859e-01 2.2835553881e-10 
7.4396576445e-01 2.5564828426e-10 
7.4788792348e-01 2.9885301340e-10 
7.5259451431e-01 3.7631758731e-10 
7.5541846881e-01 4.4573006073e-10 
7.5711284151e-01 5.0079352670e-10 
7.5914608875e-01 5.8809783517e-10 
7.6158598544e-01 7.4554255167e-10 
7.6304992345e-01 8.8739898847e-10 
7.6480664907e-01 1.1509099279e-09 
7.6586068444e-01 1.3970911203e-09 
7.6712552688e-01 1.8789269340e-09 
7.6788443235e-01 2.3575662295e-09 
7.6879511890e-01 3.3866922175e-09 
7.6934153084e-01 4.5348234549e-09 
7.6999722516e-01 7.5797697294e-09 
7.7032828870e-01 1.1010457926e-08 
7.7072556494e-01 2.2931107419e-08 
7.7089458192e-01 3.6486955225e-08 
7.7109087509e-01 8.6686777069e-08 
7.7125334989e-01 4.4426536451e-07 
7.7135299771e-01 1.5812369935e-06 
7.7141640025e-01 3.3451549148e-06 
7.7148142920e-01 6.8178864125e-06 
7.7154372584e-01 1.2078544368e-05 
7.7161848181e-01 1.9681616572e-05 
7.7170527380e-01 2.7283085965e-05 
7.7179084623e-01 3.2046020557e-05 
7.7189353315e-01 3.4770094233e-05 
7.7201675744e-01 3.5806777723e-05 
7.7216325656e-01 3.5953134256e-05 
7.7233739813e-01 3.5847817279e-05 
7.7254636800e-01 3.5772045406e-05 
7.7279713185e-01 3.5770344445e-05 
7.7309804848e-01 3.5808831819e-05 
7.7345914842e-01 3.5860572790e-05 
7.7389246836e-01 3.5919413606e-05 
7.7441245228e-01 3.5988210666e-05 
7.7503643299e-01 3.6070612294e-05 
7.7578520983e-01 3.6169735379e-05 
7.7668374205e-01 3.6288929607e-05 
7.7776198071e-01 3.6432260720e-05 
7.7905586710e-01 3.6604686362e-05 
7.8060853077e-01 3.6812219053e-05 
7.8247172718e-01 3.7062154254e-05 
7.8470756287e-01 3.7363362240e-05 
7.8739056569e-01 3.7726686960e-05 
7.9061016908e-01 3.8165380456e-05 
7.9447369314e-01 3.8695742649e-05 
7.9910992202e-01 3.9337869096e-05 
8.0467339668e-01 4.0116720425e-05 
8.1134956626e-01 4.1063400615e-05 
8.1936096977e-01 4.2217054981e-05 
8.2897465397e-01 4.3627255266e-05 
8.4051107502e-01 4.5357476330e-05 
8.5435478027e-01 4.7489829154e-05 
8.7096722657e-01 5.0131863145e-05 
8.9090216214e-01 5.3426589730e-05 
9.1482408482e-01 5.7567465478e-05 
9.4353039203e-01 6.2821168466e-05 
9.7797796069e-01 6.9561194562e-05 
1.0193150431e+00 7.8330712528e-05 
1.0689195419e+00 8.9938070903e-05 
1.1284449406e+00 1.0562301006e-04 
1.1998754190e+00 1.2734402425e-04 
1.2855919930e+00 1.5831342331e-04 
1.3884518818e+00 2.0397305693e-04 
1.5118837485e+00 2.7371148643e-04 
1.6600019884e+00 3.8339611353e-04 
1.8377438763e+00 5.5750861668e-04 
2.0382674799e+00 8.1053216001e-04 
2.1788051490e+00 1.0205671763e-03 
2.3145848330e+00 1.2455453020e-03 
2.4705939053e+00 1.5261575007e-03 
2.5000000000e+00 1.5813242093e-03 
2.5000000000e+00 1.5813640246e-03 
2.5000000000e+00 1.5813523325e-03 
2.5000000000e+00 1.5813511830e-03 
2.5000000000e+00 1.5813512382e-03 
2.5000000000e+00 1.5813512617e-03 
2.5000000000e+00 1.5813512618e-03 
2.4849383090e+00 1.5530481166e-03 
2.4668642797e+00 1.5192664506e-03 
2.4451754447e+00 1.4790769835e-03 
2.4191488426e+00 1.4313593892e-03 
2.3879169201e+00 1.3748434307e-03 
2.3504386130e+00 1.3081741528e-03 
2.3054646446e+00 1.2298971986e-03 
2.2514958825e+00 1.1386207643e-03 
2.1867333680e+00 1.0332169540e-03 
2.1090183506e+00 9.1323246702e-04 
2.0157603297e+00 7.7935805957e-04 
1.9115210280e+00 6.4388087209e-04 
1.8051286188e+00 5.2204891463e-04 
1.6975683191e+00 4.1628626111e-04 
1.5895475478e+00 3.2744642251e-04 
1.4859183405e+00 2.5755586328e-04 
1.3933495841e+00 2.0643127782e-04 
1.3164780483e+00 1.7099249062e-04 
1.2583843902e+00 1.4786692549e-04 
1.2115887744e+00 1.3126016865e-04 
1.1643857164e+00 1.1614808831e-04 
1.1138099398e+00 1.0159430001e-04 
1.0630730928e+00 8.8522496391e-05 
1.0133325304e+00 7.7030987143e-05 
9.6299002608e-01 6.6586049492e-05 
9.1059730507e-01 5.6838681077e-05 
8.5497871251e-01 4.7605938484e-05 
7.9295354605e-01 3.8505817276e-05 
7.1852334630e-01 2.9043597270e-05 
6.2920710660e-01 1.9533588645e-05 
5.2202761896e-01 1.0509608796e-05 
4.5771992638e-01 6.3157044563e-06 
4.1913531082e-01 4.2647176235e-06 
3.9598454149e-01 3.2152941093e-06 
3.6820361830e-01 2.1495157808e-06 
3.5153506438e-01 1.6174198690e-06 
3.3153279968e-01 1.0902605445e-06 
3.1953144086e-01 8.3288521836e-07 
3.0512981027e-01 5.8125395296e-07 
2.9648883192e-01 4.5884126818e-07 
2.8611965790e-01 3.3812453077e-07 
2.7367664907e-01 2.2706267580e-07 
2.6621084378e-01 1.7590865365e-07 
2.5725187742e-01 1.2745505706e-07 
2.4650111780e-01 8.4742729961e-08 
2.4005066202e-01 6.5724807936e-08 
2.3231011509e-01 4.8081098709e-08 
2.2302145878e-01 3.2786959656e-08 
2.1744826499e-01 2.6021681708e-08 
2.1076043244e-01 1.9733020033e-08 
2.0674773291e-01 1.6738281928e-08 
2.0193249348e-01 1.3767366299e-08 
1.9615420616e-01 1.0933669765e-08 
1.9268723376e-01 9.5472178193e-09 
1.8852686689e-01 8.1378269733e-09 
1.8353442665e-01 6.7498073302e-09 
1.8053896250e-01 6.0494284835e-09 
1.7694440552e-01 5.3186298103e-09 
1.7478767134e-01 4.9304400293e-09 
1.7219959031e-01 4.5083590269e-09 
1.6909389309e-01 4.0577242705e-09 
1.6723047475e-01 3.8134680266e-09 
1.6499437274e-01 3.5435229108e-09 
1.6231105034e-01 3.2496910255e-09 
1.6070105690e-01 3.0877090502e-09 
1.5876906476e-01 2.9062432830e-09 
1.5645067421e-01 2.7055095278e-09 
1.5505963987e-01 2.5932894042e-09 
1.5339039867e-01 2.4661441697e-09 
1.5138730923e-01 2.3236202013e-09 
1.5018545556e-01 2.2430186744e-09 
1.4874323117e-01 2.1508448691e-09 
1.4701256189e-01 2.0463853833e-09 
1.4597416032e-01 1.9867470932e-09 
1.4472807844e-01 1.9180215968e-09 
1.4323278018e-01 1.8394391252e-09 
1.4233560123e-01 1.7942137101e-09 
1.4125898649e-01 1.7417680636e-09 
1.3996704879e-01 1.6813436047e-09 
1.3841672356e-01 1.6122539166e-09 
1.3748652842e-01 1.5725050164e-09 
1.3637029426e-01 1.5264134738e-09 
1.3503081325e-01 1.4733309403e-09 
1.3342343605e-01 1.4126241544e-09 
1.3245900973e-01 1.3777018740e-09 
1.3130169815e-01 1.3372098025e-09 
1.2991292425e-01 1.2905602196e-09 
1.2824639557e-01 1.2372302500e-09 
1.2724647836e-01 1.2065507497e-09 
1.2604657771e-01 1.1709753330e-09 
1.2460669693e-01 1.1299902276e-09 
1.2287883999e-01 1.0831557395e-09 
1.2184212583e-01 1.0561891533e-09 
1.2059806883e-01 1.0249243408e-09 
1.1910520044e-01 9.8889922049e-10 
1.1731375837e-01 9.4770254957e-10 
1.1623889312e-01 9.2399535843e-10 
1.1494905483e-01 8.9649773996e-10 
1.1340124888e-01 8.6480629985e-10 
1.1154388174e-01 8.2855384141e-10 
1.0931504117e-01 7.8744468963e-10 
1.0797773683e-01 7.6395680602e-10 
1.0637297162e-01 7.3686810980e-10 
1.0444725337e-01 7.0585339155e-10 
1.0213639147e-01 6.7064402186e-10 
1.0074987433e-01 6.5050609114e-10 
9.9086053760e-02 6.2726010366e-10 
9.7089469077e-02 6.0061510290e-10 
9.4693567458e-02 5.7033448153e-10 
9.3256026486e-02 5.5298250283e-10 
9.1530977320e-02 5.3293411817e-10 
8.9460918321e-02 5.0992113835e-10 
8.6976847522e-02 4.8371084188e-10 
8.5486405042e-02 4.6867487770e-10 
8.3697874067e-02 4.5127322562e-10 
8.1551636897e-02 4.3126183138e-10 
7.8976152292e-02 4.0841675971e-10 
7.5885570767e-02 3.8255000121e-10 
7.4031221852e-02 3.6777887504e-10 
7.1806003154e-02 3.5073919126e-10 
6.9135740716e-02 3.3120859937e-10 
6.5931425790e-02 3.0898107128e-10 
6.4008836835e-02 2.9622721389e-10 
6.1701730089e-02 2.8146025208e-10 
5.8933201993e-02 2.6443427373e-10 
5.5610968279e-02 2.4493037069e-10 
5.1624287821e-02 2.2270792633e-10 
4.9232279546e-02 2.0993260089e-10 
4.6361869617e-02 1.9511178578e-10 
4.2917377701e-02 1.7790046054e-10 
3.8783987403e-02 1.5804394957e-10 
3.3823919045e-02 1.3514436568e-10 
3.0847878030e-02 1.2180582630e-10 
2.7276628812e-02 1.0611890983e-10 
2.2991129751e-02 8.7664099967e-11 
1.7848530877e-02 6.5887375839e-11 
1.1677412228e-02 4.0036407048e-11 
4.2720698502e-03 9.0927923924e-12 
0.0000000000e+00 -8.8451248050e-12 
