EXPORTED XY-GRAPH DATA
377 2 2
V[1]
I[ASPLIT_drain]
0.0000000000e+00 -3.0027890627e-20 
0.0000000000e+00 1.4304317520e-20 
0.0000000000e+00 1.0088978393e-20 
0.0000000000e+00 -1.5333068052e-19 
0.0000000000e+00 -1.1846823207e-19 
0.0000000000e+00 -1.0470592406e-19 
0.0000000000e+00 -8.0851918980e-20 
0.0000000000e+00 5.5054911367e-20 
0.0000000000e+00 -4.4988822155e-21 
0.0000000000e+00 -2.5687051853e-21 
0.0000000000e+00 -4.1552311470e-20 
0.0000000000e+00 -3.3376686782e-20 
0.0000000000e+00 2.5504950459e-21 
0.0000000000e+00 2.0160615269e-20 
0.0000000000e+00 -4.9923891885e-22 
0.0000000000e+00 1.5655571888e-21 
0.0000000000e+00 -1.3928095479e-20 
0.0000000000e+00 -9.8432831873e-21 
0.0000000000e+00 8.1072918458e-21 
0.0000000000e+00 -8.2065869549e-21 
0.0000000000e+00 2.7140317228e-22 
0.0000000000e+00 -2.0874082101e-22 
0.0000000000e+00 -6.7287213668e-23 
0.0000000000e+00 3.3800566828e-21 
0.0000000000e+00 -2.1685526848e-22 
0.0000000000e+00 -2.3198959365e-21 
0.0000000000e+00 1.7620477721e-21 
0.0000000000e+00 -1.7721944695e-21 
0.0000000000e+00 -6.3847940244e-23 
0.0000000000e+00 9.5880667195e-23 
0.0000000000e+00 -1.1886449173e-21 
0.0000000000e+00 5.2273303030e-23 
0.0000000000e+00 1.6934265513e-22 
0.0000000000e+00 3.9390196623e-23 
0.0000000000e+00 1.1247585387e-22 
0.0000000000e+00 4.2950208049e-22 
0.0000000000e+00 -3.0256329197e-22 
0.0000000000e+00 2.4564679308e-22 
0.0000000000e+00 -2.2939473557e-22 
0.0000000000e+00 3.6570377039e-22 
0.0000000000e+00 -3.2073589992e-22 
0.0000000000e+00 -1.5990583462e-22 
0.0000000000e+00 9.0610923537e-23 
0.0000000000e+00 -1.4674936697e-22 
0.0000000000e+00 -9.0396360837e-11 
0.0000000000e+00 -6.0096614574e-11 
0.0000000000e+00 -6.1247693799e-11 
0.0000000000e+00 -6.2850575967e-11 
0.0000000000e+00 -6.5072032180e-11 
0.0000000000e+00 -6.8143331776e-11 
0.0000000000e+00 -6.9547133680e-11 
0.0000000000e+00 3.1062480556e-11 
0.0000000000e+00 -2.7014473238e-12 
0.0000000000e+00 -1.7515671673e-12 
0.0000000000e+00 -9.6865379043e-13 
0.0000000000e+00 -4.2452612862e-13 
0.0000000000e+00 -1.1917586081e-13 
0.0000000000e+00 6.6470680100e-15 
0.0000000000e+00 3.2047659960e-14 
0.0000000000e+00 2.0501212577e-14 
0.0000000000e+00 6.1272356682e-15 
0.0000000000e+00 -1.0313325673e-15 
0.0000000000e+00 -2.6168077180e-15 
0.0000000000e+00 -2.2706783849e-15 
0.0000000000e+00 -1.8781462762e-15 
0.0000000000e+00 -1.7622059275e-15 
0.0000000000e+00 -1.7645794490e-15 
0.0000000000e+00 -1.7763296057e-15 
0.0000000000e+00 -1.7790997817e-15 
0.0000000000e+00 -1.7787287016e-15 
0.0000000000e+00 -1.7782862687e-15 
0.0000000000e+00 -1.7779835291e-15 
0.0000000000e+00 -1.7776565974e-15 
0.0000000000e+00 -1.7772592785e-15 
0.0000000000e+00 -1.7767808231e-15 
0.0000000000e+00 -1.7762070267e-15 
0.0000000000e+00 -1.7755190639e-15 
0.0000000000e+00 -1.7748541019e-15 
2.0968316065e-01 9.2144416853e-12 
2.7810439468e-01 5.6984185172e-12 
3.0683529469e-01 5.6632720465e-12 
3.3644006908e-01 5.6281680146e-12 
3.7196579835e-01 5.5883782545e-12 
4.1459667348e-01 5.5434091443e-12 
4.6575372363e-01 5.4935302530e-12 
5.2079445870e-01 5.4447411166e-12 
5.7737613229e-01 5.3993949754e-12 
6.3320506645e-01 5.3590297121e-12 
6.8853627746e-01 5.3229898232e-12 
7.4922806606e-01 5.2876586956e-12 
8.1114505841e-01 5.2563011774e-12 
8.7148950361e-01 5.2303516582e-12 
9.3647606902e-01 5.2073879088e-12 
1.0032948111e+00 5.1896210585e-12 
1.0685114792e+00 5.1783062763e-12 
1.1375120723e+00 5.1737866976e-12 
1.2095975659e+00 5.1799514607e-12 
1.2801716157e+00 5.2005101738e-12 
1.3517306402e+00 5.2499046300e-12 
1.4292080594e+00 5.3662670432e-12 
1.5067729327e+00 5.5596028478e-12 
1.5831538591e+00 5.7686526338e-12 
1.6246794387e+00 5.8734507854e-12 
1.6745101343e+00 6.0011684279e-12 
1.7343069690e+00 6.1653544728e-12 
1.7701850698e+00 6.2708471272e-12 
1.8132387908e+00 6.4100274523e-12 
1.8649032559e+00 6.5995159270e-12 
1.9269006141e+00 6.8687582151e-12 
2.0012974440e+00 7.2762637091e-12 
2.0905736398e+00 7.9542014469e-12 
2.1977050748e+00 9.2780624903e-12 
2.2511247437e+00 1.0323126180e-11 
2.3152283464e+00 1.2285124265e-11 
2.3536905080e+00 1.4151850933e-11 
2.3998451020e+00 1.7914203367e-11 
2.4275378583e+00 2.1833627649e-11 
2.4607691660e+00 3.1133366668e-11 
2.4803845830e+00 4.3137826826e-11 
2.5000000000e+00 7.7211040802e-11 
2.5000000000e+00 9.2645947310e-11 
2.5000000000e+00 1.4731334000e-10 
2.5000000000e+00 2.2612260268e-10 
2.5000000000e+00 3.3041278484e-10 
2.5000000000e+00 4.5264799877e-10 
2.5000000000e+00 8.5767469611e-10 
2.5000000000e+00 1.4453656103e-09 
2.5000000000e+00 2.2177228613e-09 
2.5000000000e+00 3.2053846095e-09 
2.5000000000e+00 8.2603164707e-09 
2.5000000000e+00 1.7885864559e-08 
2.5000000000e+00 3.1722637676e-08 
2.5000000000e+00 5.2014793164e-08 
2.5000000000e+00 1.8739758878e-07 
2.5000000000e+00 3.2118270675e-07 
2.5000000000e+00 6.8681010833e-07 
2.5000000000e+00 1.7162623521e-06 
2.5000000000e+00 3.9511648423e-06 
2.5000000000e+00 9.2497068060e-06 
2.5000000000e+00 2.2648271014e-05 
2.5000000000e+00 5.5173478000e-05 
2.5000000000e+00 1.2585345605e-04 
2.5000000000e+00 2.5613518484e-04 
2.5000000000e+00 4.6335285103e-04 
2.5000000000e+00 7.0127277650e-04 
2.5000000000e+00 9.1710613477e-04 
2.5000000000e+00 1.0424443599e-03 
2.5000000000e+00 1.1392219739e-03 
2.5000000000e+00 1.2183161262e-03 
2.5000000000e+00 1.2661151263e-03 
2.5000000000e+00 1.2975186396e-03 
2.5000000000e+00 1.3165302460e-03 
2.5000000000e+00 1.3259568707e-03 
2.5000000000e+00 1.3292787352e-03 
2.5000000000e+00 1.3296144095e-03 
2.5000000000e+00 1.3290580719e-03 
2.5000000000e+00 1.3285881050e-03 
2.5000000000e+00 1.3284116120e-03 
2.5000000000e+00 1.3284184592e-03 
2.5000000000e+00 1.3284818146e-03 
2.5000000000e+00 1.3285490542e-03 
2.5000000000e+00 1.3286171628e-03 
2.5000000000e+00 1.3286947446e-03 
2.5000000000e+00 1.3287874489e-03 
2.5000000000e+00 1.3288983761e-03 
2.5000000000e+00 1.3290304754e-03 
2.5000000000e+00 1.3291872514e-03 
2.5000000000e+00 1.3293726337e-03 
2.5000000000e+00 1.3295907189e-03 
2.5000000000e+00 1.3298453906e-03 
2.5000000000e+00 1.3301396343e-03 
2.5000000000e+00 1.3304743573e-03 
2.5000000000e+00 1.3308465855e-03 
2.5000000000e+00 1.3312470649e-03 
2.5000000000e+00 1.3316580740e-03 
2.5000000000e+00 1.3320531697e-03 
2.5000000000e+00 1.3324012891e-03 
2.5000000000e+00 1.3326756885e-03 
2.5000000000e+00 1.3328637854e-03 
2.5000000000e+00 1.3329714944e-03 
2.5000000000e+00 1.3330191481e-03 
2.5000000000e+00 1.3330317061e-03 
2.5000000000e+00 1.3330298006e-03 
2.5000000000e+00 1.3330254573e-03 
2.5000000000e+00 1.3330229388e-03 
2.5000000000e+00 1.3330222415e-03 
2.5000000000e+00 1.3330222903e-03 
2.5000000000e+00 1.3330224161e-03 
2.5000000000e+00 1.3330224618e-03 
2.5000000000e+00 1.3330224640e-03 
2.5000000000e+00 1.3330224603e-03 
2.5000000000e+00 1.3330224591e-03 
2.5000000000e+00 1.3330224591e-03 
2.5000000000e+00 1.3330224592e-03 
2.5000000000e+00 1.3330224592e-03 
2.5000000000e+00 1.3330224592e-03 
2.5000000000e+00 1.3330224592e-03 
2.5000000000e+00 1.3330224592e-03 
2.5000000000e+00 1.3330224592e-03 
2.5000000000e+00 1.3330224592e-03 
2.4903782858e+00 1.3164076215e-03 
2.4788322288e+00 1.2965092741e-03 
2.4649769605e+00 1.2727955973e-03 
2.4483506384e+00 1.2445722424e-03 
2.4283990519e+00 1.2110424279e-03 
2.4044571481e+00 1.1713056115e-03 
2.3757268636e+00 1.1243622803e-03 
2.3412505222e+00 1.0691362293e-03 
2.2998789124e+00 1.0045261871e-03 
2.2502329808e+00 9.2950541008e-04 
2.1906578628e+00 8.4330587609e-04 
2.1216572935e+00 7.4901216915e-04 
2.0544327373e+00 6.6321348025e-04 
1.9871888878e+00 5.8368737071e-04 
1.9155488540e+00 5.0612666316e-04 
1.8381395193e+00 4.3078601142e-04 
1.7552887709e+00 3.5985277270e-04 
1.6664341184e+00 2.9453343391e-04 
1.5704574845e+00 2.3556179122e-04 
1.4673411252e+00 1.8405220722e-04 
1.3590139048e+00 1.4106828256e-04 
1.2501494825e+00 1.0715745523e-04 
1.1470860807e+00 8.1828336412e-05 
1.0558849066e+00 6.3718693794e-05 
9.8103510269e-01 5.1268544682e-05 
9.2671273968e-01 4.3366920399e-05 
8.8233120575e-01 3.7527786617e-05 
8.3588820574e-01 3.1952934071e-05 
7.8584281132e-01 2.6501202504e-05 
7.3610006358e-01 2.1602693970e-05 
6.8753028018e-01 1.7282120892e-05 
6.3844342254e-01 1.3359016660e-05 
5.8743270282e-01 9.7449361527e-06 
5.3311154323e-01 6.4217435103e-06 
4.6957919159e-01 3.2839817680e-06 
4.5051948610e-01 2.5224348139e-06 
4.2764783951e-01 1.7369022655e-06 
4.1392485156e-01 1.3387992703e-06 
3.9745726601e-01 9.3898806864e-07 
3.7769616336e-01 5.7377721940e-07 
3.6583950177e-01 4.1208302668e-07 
3.5161150786e-01 2.6841347969e-07 
3.4307471151e-01 2.0480858732e-07 
3.3283055590e-01 1.4654897339e-07 
3.2668406253e-01 1.1948299310e-07 
3.1930827048e-01 9.3301463811e-08 
3.1045732003e-01 6.9230404961e-08 
3.0514674976e-01 5.7923766397e-08 
2.9877406544e-01 4.6824570065e-08 
2.9495045484e-01 4.1258748207e-08 
2.9036212213e-01 3.5489049700e-08 
2.8485612287e-01 2.9680292940e-08 
2.8155252332e-01 2.6697547568e-08 
2.7758820385e-01 2.3544576278e-08 
2.7283102049e-01 2.0292234095e-08 
2.6997671048e-01 1.8583923556e-08 
2.6655153846e-01 1.6744081670e-08 
2.6244133204e-01 1.4802956998e-08 
2.5997520819e-01 1.3762348021e-08 
2.5701585956e-01 1.2622845049e-08 
2.5346464121e-01 1.1396477502e-08 
2.5133391021e-01 1.0727331016e-08 
2.4877703299e-01 9.9840500856e-09 
2.4570878034e-01 9.1703991206e-09 
2.4386782875e-01 8.7197590650e-09 
2.4165868684e-01 8.2131080938e-09 
2.3900771655e-01 7.6504821558e-09 
2.3741713437e-01 7.3349396800e-09 
2.3550843576e-01 6.9765692601e-09 
2.3321799743e-01 6.5737871791e-09 
2.3046947143e-01 6.1266659615e-09 
2.2882035583e-01 5.8759680216e-09 
2.2684141711e-01 5.5912792359e-09 
2.2446669065e-01 5.2713552512e-09 
2.2304185477e-01 5.0900506752e-09 
2.2133205172e-01 4.8823887904e-09 
2.1928028806e-01 4.6466253316e-09 
2.1804922986e-01 4.5118248836e-09 
2.1657196002e-01 4.3563117128e-09 
2.1479923621e-01 4.1782493917e-09 
2.1373560193e-01 4.0756857912e-09 
2.1245924079e-01 3.9566513235e-09 
2.1092760742e-01 3.8193863727e-09 
2.0908964738e-01 3.6623013629e-09 
2.0798687136e-01 3.5718606417e-09 
2.0666354013e-01 3.4669330736e-09 
2.0507554265e-01 3.3459835708e-09 
2.0412274416e-01 3.2759095028e-09 
2.0297938598e-01 3.1941952097e-09 
2.0160735616e-01 3.0994419321e-09 
1.9996092038e-01 2.9902673368e-09 
1.9897305891e-01 2.9270433401e-09 
1.9778762514e-01 2.8533439039e-09 
1.9636510463e-01 2.7679103409e-09 
1.9551159232e-01 2.7181701471e-09 
1.9448737755e-01 2.6599356778e-09 
1.9325831982e-01 2.5920850596e-09 
1.9178345055e-01 2.5134688955e-09 
1.9089852899e-01 2.4677182866e-09 
1.8983662311e-01 2.4141743217e-09 
1.8856233606e-01 2.3518107444e-09 
1.8703319160e-01 2.2795920949e-09 
1.8611570492e-01 2.2375821021e-09 
1.8501472091e-01 2.1884343913e-09 
1.8369354010e-01 2.1312118460e-09 
1.8210812312e-01 2.0649776548e-09 
1.8115687293e-01 2.0264645300e-09 
1.8001537271e-01 1.9814292584e-09 
1.7864557244e-01 1.9290042576e-09 
1.7700181212e-01 1.8683510416e-09 
1.7601555593e-01 1.8330971681e-09 
1.7483204849e-01 1.7918742245e-09 
1.7341183958e-01 1.7439155810e-09 
1.7170758887e-01 1.6884504852e-09 
1.7068503845e-01 1.6562211720e-09 
1.6945797795e-01 1.6185476453e-09 
1.6798550534e-01 1.5747316490e-09 
1.6621853822e-01 1.5240760207e-09 
1.6515835794e-01 1.4946502952e-09 
1.6388614161e-01 1.4602622092e-09 
1.6235948201e-01 1.4202783614e-09 
1.6052749049e-01 1.3740675629e-09 
1.5832910067e-01 1.3210363750e-09 
1.5701006678e-01 1.2904274613e-09 
1.5542722611e-01 1.2548404048e-09 
1.5352781730e-01 1.2137136036e-09 
1.5124852673e-01 1.1665189776e-09 
1.4988095239e-01 1.1392794253e-09 
1.4823986319e-01 1.1076096535e-09 
1.4627055614e-01 1.0710089417e-09 
1.4390738768e-01 1.0290060087e-09 
1.4248948660e-01 1.0047611938e-09 
1.4078800531e-01 9.7657094737e-10 
1.3874622776e-01 9.4398742752e-10 
1.3629609470e-01 9.0658837352e-10 
1.3482601487e-01 8.8499643761e-10 
1.3306191906e-01 8.5988632698e-10 
1.3094500410e-01 8.3085550014e-10 
1.2840470615e-01 7.9752207230e-10 
1.2688052737e-01 7.7827104956e-10 
1.2505151285e-01 7.5587592191e-10 
1.2285669541e-01 7.2997290628e-10 
1.2022291449e-01 7.0021359364e-10 
1.1864264594e-01 6.8301704966e-10 
1.1674632368e-01 6.6300171110e-10 
1.1447073696e-01 6.3983565496e-10 
1.1174003290e-01 6.1319687061e-10 
1.1010161047e-01 5.9779025732e-10 
1.0813550355e-01 5.7984433167e-10 
1.0577617524e-01 5.5905237270e-10 
1.0294498127e-01 5.3511148925e-10 
9.9547548513e-02 5.0773760313e-10 
9.7509088856e-02 4.9197767491e-10 
9.5062937269e-02 4.7368140683e-10 
9.2127555363e-02 4.5255825498e-10 
8.8605097077e-02 4.2832211473e-10 
8.6491622105e-02 4.1432183540e-10 
8.3955452139e-02 3.9802047100e-10 
8.0912048179e-02 3.7912826760e-10 
7.7259963428e-02 3.5734266429e-10 
7.5068712577e-02 3.4469869342e-10 
7.2439211556e-02 3.2992179411e-10 
6.9283810331e-02 3.1269223781e-10 
6.5497328861e-02 2.9268900295e-10 
6.0953551097e-02 2.6952752807e-10 
5.8227284438e-02 2.5601795312e-10 
5.4955764448e-02 2.4013826455e-10 
5.1029940459e-02 2.2149177018e-10 
4.6318951674e-02 1.9959480873e-10 
4.3492358402e-02 1.8665787895e-10 
4.0100446476e-02 1.7128431229e-10 
3.6030152165e-02 1.5299144353e-10 
3.1145798992e-02 1.3116587651e-10 
2.5284575184e-02 1.0500296282e-10 
1.8251106614e-02 7.3414279908e-11 
9.8109443307e-03 3.4911914807e-11 
0.0000000000e+00 -1.0950558030e-11 
