EXPORTED XY-GRAPH DATA
315 2 2
V[1]
I[ASPLIT_drain]
0.0000000000e+00 2.6356662315e-19 
0.0000000000e+00 -1.2678197193e-19 
0.0000000000e+00 1.6616565672e-20 
0.0000000000e+00 -1.4523878014e-19 
0.0000000000e+00 -1.1627065818e-19 
0.0000000000e+00 -9.6607656027e-20 
0.0000000000e+00 -7.6755695718e-20 
0.0000000000e+00 5.9782479848e-20 
0.0000000000e+00 -4.5245158080e-21 
0.0000000000e+00 -4.3587484712e-22 
0.0000000000e+00 -3.7726636434e-20 
0.0000000000e+00 -3.3544089738e-20 
0.0000000000e+00 1.8821455321e-21 
0.0000000000e+00 2.0366927739e-20 
0.0000000000e+00 6.4712623306e-22 
0.0000000000e+00 1.1689174977e-21 
0.0000000000e+00 -1.3795599875e-20 
0.0000000000e+00 -1.0309021547e-20 
0.0000000000e+00 8.4662014041e-21 
0.0000000000e+00 -7.1214183956e-21 
0.0000000000e+00 4.7673383751e-23 
0.0000000000e+00 -3.8515177581e-22 
0.0000000000e+00 2.4318124868e-23 
0.0000000000e+00 3.2005276735e-21 
0.0000000000e+00 2.2354569248e-22 
0.0000000000e+00 -2.3207520785e-21 
0.0000000000e+00 1.9074918748e-21 
0.0000000000e+00 -1.8379863318e-21 
0.0000000000e+00 1.1049420879e-22 
0.0000000000e+00 -2.1675812273e-23 
0.0000000000e+00 -1.0396583299e-21 
0.0000000000e+00 6.8046485428e-23 
0.0000000000e+00 -4.7710701793e-24 
0.0000000000e+00 -4.5956374470e-23 
0.0000000000e+00 -2.1773803813e-23 
0.0000000000e+00 3.3245895967e-22 
0.0000000000e+00 -2.8759548671e-22 
0.0000000000e+00 8.2236281864e-23 
0.0000000000e+00 -1.0978247532e-22 
0.0000000000e+00 -4.8400698828e-24 
0.0000000000e+00 -2.0606439252e-22 
0.0000000000e+00 7.3362663487e-23 
0.0000000000e+00 6.5957307249e-23 
0.0000000000e+00 -1.0575370557e-22 
0.0000000000e+00 -1.0929173830e-10 
0.0000000000e+00 -7.2694698310e-11 
0.0000000000e+00 -7.4342688881e-11 
0.0000000000e+00 -7.6751103955e-11 
0.0000000000e+00 -8.0158997331e-11 
0.0000000000e+00 -8.4577677323e-11 
0.0000000000e+00 -8.9172983378e-11 
0.0000000000e+00 3.7805952239e-11 
0.0000000000e+00 -3.1001826292e-12 
0.0000000000e+00 -2.1164197059e-12 
0.0000000000e+00 -1.2653587370e-12 
0.0000000000e+00 -6.5225370778e-13 
0.0000000000e+00 -3.0016916782e-13 
0.0000000000e+00 -1.5303578778e-13 
0.0000000000e+00 -1.2260501743e-13 
0.0000000000e+00 -1.3528939724e-13 
0.0000000000e+00 -1.5126815365e-13 
0.0000000000e+00 -1.5889033574e-13 
0.0000000000e+00 -1.6007495586e-13 
0.0000000000e+00 -1.5898626538e-13 
0.0000000000e+00 -1.5773402781e-13 
0.0000000000e+00 -1.5664524938e-13 
0.0000000000e+00 -1.5551158347e-13 
0.0000000000e+00 -1.5418368189e-13 
0.0000000000e+00 -1.5261094490e-13 
0.0000000000e+00 -1.5076614298e-13 
0.0000000000e+00 -1.4861655993e-13 
0.0000000000e+00 -1.4612517996e-13 
0.0000000000e+00 -1.4325487563e-13 
0.0000000000e+00 -1.3997088317e-13 
0.0000000000e+00 -1.3624319258e-13 
0.0000000000e+00 -1.3204944702e-13 
0.0000000000e+00 -1.2737816296e-13 
0.0000000000e+00 -1.2509846367e-13 
5.9959476020e-02 1.2190991605e-11 
1.1196520927e-01 1.0935452869e-11 
1.4048912875e-01 1.1309946478e-11 
1.6931903449e-01 1.1693709676e-11 
2.0391492139e-01 1.2184899768e-11 
2.4500331966e-01 1.2829764901e-11 
2.8663916327e-01 1.3564858041e-11 
3.2775216872e-01 1.4273079435e-11 
3.7096195949e-01 1.5333212923e-11 
4.1614017516e-01 1.6508811494e-11 
4.6318298291e-01 1.7946377673e-11 
5.1169294673e-01 1.9717589318e-11 
5.3678273086e-01 2.0780444177e-11 
5.6689047180e-01 2.2215203156e-11 
6.0301976094e-01 2.4230043999e-11 
6.2469733442e-01 2.5628061883e-11 
6.5071042260e-01 2.7541899599e-11 
6.8192612841e-01 3.0269710787e-11 
7.0065555190e-01 3.2192429683e-11 
7.2313086009e-01 3.4864872628e-11 
7.5010122991e-01 3.8762894451e-11 
7.6628345181e-01 4.1570669879e-11 
7.8570211808e-01 4.5561367847e-11 
8.0900451761e-01 5.1576909978e-11 
8.2298595732e-01 5.6054544366e-11 
8.3976368498e-01 6.2642463819e-11 
8.5989695818e-01 7.3116439919e-11 
8.8405688601e-01 9.2076858554e-11 
8.9855284270e-01 1.0931349896e-10 
9.0725041672e-01 1.2317381583e-10 
9.1768750555e-01 1.4553031879e-10 
9.3021201213e-01 1.8720806446e-10 
9.3772671608e-01 2.2639534293e-10 
9.4674436083e-01 3.0423248905e-10 
9.5215494767e-01 3.8364361238e-10 
9.5864765189e-01 5.6498835095e-10 
9.6254327442e-01 7.8986368526e-10 
9.6488064793e-01 1.0314520958e-09 
9.6768549615e-01 1.6524783046e-09 
9.6918554537e-01 2.4214621537e-09 
9.7008557490e-01 3.3132067827e-09 
9.7116561034e-01 6.0805900556e-09 
9.7165073618e-01 9.4218708158e-09 
9.7192793157e-01 1.3275115438e-08 
9.7226056605e-01 2.5779757542e-08 
9.7240406758e-01 3.9734277045e-08 
9.7257226646e-01 9.2565451516e-08 
9.7270903402e-01 5.1221078667e-07 
9.7279098125e-01 1.7446272885e-06 
9.7284267597e-01 3.5788527674e-06 
9.7289645751e-01 7.3266030770e-06 
9.7294732892e-01 1.3265278257e-05 
9.7300774837e-01 2.2474843558e-05 
9.7308025171e-01 3.2824812085e-05 
9.7314949209e-01 3.9645230695e-05 
9.7323258055e-01 4.3920900295e-05 
9.7333228670e-01 4.5780308118e-05 
9.7345193407e-01 4.6192977126e-05 
9.7358852857e-01 4.6085788405e-05 
9.7375244197e-01 4.5952440454e-05 
9.7394913805e-01 4.5912111375e-05 
9.7418517335e-01 4.5935304984e-05 
9.7446841571e-01 4.5979989391e-05 
9.7480830653e-01 4.6030642737e-05 
9.7521617553e-01 4.6088117630e-05 
9.7570561832e-01 4.6156343421e-05 
9.7629294967e-01 4.6238388845e-05 
9.7699774729e-01 4.6337059190e-05 
9.7784350443e-01 4.6455661739e-05 
9.7885841300e-01 4.6598249711e-05 
9.8007630329e-01 4.6769740956e-05 
9.8153777163e-01 4.6976088946e-05 
9.8329153364e-01 4.7224513545e-05 
9.8539604806e-01 4.7523787658e-05 
9.8792146535e-01 4.7884603434e-05 
9.9095196611e-01 4.8320014511e-05 
9.9458856702e-01 4.8846021427e-05 
9.9895248811e-01 4.9482349187e-05 
1.0041891934e+00 5.0253404428e-05 
1.0104732398e+00 5.1189558312e-05 
1.0180140954e+00 5.2328863802e-05 
1.0270631222e+00 5.3719381268e-05 
1.0379219543e+00 5.5422356899e-05 
1.0509525529e+00 5.7516738219e-05 
1.0665892711e+00 6.0105639042e-05 
1.0853533331e+00 6.3325660080e-05 
1.1078702074e+00 6.7360952866e-05 
1.1348904565e+00 7.2464895327e-05 
1.1673147555e+00 7.8993072432e-05 
1.2062239143e+00 8.7461194628e-05 
1.2529149048e+00 9.8643531505e-05 
1.3089440935e+00 1.1374974519e-04 
1.3761791198e+00 1.3474791658e-04 
1.4568611515e+00 1.6496731390e-04 
1.5536795895e+00 2.1016964165e-04 
1.6698617151e+00 2.8047762433e-04 
1.8092802658e+00 3.9345075362e-04 
1.9765825266e+00 5.7619828930e-04 
2.1593662957e+00 8.3388202319e-04 
2.2819037973e+00 1.0353930054e-03 
2.4045574595e+00 1.2551367053e-03 
2.5000000000e+00 1.4362983946e-03 
2.5000000000e+00 1.4363806545e-03 
2.5000000000e+00 1.4363544725e-03 
2.5000000000e+00 1.4363533788e-03 
2.4379439531e+00 1.3177375506e-03 
2.3777623270e+00 1.2059128240e-03 
2.3314111157e+00 1.1222878610e-03 
2.2757896621e+00 1.0250200613e-03 
2.2090439179e+00 9.1328215223e-04 
2.1289490248e+00 7.8734186921e-04 
2.0343481814e+00 6.5161545545e-04 
1.9344214704e+00 5.2535539775e-04 
1.8286331629e+00 4.1207673322e-04 
1.7140931373e+00 3.1282834104e-04 
1.5931475921e+00 2.3201607985e-04 
1.4724215205e+00 1.7158781798e-04 
1.3615783623e+00 1.2992166221e-04 
1.2694434716e+00 1.0291488894e-04 
1.1970979464e+00 8.5426470095e-05 
1.1436168779e+00 7.4194174494e-05 
1.1014826622e+00 6.6213498326e-05 
1.0585430831e+00 5.8779817332e-05 
1.0120096450e+00 5.1437255254e-05 
9.6546928127e-01 4.4757772512e-05 
9.2007612579e-01 3.8819315488e-05 
8.7421948014e-01 3.3343459643e-05 
8.2638468844e-01 2.8141995426e-05 
7.7552052563e-01 2.3137558208e-05 
7.1831383862e-01 1.8109302512e-05 
6.4966581421e-01 1.2863383939e-05 
5.6728818492e-01 7.6622140050e-06 
5.1786160734e-01 5.1201680811e-06 
4.5854971425e-01 2.6835784315e-06 
4.2296257839e-01 1.5799030156e-06 
4.0161029688e-01 1.0632066916e-06 
3.8879892797e-01 8.0929732729e-07 
3.7342528528e-01 5.6133831399e-07 
3.6420109967e-01 4.4148265446e-07 
3.5313207693e-01 3.2451339975e-07 
3.3984924965e-01 2.1872080977e-07 
3.3187955328e-01 1.7086349193e-07 
3.2231591764e-01 1.2611383372e-07 
3.1657773625e-01 1.0487680416e-07 
3.0969191859e-01 8.3962101329e-08 
3.0142893739e-01 6.4289258434e-08 
2.9647114867e-01 5.4837698630e-08 
2.9052180221e-01 4.5389301206e-08 
2.8338258646e-01 3.6290827921e-08 
2.7909905700e-01 3.1804289220e-08 
2.7395882166e-01 2.7213485367e-08 
2.7087468046e-01 2.4819012223e-08 
2.6717371101e-01 2.2254617487e-08 
2.6273254767e-01 1.9567136005e-08 
2.6006784967e-01 1.8134964584e-08 
2.5687021207e-01 1.6574192495e-08 
2.5303304695e-01 1.4903916746e-08 
2.4842844880e-01 1.3154290404e-08 
2.4566568991e-01 1.2221768015e-08 
2.4235037925e-01 1.1205018412e-08 
2.3837200645e-01 1.0115873411e-08 
2.3598498277e-01 9.5238071035e-09 
2.3312055435e-01 8.8679333482e-09 
2.2968324026e-01 8.1520553505e-09 
2.2762085180e-01 7.7564728659e-09 
2.2514598565e-01 7.3124570386e-09 
2.2217614626e-01 6.8202449287e-09 
2.2039424264e-01 6.5445720380e-09 
2.1825595828e-01 6.2317680666e-09 
2.1569001706e-01 5.8805479769e-09 
2.1415045232e-01 5.6816412691e-09 
2.1230297464e-01 5.4539225542e-09 
2.1008600142e-01 5.1955275046e-09 
2.0742563356e-01 4.9053812385e-09 
2.0582941284e-01 4.7410543006e-09 
2.0391394798e-01 4.5528988490e-09 
2.0161539015e-01 4.3393631643e-09 
2.0023625545e-01 4.2173022409e-09 
1.9858129381e-01 4.0765023530e-09 
1.9659533984e-01 3.9153017466e-09 
1.9421219508e-01 3.7323720148e-09 
1.9278230822e-01 3.6278128886e-09 
1.9106644399e-01 3.5072004111e-09 
1.8900740692e-01 3.3691123347e-09 
1.8653656243e-01 3.2124042349e-09 
1.8505405574e-01 3.1228259317e-09 
1.8327504771e-01 3.0194925640e-09 
1.8114023807e-01 2.9011770237e-09 
1.7857846650e-01 2.7668910937e-09 
1.7704140357e-01 2.6901191266e-09 
1.7519692804e-01 2.6015471879e-09 
1.7298355741e-01 2.5001154662e-09 
1.7032751265e-01 2.3849643915e-09 
1.6873388579e-01 2.3191169809e-09 
1.6682153356e-01 2.2431328804e-09 
1.6452671089e-01 2.1560926501e-09 
1.6177292369e-01 2.0572443112e-09 
1.6012065136e-01 2.0007003219e-09 
1.5813792457e-01 1.9354323249e-09 
1.5575865243e-01 1.8606399893e-09 
1.5290352585e-01 1.7756581632e-09 
1.5119044991e-01 1.7270235114e-09 
1.4913475877e-01 1.6708622364e-09 
1.4666792941e-01 1.6064715210e-09 
1.4370773418e-01 1.5332596593e-09 
1.4015549990e-01 1.4508251202e-09 
1.3802415933e-01 1.4040069413e-09 
1.3546655065e-01 1.3502678902e-09 
1.3239742023e-01 1.2890784278e-09 
1.2871446373e-01 1.2200509082e-09 
1.2650468983e-01 1.1807801307e-09 
1.2385296115e-01 1.1356356768e-09 
1.2067088673e-01 1.0841330661e-09 
1.1685239743e-01 1.0258879528e-09 
1.1456130385e-01 9.9267319788e-10 
1.1181199155e-01 9.5441092269e-10 
1.0851281679e-01 9.1064510678e-10 
1.0455380709e-01 8.6097117901e-10 
9.9802995438e-02 8.0509116536e-10 
9.6952508449e-02 7.7332951820e-10 
9.3531924062e-02 7.3681515671e-10 
8.9427222798e-02 6.9509707581e-10 
8.4501581280e-02 6.4773869312e-10 
8.1546196370e-02 6.2059423188e-10 
7.7999734477e-02 5.8914277332e-10 
7.3743980206e-02 5.5284226491e-10 
6.8637075081e-02 5.1106978285e-10 
6.2508788931e-02 4.6305792198e-10 
5.8831817241e-02 4.3514780868e-10 
5.4419451213e-02 4.0233867563e-10 
4.9124611979e-02 3.6368365284e-10 
4.2770804899e-02 3.1788677107e-10 
3.5146236402e-02 2.6305443193e-10 
2.5996754206e-02 1.9625640779e-10 
1.5017375571e-02 1.1284651693e-10 
1.8421212087e-03 5.4884710416e-12 
0.0000000000e+00 -1.0249594940e-11 
