EXPORTED XY-GRAPH DATA
308 2 2
V[1]
I[ASPLIT_drain]
0.0000000000e+00 -1.2188201277e-18 
0.0000000000e+00 6.2638891440e-19 
0.0000000000e+00 3.0429873787e-21 
0.0000000000e+00 -1.4652255994e-19 
0.0000000000e+00 -1.1495933573e-19 
0.0000000000e+00 -9.6334302303e-20 
0.0000000000e+00 -8.0450777146e-20 
0.0000000000e+00 5.6350137336e-20 
0.0000000000e+00 -4.8144275850e-21 
0.0000000000e+00 -1.7018198559e-21 
0.0000000000e+00 -3.6926900196e-20 
0.0000000000e+00 -3.3165022883e-20 
0.0000000000e+00 3.0118019070e-22 
0.0000000000e+00 1.9878369643e-20 
0.0000000000e+00 5.6325912586e-22 
0.0000000000e+00 8.4356684925e-22 
0.0000000000e+00 -1.3228104333e-20 
0.0000000000e+00 -1.0410743424e-20 
0.0000000000e+00 8.0583939579e-21 
0.0000000000e+00 -7.0651756790e-21 
0.0000000000e+00 -5.8690995189e-22 
0.0000000000e+00 1.6551173608e-22 
0.0000000000e+00 -5.3442176384e-22 
0.0000000000e+00 3.3075219465e-21 
0.0000000000e+00 4.6899341056e-22 
0.0000000000e+00 -2.4212694132e-21 
0.0000000000e+00 2.1393536359e-21 
0.0000000000e+00 -1.7229837652e-21 
0.0000000000e+00 1.8430578606e-22 
0.0000000000e+00 -1.1141282123e-22 
0.0000000000e+00 -5.7017618201e-22 
0.0000000000e+00 6.0286377867e-23 
0.0000000000e+00 1.3781501792e-22 
0.0000000000e+00 -9.6169410953e-23 
0.0000000000e+00 1.7903182191e-22 
0.0000000000e+00 1.5164450022e-22 
0.0000000000e+00 -2.6404763421e-22 
0.0000000000e+00 2.5331936234e-22 
0.0000000000e+00 -2.4770410925e-22 
0.0000000000e+00 8.4610888881e-23 
0.0000000000e+00 -1.5664378872e-22 
0.0000000000e+00 1.4707166251e-22 
0.0000000000e+00 3.9310443394e-23 
0.0000000000e+00 -8.0751759094e-23 
0.0000000000e+00 -9.2214738291e-11 
0.0000000000e+00 -6.1161875841e-11 
0.0000000000e+00 -6.1755780760e-11 
0.0000000000e+00 -6.2536185490e-11 
0.0000000000e+00 -6.3572161144e-11 
0.0000000000e+00 -6.4962523469e-11 
0.0000000000e+00 -6.6852230010e-11 
0.0000000000e+00 -6.9029785898e-11 
0.0000000000e+00 -7.1026336824e-11 
0.0000000000e+00 -7.1415782411e-11 
0.0000000000e+00 3.1662555992e-11 
0.0000000000e+00 -3.8290943227e-12 
0.0000000000e+00 -3.3299877318e-12 
0.0000000000e+00 -2.7975827732e-12 
0.0000000000e+00 -2.2515462770e-12 
0.0000000000e+00 -1.7169312613e-12 
0.0000000000e+00 -1.2231490044e-12 
0.0000000000e+00 -7.9888688919e-13 
0.0000000000e+00 -4.6546730825e-13 
0.0000000000e+00 -2.3093989050e-13 
0.0000000000e+00 -8.7840689536e-14 
0.0000000000e+00 -1.6178856451e-14 
0.0000000000e+00 9.5043358492e-15 
0.0000000000e+00 1.2348790156e-14 
0.0000000000e+00 8.1047693657e-15 
0.0000000000e+00 4.2940310690e-15 
0.0000000000e+00 2.6312468748e-15 
0.0000000000e+00 2.3488620478e-15 
0.0000000000e+00 2.4747442677e-15 
0.0000000000e+00 2.5742441670e-15 
0.0000000000e+00 2.5976361180e-15 
0.0000000000e+00 2.5932432579e-15 
0.0000000000e+00 2.5876022280e-15 
0.0000000000e+00 2.5839696013e-15 
0.0000000000e+00 2.5804698964e-15 
0.0000000000e+00 2.5762426510e-15 
0.0000000000e+00 2.5711254692e-15 
0.0000000000e+00 2.5649997501e-15 
0.0000000000e+00 2.5576829037e-15 
0.0000000000e+00 2.5489494514e-15 
0.0000000000e+00 2.5385353770e-15 
0.0000000000e+00 2.5261327069e-15 
0.0000000000e+00 2.5113835564e-15 
0.0000000000e+00 2.4938748917e-15 
0.0000000000e+00 2.4731339132e-15 
0.0000000000e+00 2.4568256527e-15 
1.7608859153e-01 8.8790349246e-12 
2.5085296794e-01 5.5326913854e-12 
2.8342675496e-01 5.5026476618e-12 
3.1878543154e-01 5.4766867856e-12 
3.6121584344e-01 5.4523760237e-12 
4.1213233772e-01 5.4360500345e-12 
4.7310822658e-01 5.4387830921e-12 
5.3173744846e-01 5.4638338614e-12 
5.8753725044e-01 5.5321449622e-12 
6.4885694764e-01 5.6462066201e-12 
7.1166774461e-01 5.8098614551e-12 
7.7348320954e-01 6.0878821514e-12 
8.4026035265e-01 6.4552675132e-12 
8.7372051034e-01 6.7529835949e-12 
9.1387269957e-01 7.1369412731e-12 
9.3796401311e-01 7.4108519959e-12 
9.6687358936e-01 7.7883103282e-12 
1.0015650809e+00 8.3264209213e-12 
1.0223799758e+00 8.7045113103e-12 
1.0473578496e+00 9.2222085045e-12 
1.0773312983e+00 9.9579292108e-12 
1.0953153675e+00 1.0473026301e-11 
1.1168962505e+00 1.1181533076e-11 
1.1427933102e+00 1.2196333958e-11 
1.1583315459e+00 1.2913723119e-11 
1.1769774289e+00 1.3911201557e-11 
1.1993524884e+00 1.5367636378e-11 
1.2127775241e+00 1.6416833131e-11 
1.2288875670e+00 1.7906654932e-11 
1.2482196184e+00 2.0149882690e-11 
1.2598188493e+00 2.1818073775e-11 
1.2737379263e+00 2.4268890401e-11 
1.2904408187e+00 2.8158857090e-11 
1.3004625542e+00 3.1213905687e-11 
1.3124886368e+00 3.5983871762e-11 
1.3269199358e+00 4.4372626333e-11 
1.3355787153e+00 5.1739875497e-11 
1.3459692506e+00 6.4986188029e-11 
1.3522035718e+00 7.6937507611e-11 
1.3596847572e+00 9.9267178202e-11 
1.3686621797e+00 1.5741003327e-10 
1.3740486332e+00 2.4631952796e-10 
1.3772805054e+00 3.6908296862e-10 
1.3792196286e+00 5.1936927418e-10 
1.3803831026e+00 6.7959101811e-10 
1.3817792713e+00 1.0854155283e-09 
1.3825768585e+00 1.6273444034e-09 
1.3830554108e+00 2.2747073809e-09 
1.3836296736e+00 4.4422429951e-09 
1.3838850701e+00 7.2554905818e-09 
1.3840287986e+00 1.0634328885e-08 
1.3842012727e+00 2.3262793643e-08 
1.3842723142e+00 3.8375241865e-08 
1.3843533014e+00 1.1209679029e-07 
1.3843841483e+00 2.0333922676e-07 
1.3844178112e+00 5.4633135767e-07 
1.3844457186e+00 2.5637352715e-06 
1.3844631116e+00 8.2646575421e-06 
1.3844764458e+00 2.0397632580e-05 
1.3844883042e+00 4.2569225392e-05 
1.3845002866e+00 7.8107132396e-05 
1.3845146654e+00 1.3077339894e-04 
1.3845313072e+00 1.8828023909e-04 
1.3845483355e+00 2.3182648258e-04 
1.3845687695e+00 2.6229067050e-04 
1.3845932903e+00 2.7805288087e-04 
1.3846227153e+00 2.8323577024e-04 
1.3846571534e+00 2.8340596364e-04 
1.3846984792e+00 2.8245225523e-04 
1.3847480701e+00 2.8184921487e-04 
1.3848075792e+00 2.8171662293e-04 
1.3848789901e+00 2.8179296944e-04 
1.3849646832e+00 2.8190547778e-04 
1.3850675149e+00 2.8201577840e-04 
1.3851909130e+00 2.8213586988e-04 
1.3853389907e+00 2.8227806927e-04 
1.3855166839e+00 2.8244838654e-04 
1.3857299157e+00 2.8265136688e-04 
1.3859857940e+00 2.8289223897e-04 
1.3862928478e+00 2.8317687033e-04 
1.3866613125e+00 2.8351134899e-04 
1.3871034701e+00 2.8390161206e-04 
1.3876340592e+00 2.8435322986e-04 
1.3882707661e+00 2.8487212209e-04 
1.3890348144e+00 2.8546614525e-04 
1.3899516723e+00 2.8614805866e-04 
1.3910519018e+00 2.8693838409e-04 
1.3923721773e+00 2.8786642821e-04 
1.3939565078e+00 2.8896945729e-04 
1.3958577045e+00 2.9029142160e-04 
1.3981391404e+00 2.9188284562e-04 
1.4008768636e+00 2.9380248967e-04 
1.4041621314e+00 2.9612048325e-04 
1.4081044527e+00 2.9892228555e-04 
1.4128352384e+00 3.0231324094e-04 
1.4185121811e+00 3.0642386851e-04 
1.4253245124e+00 3.1141652895e-04 
1.4334993100e+00 3.1749470229e-04 
1.4433090670e+00 3.2491514694e-04 
1.4550807755e+00 3.3400382772e-04 
1.4692068257e+00 3.4517813006e-04 
1.4861580859e+00 3.5897735709e-04 
1.5064995982e+00 3.7610517292e-04 
1.5309094129e+00 3.9748620184e-04 
1.5602011906e+00 4.2435305641e-04 
1.5953513238e+00 4.5835694043e-04 
1.6375314836e+00 5.0171999255e-04 
1.6881476754e+00 5.5744410681e-04 
1.7488871056e+00 6.2957638951e-04 
1.8217744218e+00 7.2352446266e-04 
1.9092392012e+00 8.4640123994e-04 
2.0141969365e+00 1.0074258879e-03 
2.1401462189e+00 1.2180888681e-03 
2.2707478345e+00 1.4538827739e-03 
2.3923366197e+00 1.6868805368e-03 
2.5000000000e+00 1.9024665309e-03 
2.5000000000e+00 1.9025079895e-03 
2.5000000000e+00 1.9024951222e-03 
2.5000000000e+00 1.9024946446e-03 
2.4370153079e+00 1.7754380432e-03 
2.3873642261e+00 1.6771745542e-03 
2.3510518635e+00 1.6064921801e-03 
2.3074770284e+00 1.5230441671e-03 
2.2551872263e+00 1.4250003241e-03 
2.1924394637e+00 1.3105845938e-03 
2.1184653080e+00 1.1806242044e-03 
2.0473577987e+00 1.0611901933e-03 
1.9791834692e+00 9.5219635551e-04 
1.9094862097e+00 8.4681076303e-04 
1.8356146851e+00 7.4229578436e-04 
1.7573981128e+00 6.4018583765e-04 
1.6750511490e+00 5.4269195564e-04 
1.5879103967e+00 4.5104604787e-04 
1.4949111934e+00 3.6631629136e-04 
1.3956522552e+00 2.9018542907e-04 
1.2913706477e+00 2.2477405698e-04 
1.1856754234e+00 1.7174707369e-04 
1.0863737664e+00 1.3209215203e-04 
1.0012120455e+00 1.0447414566e-04 
9.3648779530e-01 8.6730599651e-05 
8.8887062918e-01 7.5213471196e-05 
8.4311175952e-01 6.5230104092e-05 
7.9292659496e-01 5.5374673784e-05 
7.4149049067e-01 4.6337798858e-05 
6.9145057078e-01 3.8476624959e-05 
6.4168364254e-01 3.1476546607e-05 
5.9026421755e-01 2.5016061429e-05 
5.3595523853e-01 1.9001855651e-05 
4.7514348829e-01 1.3231681939e-05 
4.0216938801e-01 7.6386623789e-06 
3.5838492784e-01 4.9982513185e-06 
3.3211425173e-01 3.6833696811e-06 
3.1635184607e-01 2.9945176543e-06 
2.9743695928e-01 2.2689581954e-06 
2.7473909513e-01 1.5452225688e-06 
2.6112037664e-01 1.1875578176e-06 
2.4477791445e-01 8.3239084926e-07 
2.3497243713e-01 6.5658360926e-07 
2.2320586436e-01 4.8046451713e-07 
2.0908597702e-01 3.1548269247e-07 
2.0061404463e-01 2.3847498367e-07 
1.9044772575e-01 1.6529200303e-07 
1.7824814309e-01 1.0143971006e-07 
1.7092839350e-01 7.3742798507e-08 
1.6214469399e-01 4.9095216339e-08 
1.5687447428e-01 3.8052244168e-08 
1.5055021063e-01 2.7811807434e-08 
1.4675565244e-01 2.2984473441e-08 
1.4220218262e-01 1.8266536296e-08 
1.3947010072e-01 1.5916535144e-08 
1.3619160245e-01 1.3501432936e-08 
1.3225740452e-01 1.1100607125e-08 
1.2753636700e-01 8.8065832845e-09 
1.2470374449e-01 7.6823168390e-09 
1.2130459748e-01 6.5379545725e-09 
1.1722562106e-01 5.4089994613e-09 
1.1233084937e-01 4.3346466018e-09 
1.0645712333e-01 3.3528157088e-09 
1.0293288771e-01 2.8876851008e-09 
9.8703804963e-02 2.4246733721e-09 
9.3628905667e-02 1.9776708133e-09 
9.0583966090e-02 1.7552553083e-09 
8.6930038597e-02 1.5251291984e-09 
8.4737682102e-02 1.4036087100e-09 
8.2106854307e-02 1.2719300125e-09 
8.0528357630e-02 1.1995906186e-09 
7.8634161618e-02 1.1187460661e-09 
7.6361126403e-02 1.0295392497e-09 
7.4997305275e-02 9.7976285423e-10 
7.3360719920e-02 9.2344111502e-10 
7.1396817495e-02 8.6038965783e-10 
7.0218476039e-02 8.2476666181e-10 
6.8804466293e-02 7.8405592411e-10 
6.7107654598e-02 7.3794494010e-10 
6.5071480563e-02 6.8626656517e-10 
6.3849776142e-02 6.5703849900e-10 
6.2383730837e-02 6.2360399916e-10 
6.0624476471e-02 5.8569358045e-10 
5.8513371232e-02 5.4314553326e-10 
5.7246708088e-02 5.1904984790e-10 
5.5726712316e-02 4.9145682406e-10 
5.3902717390e-02 4.6012676800e-10 
5.1713923478e-02 4.2490375862e-10 
4.9087370783e-02 3.8575207604e-10 
4.7511439167e-02 3.6375719814e-10 
4.5620321227e-02 3.3872533376e-10 
4.3350979699e-02 3.1050122470e-10 
4.0627769865e-02 2.7901568742e-10 
3.8993843965e-02 2.6126887132e-10 
3.7033132885e-02 2.4107141257e-10 
3.4680279589e-02 2.1812510711e-10 
3.1856855633e-02 1.9244816681e-10 
2.8468746887e-02 1.6398881757e-10 
2.4403016391e-02 1.3282006055e-10 
1.9524139796e-02 9.9109190113e-11 
1.3669487882e-02 6.3102089138e-11 
6.6439055856e-03 2.5081537604e-11 
0.0000000000e+00 -6.7061328952e-12 
