EXPORTED XY-GRAPH DATA
311 2 2
V[2]
I[ASPLIT_drain]
0.0000000000e+00 1.0245306612e-18 
0.0000000000e+00 -5.2304631538e-19 
0.0000000000e+00 -1.1077083237e-20 
0.0000000000e+00 -1.3314082403e-19 
0.0000000000e+00 -1.1327126875e-19 
0.0000000000e+00 -9.4358881775e-20 
0.0000000000e+00 -8.5766426009e-20 
0.0000000000e+00 5.8337689373e-20 
0.0000000000e+00 -2.1289600696e-21 
0.0000000000e+00 -4.1963077655e-21 
0.0000000000e+00 -3.7617999300e-20 
0.0000000000e+00 -3.2779786808e-20 
0.0000000000e+00 7.2523334747e-22 
0.0000000000e+00 1.9817127706e-20 
0.0000000000e+00 9.9658240925e-22 
0.0000000000e+00 1.0762195202e-23 
0.0000000000e+00 -1.2541589307e-20 
0.0000000000e+00 -1.1297451534e-20 
0.0000000000e+00 7.8132784402e-21 
0.0000000000e+00 -7.4058930357e-21 
0.0000000000e+00 -4.4091226255e-22 
0.0000000000e+00 -2.2439797993e-22 
0.0000000000e+00 6.3868526490e-23 
0.0000000000e+00 3.3368678172e-21 
0.0000000000e+00 7.5434033451e-24 
0.0000000000e+00 -2.5990951864e-21 
0.0000000000e+00 1.7680570987e-21 
0.0000000000e+00 -1.4744098719e-21 
0.0000000000e+00 1.1387331631e-22 
0.0000000000e+00 3.3327464624e-23 
0.0000000000e+00 -8.7826237579e-22 
0.0000000000e+00 2.2543641272e-23 
0.0000000000e+00 -1.2718781747e-22 
0.0000000000e+00 2.2213286362e-22 
0.0000000000e+00 1.2063793607e-23 
0.0000000000e+00 4.1136542938e-22 
0.0000000000e+00 -2.3546008713e-22 
0.0000000000e+00 9.2716369071e-23 
0.0000000000e+00 -1.1130946623e-22 
0.0000000000e+00 1.2085206781e-22 
0.0000000000e+00 -2.2461129529e-22 
0.0000000000e+00 1.2519590580e-23 
0.0000000000e+00 2.0492253093e-22 
0.0000000000e+00 2.4258117324e-24 
-1.4212447106e-01 5.1004984621e-10 
-1.9298823948e-01 3.1875442329e-10 
-2.1426461547e-01 3.1731839882e-10 
-2.3603830942e-01 3.1577444436e-10 
-2.6216674215e-01 3.1400358034e-10 
-2.9352086143e-01 3.1201671649e-10 
-3.3114580457e-01 3.0991876377e-10 
-3.6948371440e-01 3.0836185305e-10 
-4.0702075520e-01 3.0748136843e-10 
-4.4656159365e-01 3.0671016504e-10 
-4.8641288677e-01 3.0572201730e-10 
-5.2609923911e-01 3.0454598046e-10 
-5.6886215278e-01 3.0319751700e-10 
-6.1261151493e-01 3.0183552241e-10 
-6.5542688018e-01 3.0056188717e-10 
-6.9984786782e-01 2.9930968040e-10 
-7.4719975661e-01 2.9805431222e-10 
-7.9400149617e-01 2.9689655405e-10 
-8.4004293741e-01 2.9583136252e-10 
-8.8992109978e-01 2.9475323761e-10 
-9.1554876711e-01 2.9424594310e-10 
-9.4630196789e-01 2.9364681554e-10 
-9.8320580884e-01 2.9296073437e-10 
-1.0000000000e+00 2.9267060106e-10 
-1.0000000000e+00 -1.4617692457e-10 
-1.0000000000e+00 8.5528621185e-12 
-1.0000000000e+00 8.5279988838e-12 
-1.0000000000e+00 8.4964033765e-12 
-1.0000000000e+00 8.4587654726e-12 
-1.0000000000e+00 8.4150979644e-12 
-1.0000000000e+00 8.3640197735e-12 
-1.0000000000e+00 8.3043864144e-12 
-1.0000000000e+00 8.2349700251e-12 
-1.0000000000e+00 8.1945122478e-12 
-1.0000000000e+00 8.1465470579e-12 
-1.0000000000e+00 8.0898684771e-12 
-1.0000000000e+00 8.0228410654e-12 
-1.0000000000e+00 7.9429585374e-12 
-1.0000000000e+00 7.8463397736e-12 
-1.0000000000e+00 7.7273303971e-12 
-1.0000000000e+00 7.5827449102e-12 
-1.0000000000e+00 7.4189529430e-12 
-1.0000000000e+00 7.2405704797e-12 
-1.0000000000e+00 7.0290352732e-12 
-1.0000000000e+00 6.6849030310e-12 
-1.0000000000e+00 5.7065123382e-12 
-1.0000000000e+00 2.9732245223e-12 
-1.0000000000e+00 1.4118268520e-13 
-1.0000000000e+00 -4.9912762989e-13 
-1.0000000000e+00 -2.2809136447e-13 
-1.0000000000e+00 -3.0986437719e-14 
-1.0000000000e+00 1.1816221919e-14 
-1.0000000000e+00 6.0189285804e-15 
-1.0000000000e+00 6.3069091299e-16 
-1.0000000000e+00 -2.2927636663e-16 
-1.0000000000e+00 -5.8575157314e-17 
-1.0000000000e+00 1.8514387471e-17 
-1.0000000000e+00 2.2161320333e-17 
-1.0000000000e+00 1.9557051108e-17 
-1.0000000000e+00 1.9127654500e-17 
-1.0000000000e+00 1.9144241379e-17 
-1.0000000000e+00 1.9155497622e-17 
-6.6461022098e-01 -7.9698213409e-12 
-4.9949676888e-01 -5.2258687273e-12 
-4.3283544116e-01 -5.1456164573e-12 
-3.6665240618e-01 -5.1171769701e-12 
-2.9027273901e-01 -5.0864948348e-12 
-2.2014213552e-01 -5.0476477859e-12 
-1.6564256613e-01 -5.0077833613e-12 
-1.2503236718e-01 -4.9702446529e-12 
-9.1330590834e-02 -4.9326438617e-12 
-5.6203652825e-02 -4.8861895871e-12 
-1.8635406810e-02 -4.8256432120e-12 
1.8591149590e-02 -4.7508362059e-12 
5.5087686495e-02 -4.6609251702e-12 
9.2179083193e-02 -4.5557740367e-12 
1.3148171880e-01 -4.4441041698e-12 
1.7567174485e-01 -4.3495165515e-12 
2.2869977611e-01 -4.3021553757e-12 
2.8073908008e-01 -4.3081149622e-12 
3.2326214290e-01 -4.3244075907e-12 
3.6285756896e-01 -4.3303042780e-12 
4.0447302536e-01 -4.3030265099e-12 
4.4748968992e-01 -4.1440192090e-12 
4.9004087068e-01 -3.5129193199e-12 
5.3222182434e-01 -1.1937574443e-12 
5.7458377494e-01 7.6185376741e-12 
5.9573538687e-01 1.9496389135e-11 
6.0842635402e-01 3.2386457053e-11 
6.2365551460e-01 5.9887071009e-11 
6.3279301096e-01 8.8683577190e-11 
6.3827550877e-01 1.1405824826e-10 
6.4485450614e-01 1.5875009983e-10 
6.5274930299e-01 2.5467158809e-10 
6.5748618109e-01 3.6129116358e-10 
6.6032830796e-01 4.6299261319e-10 
6.6373886020e-01 6.6886719767e-10 
6.6578519154e-01 8.8343435960e-10 
6.6824078915e-01 1.3873764938e-09 
6.6965323677e-01 1.9929952603e-09 
6.7050070534e-01 2.6351985529e-09 
6.7151766763e-01 4.2124402308e-09 
6.7206620561e-01 6.0189640290e-09 
6.7272445118e-01 1.2133185373e-08 
6.7300771096e-01 1.9354961552e-08 
6.7333126631e-01 5.2613346075e-08 
6.7345482983e-01 9.3509964816e-08 
6.7358712275e-01 2.3451224552e-07 
6.7369872206e-01 8.0022445062e-07 
6.7377561037e-01 2.1372034153e-06 
6.7383840616e-01 4.8852516292e-06 
6.7389594407e-01 1.0218165493e-05 
6.7395242148e-01 1.9369894118e-05 
6.7401834149e-01 3.3919264378e-05 
6.7409744550e-01 5.0943479954e-05 
6.7417310433e-01 6.2657113490e-05 
6.7426389494e-01 7.0327779201e-05 
6.7437284366e-01 7.3858184787e-05 
6.7450358213e-01 7.4744448854e-05 
6.7465250219e-01 7.4586348070e-05 
6.7483120626e-01 7.4311582027e-05 
6.7504565115e-01 7.4177570584e-05 
6.7530298501e-01 7.4152089807e-05 
6.7561178565e-01 7.4159576021e-05 
6.7598234642e-01 7.4165647684e-05 
6.7642701934e-01 7.4166689611e-05 
6.7696062684e-01 7.4166080421e-05 
6.7760095584e-01 7.4165403393e-05 
6.7836935065e-01 7.4164760048e-05 
6.7929142441e-01 7.4164017897e-05 
6.8039791293e-01 7.4163117689e-05 
6.8172569915e-01 7.4162027054e-05 
6.8331904261e-01 7.4160705759e-05 
6.8523105477e-01 7.4159102112e-05 
6.8752546936e-01 7.4157151185e-05 
6.9027876687e-01 7.4154771175e-05 
6.9358272388e-01 7.4151857747e-05 
6.9754747229e-01 7.4148274925e-05 
7.0230517038e-01 7.4143853104e-05 
7.0801440809e-01 7.4138363551e-05 
7.1486549335e-01 7.4131492656e-05 
7.2308679565e-01 7.4122830997e-05 
7.3295235842e-01 7.4111819162e-05 
7.4479103374e-01 7.4097664712e-05 
7.5899744412e-01 7.4079274792e-05 
7.7604513658e-01 7.4055074894e-05 
7.9650236754e-01 7.4022861882e-05 
8.2105104468e-01 7.3979439552e-05 
8.5050945725e-01 7.3920026325e-05 
8.8553154803e-01 7.3838595041e-05 
9.2227334140e-01 7.3740509584e-05 
9.5962904889e-01 7.3628509665e-05 
9.9762024893e-01 7.3505198556e-05 
1.0365895821e+00 7.3378591802e-05 
1.0777864113e+00 7.3264645834e-05 
1.1245170941e+00 7.3189289940e-05 
1.1805939134e+00 7.3193230864e-05 
1.2478860966e+00 7.3295095501e-05 
1.3286367165e+00 7.3404863235e-05 
1.4255374603e+00 7.3205840911e-05 
1.5418183528e+00 7.1991552817e-05 
1.6813554239e+00 6.8621894424e-05 
1.8487999092e+00 6.2470457957e-05 
1.9955701086e+00 5.7531017298e-05 
2.0782376194e+00 5.5694301588e-05 
2.1416197580e+00 5.4764227223e-05 
2.2024499518e+00 5.4193416038e-05 
2.2594157329e+00 5.3894831689e-05 
2.3110807429e+00 5.3794868475e-05 
2.3590624489e+00 5.3835610460e-05 
2.4049696131e+00 5.3990403249e-05 
2.4495199016e+00 5.4248964136e-05 
2.4938503633e+00 5.4616028853e-05 
2.5377277829e+00 5.5092864695e-05 
2.5806073990e+00 5.5675627194e-05 
2.6224588286e+00 5.6364459507e-05 
2.6634830443e+00 5.7164109979e-05 
2.7038536232e+00 5.8080508464e-05 
2.7436920054e+00 5.9119410235e-05 
2.7831306750e+00 6.0286950596e-05 
2.8223597461e+00 6.1591187206e-05 
2.8615950854e+00 6.3041636816e-05 
2.9009865846e+00 6.4645648319e-05 
2.9406684850e+00 6.6409574418e-05 
2.9808287717e+00 6.8342236103e-05 
3.0000000000e+00 6.9315675447e-05 
3.0000000000e+00 7.0144527284e-05 
3.0000000000e+00 7.1165474720e-05 
3.0000000000e+00 7.2120312558e-05 
3.0000000000e+00 7.3283007346e-05 
3.0000000000e+00 7.4684307566e-05 
3.0000000000e+00 7.6310298181e-05 
3.0000000000e+00 7.7981422793e-05 
3.0000000000e+00 7.9272726965e-05 
3.0000000000e+00 7.9906010850e-05 
3.0000000000e+00 7.9949603757e-05 
2.9736286559e+00 7.8968536267e-05 
2.9419830430e+00 7.7258686283e-05 
2.9107923049e+00 7.5336343202e-05 
2.8733634191e+00 7.3028067977e-05 
2.8284487562e+00 7.0410700565e-05 
2.7745511607e+00 6.7535268631e-05 
2.7098740460e+00 6.4477800700e-05 
2.6383375838e+00 6.1604937144e-05 
2.5649533278e+00 5.9206319603e-05 
2.4903859602e+00 5.7300157602e-05 
2.4141264633e+00 5.5842585251e-05 
2.3357073788e+00 5.4794229813e-05 
2.2545408441e+00 5.4133073808e-05 
2.1702394462e+00 5.3872334181e-05 
2.0805441779e+00 5.4092101897e-05 
1.9824501455e+00 5.5053896424e-05 
1.8730011374e+00 5.7396631622e-05 
1.7483359720e+00 6.2048102789e-05 
1.6120033869e+00 6.8104808704e-05 
1.5358566455e+00 7.0869047379e-05 
1.4869703717e+00 7.2200855509e-05 
1.4404109921e+00 7.3120057815e-05 
1.3920223372e+00 7.3729890838e-05 
1.3476101218e+00 7.4014699490e-05 
1.3082325810e+00 7.4083897256e-05 
1.2708088783e+00 7.4025112659e-05 
1.2335036800e+00 7.3881975621e-05 
1.1967532795e+00 7.3696924124e-05 
1.1617426124e+00 7.3518736309e-05 
1.1290374622e+00 7.3385992819e-05 
1.0987954905e+00 7.3319193084e-05 
1.0710873165e+00 7.3317458286e-05 
1.0458588371e+00 7.3360855809e-05 
1.0231083668e+00 7.3423503126e-05 
1.0039164289e+00 7.3484112367e-05 
9.8716018308e-01 7.3538656955e-05 
9.7033651907e-01 7.3593053171e-05 
9.5206229152e-01 7.3650573592e-05 
9.3325809493e-01 7.3707240906e-05 
9.1501832120e-01 7.3759277002e-05 
8.9704757623e-01 7.3807672664e-05 
8.7890837137e-01 7.3853402641e-05 
8.6058760895e-01 7.3896336900e-05 
8.4219567048e-01 7.3936175511e-05 
8.2367369074e-01 7.3973062890e-05 
8.0467254579e-01 7.4007608343e-05 
7.8422471686e-01 7.4041263784e-05 
7.6003219447e-01 7.4076552263e-05 
7.3100116760e-01 7.4112772755e-05 
6.9616393535e-01 7.4148301300e-05 
6.5435925666e-01 7.4181630515e-05 
6.0419364222e-01 7.4213870218e-05 
5.4399490490e-01 7.4256326172e-05 
4.7175642011e-01 7.4014290711e-05 
3.8569815385e-01 7.3753467881e-05 
2.9131841757e-01 7.3612895112e-05 
2.0727345277e-01 7.3540734549e-05 
1.4561187277e-01 7.3489937147e-05 
9.4037350612e-02 7.3434253139e-05 
4.7453831908e-02 7.3351777143e-05 
2.9844760164e-03 7.3209541926e-05 
-4.3812559761e-02 7.2955359214e-05 
-9.9969002695e-02 7.2498006330e-05 
-1.6735673421e-01 7.1782198749e-05 
-2.4822201204e-01 7.0792292318e-05 
-3.4526034543e-01 6.9546357692e-05 
-4.6170634549e-01 6.8082471123e-05 
-6.0144154557e-01 6.6449944561e-05 
-7.6912378567e-01 6.4699626974e-05 
-9.7034247378e-01 6.2877382903e-05 
-1.0000000000e+00 6.2630900650e-05 
