EXPORTED XY-GRAPH DATA
175 2 2
Transient time
ASPLIT_p_src
1.0000000000e-11 1.2295372327e+13 
2.0000000000e-11 1.2295372327e+13 
3.0000000000e-11 1.2295372327e+13 
4.2000000000e-11 1.2295372327e+13 
5.6400000000e-11 1.2295372327e+13 
7.3680000000e-11 1.2295372327e+13 
9.4416000000e-11 1.2295372327e+13 
1.1929920000e-10 1.2295372327e+13 
1.4915904000e-10 1.2295372327e+13 
1.8499084800e-10 1.2295372327e+13 
2.2798901760e-10 1.2295372327e+13 
2.7958682112e-10 1.2295372327e+13 
3.4150418534e-10 1.2295372327e+13 
4.1580502241e-10 1.2295372327e+13 
5.0496602690e-10 1.2295372327e+13 
6.1195923227e-10 1.2295372327e+13 
7.4035107873e-10 1.2295372327e+13 
8.9442129448e-10 1.2295372327e+13 
1.0000000000e-09 1.2295372327e+13 
1.1266944466e-09 1.1857578038e+13 
1.2224629611e-09 1.1487694278e+13 
1.3187864343e-09 1.1136646215e+13 
1.4343746023e-09 1.0729800513e+13 
1.5730804038e-09 1.0258153435e+13 
1.7395273657e-09 9.7154424732e+12 
1.9392637199e-09 9.0965436268e+12 
2.1789473450e-09 8.3983882907e+12 
2.4665676950e-09 7.6213149785e+12 
2.8117121151e-09 6.7707051286e+12 
3.2258854192e-09 5.8589257152e+12 
3.7228933841e-09 4.9075329556e+12 
4.3193029420e-09 3.9502688155e+12 
4.9271131445e-09 3.1633859211e+12 
5.4747341482e-09 2.6235830282e+12 
5.9643285634e-09 2.3393827265e+12 
6.4169829897e-09 2.4220403108e+12 
6.8552937733e-09 3.2377265064e+12 
7.3062640356e-09 5.9336344170e+12 
7.7888903281e-09 1.4565698058e+13 
8.3030175238e-09 4.4006977799e+13 
8.8042384384e-09 1.3756350847e+14 
9.2568002858e-09 3.8926893030e+14 
9.6522145832e-09 9.5263672392e+14 
1.0000000000e-08 2.0348815597e+15 
1.0355985144e-08 2.2205803480e+15 
1.0569708660e-08 2.2006595305e+15 
1.0792496575e-08 2.1911211150e+15 
1.1059842072e-08 2.1908999251e+15 
1.1380656670e-08 2.1930073810e+15 
1.1765634187e-08 2.1952582389e+15 
1.2227607207e-08 2.1977375440e+15 
1.2781974832e-08 2.2006915068e+15 
1.3447215981e-08 2.2042460860e+15 
1.4245505360e-08 2.2085160607e+15 
1.5203452615e-08 2.2136439577e+15 
1.6352989321e-08 2.2198034668e+15 
1.7732433368e-08 2.2272036925e+15 
1.9387766225e-08 2.2360965474e+15 
2.1374165653e-08 2.2467858927e+15 
2.3757844966e-08 2.2596385710e+15 
2.6618260142e-08 2.2750978599e+15 
3.0050758354e-08 2.2936999159e+15 
3.4169756207e-08 2.3160938758e+15 
3.9112553632e-08 2.3430663931e+15 
4.5043910541e-08 2.3755714818e+15 
5.2161538832e-08 2.4147665582e+15 
6.0702692782e-08 2.4620556051e+15 
7.0952077521e-08 2.5191383608e+15 
8.3251339208e-08 2.5880670044e+15 
9.8010453233e-08 2.6713029080e+15 
1.1572139006e-07 2.7717651079e+15 
1.3697451426e-07 2.8928487876e+15 
1.6247826329e-07 3.0383727079e+15 
1.9308276213e-07 3.2123815837e+15 
2.2980816074e-07 3.4186793178e+15 
2.5184339991e-07 3.5403459327e+15 
2.7828568691e-07 3.6835230474e+15 
3.1001643131e-07 3.8503483164e+15 
3.2905487795e-07 3.9473866702e+15 
3.5190101391e-07 4.0604331683e+15 
3.7931637707e-07 4.1907485314e+15 
4.1221481287e-07 4.3387597839e+15 
4.3195387434e-07 4.4228594747e+15 
4.5564074811e-07 4.5188992908e+15 
4.8406499664e-07 4.6268989332e+15 
5.1817409487e-07 4.7457705937e+15 
5.5910501274e-07 4.8726767883e+15 
5.8366356347e-07 4.9404377140e+15 
6.1313382434e-07 5.0135223943e+15 
6.4849813738e-07 5.0895932351e+15 
6.9093531304e-07 5.1645842223e+15 
7.4185992382e-07 5.2321361557e+15 
8.0296945676e-07 5.2830299263e+15 
8.7630089629e-07 5.3048465122e+15 
9.6429862373e-07 5.2821674535e+15 
1.0698958966e-06 5.1977296182e+15 
1.1332542604e-06 5.1226117463e+15 
1.2092842969e-06 5.0140417689e+15 
1.3005203407e-06 4.8639877486e+15 
1.3552619670e-06 4.7661777003e+15 
1.4209519185e-06 4.6435455172e+15 
1.4603658895e-06 4.5679631440e+15 
1.5076626546e-06 4.4759898390e+15 
1.5644187727e-06 4.3646023027e+15 
1.6325261145e-06 4.2306273972e+15 
1.6733905195e-06 4.1505242570e+15 
1.7224278056e-06 4.0551019849e+15 
1.7812725488e-06 3.9420823065e+15 
1.8165793948e-06 3.8752205272e+15 
1.8589476100e-06 3.7960926380e+15 
1.9097894682e-06 3.7029157494e+15 
1.9707996980e-06 3.5939011923e+15 
2.0074058359e-06 3.5300347407e+15 
2.0513332014e-06 3.4549980992e+15 
2.1040460399e-06 3.3673363203e+15 
2.1673014462e-06 3.2656465403e+15 
2.2052546900e-06 3.2064772295e+15 
2.2507985825e-06 3.1373108750e+15 
2.3054512536e-06 3.0569515814e+15 
2.3382428562e-06 3.0101043532e+15 
2.3775927793e-06 2.9552298565e+15 
2.4248126871e-06 2.8912891370e+15 
2.4814765764e-06 2.8172552404e+15 
2.5154749100e-06 2.7742144992e+15 
2.5562729103e-06 2.7239018965e+15 
2.6052305107e-06 2.6654072820e+15 
2.6639796312e-06 2.5978406862e+15 
2.6992291034e-06 2.5586348549e+15 
2.7415284702e-06 2.5128691217e+15 
2.7922877102e-06 2.4597401740e+15 
2.8531987983e-06 2.3984672515e+15 
2.8897454512e-06 2.3629570290e+15 
2.9336014346e-06 2.3215414267e+15 
2.9862286147e-06 2.2735056665e+15 
3.0493812308e-06 2.2181564901e+15 
3.0872728005e-06 2.1861011674e+15 
3.1327426841e-06 2.1487322675e+15 
3.1873065445e-06 2.1054083655e+15 
3.2527831769e-06 2.0555072510e+15 
3.2920691563e-06 2.0266144229e+15 
3.3392123316e-06 1.9929375032e+15 
3.3957841420e-06 1.9538957238e+15 
3.4636703145e-06 1.9089256899e+15 
3.5044020180e-06 1.8828859836e+15 
3.5532800622e-06 1.8525320877e+15 
3.6119337152e-06 1.8173347097e+15 
3.6823180988e-06 1.7767798878e+15 
3.7245487290e-06 1.7532893996e+15 
3.7752254852e-06 1.7258994613e+15 
3.8360375926e-06 1.6941260663e+15 
3.9090121216e-06 1.6574973079e+15 
3.9527968389e-06 1.6362707217e+15 
4.0053384998e-06 1.6115101176e+15 
4.0683884928e-06 1.5827717918e+15 
4.1440484844e-06 1.5496201886e+15 
4.1894444793e-06 1.5303973233e+15 
4.2439196733e-06 1.5079625905e+15 
4.3092899060e-06 1.4819081788e+15 
4.3877341853e-06 1.4518304601e+15 
4.4348007529e-06 1.4343785564e+15 
4.4912806340e-06 1.4139992539e+15 
4.5590564913e-06 1.3903166641e+15 
4.6403875201e-06 1.3629555836e+15 
4.6891861373e-06 1.3470689992e+15 
4.7477444781e-06 1.3285067792e+15 
4.8180144869e-06 1.3069214423e+15 
4.9023384975e-06 1.2819633596e+15 
4.9529329039e-06 1.2674618597e+15 
5.0136461916e-06 1.2505081084e+15 
5.0865021368e-06 1.2307799779e+15 
5.1739292710e-06 1.2079510162e+15 
5.2263855515e-06 1.1946773647e+15 
5.2893330882e-06 1.1791501950e+15 
5.3648701321e-06 1.1610701211e+15 
5.4555145849e-06 1.1401318056e+15 
