EXPORTED XY-GRAPH DATA
300 2 2
Transient time
ASPLIT_p_src
1.0000000000e-11 1.2295308627e+13 
2.0000000000e-11 1.2295308627e+13 
3.0000000000e-11 1.2295308627e+13 
4.2000000000e-11 1.2295308627e+13 
5.6400000000e-11 1.2295308627e+13 
7.3680000000e-11 1.2295308627e+13 
9.4416000000e-11 1.2295308627e+13 
1.1929920000e-10 1.2295308627e+13 
1.4915904000e-10 1.2295308627e+13 
1.8499084800e-10 1.2295308627e+13 
2.2798901760e-10 1.2295308627e+13 
2.7958682112e-10 1.2295308627e+13 
3.4150418534e-10 1.2295308627e+13 
4.1580502241e-10 1.2295308627e+13 
5.0496602690e-10 1.2295308627e+13 
6.1195923227e-10 1.2295308627e+13 
7.4035107873e-10 1.2295308627e+13 
8.9442129448e-10 1.2295308627e+13 
1.0000000000e-09 1.2295308627e+13 
1.1266944466e-09 1.1857513234e+13 
1.2224629611e-09 1.1487628046e+13 
1.3187864343e-09 1.1136577786e+13 
1.4343746023e-09 1.0729728218e+13 
1.5730804038e-09 1.0258074263e+13 
1.7395273657e-09 9.7153507007e+12 
1.9392637199e-09 9.0964277254e+12 
2.1789473450e-09 8.3982232324e+12 
2.4665676950e-09 7.6210411508e+12 
2.8117121151e-09 6.7701647073e+12 
3.2258854192e-09 5.8576545587e+12 
3.7228933841e-09 4.9041319660e+12 
4.3193029420e-09 3.9416646343e+12 
4.9271149837e-09 3.1492467177e+12 
5.4747346958e-09 2.6070652829e+12 
5.9643213244e-09 2.3212028454e+12 
6.4169679205e-09 2.3989203954e+12 
6.8552744626e-09 3.1983479616e+12 
7.3062501727e-09 5.8398947672e+12 
7.7889280334e-09 1.4270962155e+13 
8.3034445567e-09 4.2915756493e+13 
8.8066601503e-09 1.3386352049e+14 
9.2617300682e-09 3.7749904930e+14 
9.6603516174e-09 9.1800040667e+14 
1.0000000000e-08 1.8908477005e+15 
1.0362457771e-08 2.0150566957e+15 
1.0575656244e-08 1.9650654127e+15 
1.0791925958e-08 1.9267974851e+15 
1.1051449615e-08 1.8923729319e+15 
1.1362878003e-08 1.8544935484e+15 
1.1736592069e-08 1.8105574214e+15 
1.2185048948e-08 1.7600907681e+15 
1.2723197204e-08 1.7028153580e+15 
1.3368975110e-08 1.6384571053e+15 
1.4143908597e-08 1.5669063462e+15 
1.5073828782e-08 1.4883081501e+15 
1.6189733003e-08 1.4031120063e+15 
1.7528818069e-08 1.3121039800e+15 
1.9135720149e-08 1.2164127524e+15 
2.1064002644e-08 1.1174800139e+15 
2.3377941638e-08 1.0169918667e+15 
2.6154668431e-08 9.1677528199e+14 
2.9486740583e-08 8.1867133825e+14 
3.3485227165e-08 7.2440289799e+14 
3.8283411063e-08 6.3545637064e+14 
4.4041231741e-08 5.5299437078e+14 
5.0950616554e-08 4.7780926884e+14 
5.9241878331e-08 4.1031907143e+14 
6.9191392462e-08 3.5059942199e+14 
8.1130809420e-08 2.9844064082e+14 
9.5458109769e-08 2.5341725126e+14 
1.1265087019e-07 2.1495886124e+14 
1.3328218269e-07 1.8241428964e+14 
1.5803975770e-07 1.5510431675e+14 
1.8774884770e-07 1.3236100918e+14 
2.2339975570e-07 1.1355608818e+14 
2.6618084531e-07 9.8116603148e+13 
3.1751815284e-07 8.5532938706e+13 
3.7912292187e-07 7.5360213942e+13 
4.5304864471e-07 6.7214771167e+13 
5.4175951212e-07 6.0766830740e+13 
6.4821255301e-07 5.5729764029e+13 
7.7595620208e-07 5.1845545459e+13 
9.2924858096e-07 4.8864874037e+13 
1.1131994356e-06 4.6518304656e+13 
1.3339404612e-06 4.4470916663e+13 
1.5988296919e-06 4.2250838531e+13 
1.9166967688e-06 3.9173633022e+13 
2.2981372610e-06 3.4449357099e+13 
2.7558658516e-06 2.7824362789e+13 
3.3051401604e-06 2.0332779104e+13 
3.9642693310e-06 1.3684463189e+13 
4.7552243356e-06 8.8341437310e+12 
5.7043703412e-06 5.6903186673e+12 
6.8433455479e-06 3.7402570297e+12 
8.2101157960e-06 2.5218071163e+12 
9.8502400936e-06 1.7373717984e+12 
1.1818389251e-05 1.2161529249e+12 
1.4180168239e-05 8.6105823300e+11 
1.7014303026e-05 6.1466115904e+11 
2.0415264769e-05 4.4133977539e+11 
2.4496418862e-05 3.1817559913e+11 
2.9393803773e-05 2.2999841545e+11 
3.5270665666e-05 1.6653126313e+11 
4.2322899937e-05 1.2068007000e+11 
5.0785581063e-05 8.7474453356e+10 
6.0940798414e-05 6.3391740728e+10 
7.3127059236e-05 4.5913373790e+10 
8.7750572221e-05 3.3226863105e+10 
1.0529878780e-04 2.4021668394e+10 
1.2635664650e-04 1.7347128625e+10 
1.5162607694e-04 1.2512173975e+10 
1.8194939347e-04 9.0137145307e+09 
2.1833737330e-04 6.4854202776e+09 
2.6200294910e-04 4.6606165839e+09 
3.1440164006e-04 3.3453037066e+09 
3.7728006921e-04 2.3984855267e+09 
4.5273418419e-04 1.7178095956e+09 
5.4327912217e-04 1.2290773932e+09 
6.5193304774e-04 8.7857895043e+08 
7.8231775842e-04 6.2749531943e+08 
9.3877941125e-04 4.4781393532e+08 
1.1265333946e-03 3.1935158117e+08 
1.3518381747e-03 2.2758757305e+08 
1.6222039108e-03 1.6209009259e+08 
1.9466427941e-03 1.1537459770e+08 
2.3359694540e-03 8.2077590961e+07 
2.8031614460e-03 5.8359703893e+07 
3.3637918363e-03 4.1475247472e+07 
4.0365483047e-03 2.9462347085e+07 
4.8438560668e-03 2.0920250589e+07 
5.8126253813e-03 1.4849518776e+07 
6.9751485587e-03 1.0537490220e+07 
8.3701763715e-03 7.4762892818e+06 
1.0000000000e-02 5.3493707047e+06 
1.0000000010e-02 3.3336337175e+10 
1.0000000022e-02 9.1284212939e+10 
1.0000000036e-02 1.6307266025e+11 
1.0000000054e-02 2.2795023072e+11 
1.0000000074e-02 2.7493587763e+11 
1.0000000099e-02 3.0397763534e+11 
1.0000000129e-02 3.1953295911e+11 
1.0000000165e-02 3.2651772390e+11 
1.0000000208e-02 3.2892810732e+11 
1.0000000260e-02 3.2942069202e+11 
1.0000000322e-02 3.2935249597e+11 
1.0000000396e-02 3.2917091456e+11 
1.0000000485e-02 3.2889160276e+11 
1.0000000592e-02 3.2842971376e+11 
1.0000000720e-02 3.2773231236e+11 
1.0000000874e-02 3.2678557365e+11 
1.0000001059e-02 3.2558273019e+11 
1.0000001281e-02 3.2409823721e+11 
1.0000001547e-02 3.2227778003e+11 
1.0000001867e-02 3.2003766399e+11 
1.0000002250e-02 3.1726470281e+11 
1.0000002710e-02 3.1381128849e+11 
1.0000003262e-02 3.0948415502e+11 
1.0000003925e-02 3.0402700503e+11 
1.0000004720e-02 2.9709649611e+11 
1.0000005674e-02 2.8822977983e+11 
1.0000006819e-02 2.7680157778e+11 
1.0000008192e-02 2.6197066509e+11 
1.0000009841e-02 2.4263657317e+11 
1.0000011819e-02 2.1747347567e+11 
1.0000014193e-02 1.8524174145e+11 
1.0000016445e-02 1.5379605165e+11 
1.0000018387e-02 1.2737744459e+11 
1.0000020145e-02 1.0513112644e+11 
1.0000021816e-02 8.6155895810e+10 
1.0000023414e-02 7.0372972038e+10 
1.0000024936e-02 5.7713886652e+10 
1.0000026396e-02 4.7852267534e+10 
1.0000027813e-02 4.0329763778e+10 
1.0000029198e-02 3.4711155592e+10 
1.0000030556e-02 3.0565245892e+10 
1.0000031896e-02 2.7490624750e+10 
1.0000033231e-02 2.5167386938e+10 
1.0000034576e-02 2.3367384318e+10 
1.0000035945e-02 2.1936107011e+10 
1.0000037354e-02 2.0767330418e+10 
1.0000038821e-02 1.9787469193e+10 
1.0000040369e-02 1.8944862040e+10 
1.0000042020e-02 1.8205163755e+10 
1.0000043792e-02 1.7547400394e+10 
1.0000045697e-02 1.6959023159e+10 
1.0000047739e-02 1.6432530200e+10 
1.0000049922e-02 1.5960435680e+10 
1.0000052239e-02 1.5534469666e+10 
1.0000054695e-02 1.5142404854e+10 
1.0000057278e-02 1.4776221435e+10 
1.0000059949e-02 1.4440723453e+10 
1.0000062732e-02 1.4123263474e+10 
1.0000065618e-02 1.3821015986e+10 
1.0000068549e-02 1.3531464073e+10 
1.0000071572e-02 1.3245230939e+10 
1.0000074694e-02 1.2954805193e+10 
1.0000077896e-02 1.2657711552e+10 
1.0000081143e-02 1.2350016724e+10 
1.0000084513e-02 1.2018106812e+10 
1.0000087951e-02 1.1665299383e+10 
1.0000091402e-02 1.1300057487e+10 
1.0000094989e-02 1.0904291829e+10 
1.0000098649e-02 1.0487391579e+10 
1.0000100000e-02 1.0354613772e+10 
1.0000101621e-02 9.8846939820e+07 
1.0000103567e-02 1.1650319853e+08 
1.0000105696e-02 1.3143560757e+08 
1.0000108252e-02 1.2808857244e+08 
1.0000111318e-02 1.2480925047e+08 
1.0000114997e-02 1.2195344121e+08 
1.0000119413e-02 1.1950977438e+08 
1.0000124711e-02 1.1741629864e+08 
1.0000131070e-02 1.1561785914e+08 
1.0000138700e-02 1.1406419003e+08 
1.0000147855e-02 1.1270615151e+08 
1.0000158842e-02 1.1149343918e+08 
1.0000172027e-02 1.1037037768e+08 
1.0000187848e-02 1.0926919552e+08 
1.0000206834e-02 1.0809874526e+08 
1.0000229616e-02 1.0672645605e+08 
1.0000256956e-02 1.0494905617e+08 
1.0000289763e-02 1.0244910142e+08 
1.0000329131e-02 9.8743244324e+07 
1.0000376373e-02 9.3163842857e+07 
1.0000433064e-02 8.5009462552e+07 
1.0000467078e-02 7.9635443750e+07 
1.0000507895e-02 7.3005766558e+07 
1.0000556876e-02 6.5350851956e+07 
1.0000615653e-02 5.7315851617e+07 
1.0000686185e-02 4.9900613644e+07 
1.0000728504e-02 4.6724286145e+07 
1.0000779287e-02 4.3920415923e+07 
1.0000840227e-02 4.1655007356e+07 
1.0000913355e-02 4.0017310973e+07 
1.0001001108e-02 3.8987041517e+07 
1.0001053760e-02 3.8692379000e+07 
1.0001116943e-02 3.8496957660e+07 
1.0001192761e-02 3.8366970773e+07 
1.0001283744e-02 3.8272204862e+07 
1.0001392923e-02 3.8178204522e+07 
1.0001523938e-02 3.8151919228e+07 
1.0001602547e-02 3.8155107225e+07 
1.0001696878e-02 3.8161264129e+07 
1.0001810075e-02 3.8166397939e+07 
1.0001945911e-02 3.8169381764e+07 
1.0002108915e-02 3.8170295983e+07 
1.0002304519e-02 3.8170291146e+07 
1.0002539244e-02 3.8170317163e+07 
1.0002820914e-02 3.8170763242e+07 
1.0003158918e-02 3.8171717408e+07 
1.0003564523e-02 3.8172603751e+07 
1.0004051249e-02 3.8173198694e+07 
1.0004635321e-02 3.8173420491e+07 
1.0005336206e-02 3.8173527264e+07 
1.0006177269e-02 3.8173565278e+07 
1.0007186544e-02 3.8173432363e+07 
1.0008397674e-02 3.8173627320e+07 
1.0009851030e-02 3.8173786896e+07 
1.0011595057e-02 3.8173881304e+07 
1.0013687890e-02 3.8173884975e+07 
1.0016199290e-02 3.8174114406e+07 
1.0019212969e-02 3.8174264690e+07 
1.0022829384e-02 3.8174462224e+07 
1.0027169082e-02 3.8174752021e+07 
1.0032376720e-02 3.8175102292e+07 
1.0038625886e-02 3.8175441331e+07 
1.0046124884e-02 3.8175999797e+07 
1.0055123682e-02 3.8176470812e+07 
1.0065922240e-02 3.8177189157e+07 
1.0078880509e-02 3.8177985930e+07 
1.0094430433e-02 3.8178980138e+07 
1.0113090340e-02 3.8180125906e+07 
1.0135482230e-02 3.8181391773e+07 
1.0162352497e-02 3.8183045280e+07 
1.0194596818e-02 3.8184902803e+07 
1.0233290003e-02 3.8187419123e+07 
1.0279721825e-02 3.8190211678e+07 
1.0335440011e-02 3.8193705601e+07 
1.0402301835e-02 3.8197751451e+07 
1.0482536023e-02 3.8202685537e+07 
1.0578817049e-02 3.8208648452e+07 
1.0694354280e-02 3.8215683121e+07 
1.0832998957e-02 3.8224281376e+07 
1.0999372570e-02 3.8234600675e+07 
1.1199020905e-02 3.8246941192e+07 
1.1438598908e-02 3.8261749126e+07 
1.1726092511e-02 3.8279706888e+07 
1.1898588672e-02 3.8290277983e+07 
1.2105584066e-02 3.8303350380e+07 
1.2353978539e-02 3.8318880823e+07 
1.2652051907e-02 3.8337571581e+07 
1.3009739948e-02 3.8359963984e+07 
1.3438965597e-02 3.8386671867e+07 
1.3954036376e-02 3.8418688364e+07 
1.4572121311e-02 3.8457541989e+07 
1.5313823233e-02 3.8504175136e+07 
1.6203865539e-02 3.8560665081e+07 
1.7271916306e-02 3.8628848251e+07 
1.8553577227e-02 3.8712602392e+07 
2.0000000000e-02 3.8806022110e+07 
